1     41     10     290.084     1.79588     4.88731
2     30     10     191.024     4.80923     4.03241
3     9     12     92.028     3.11878     4.96132
4     9     11     222.86     4.74599     4.6569
5     16     5     104.06     4.22549     2.69242
6     36     1     93.868     4.57765     4.46287
7     14     13     190.12     3.21908     4.18668
8     41     7     78.74     4.04924     4.31951
9     45     12     185.896     4.19633     4.26855
10     20     1     62.772     3.65606     2.55005
11     44     2     250.312     3.80859     2.77978
12     23     3     43.128     4.54839     2.63672
13     47     14     268.408     4.50961     3.69121
14     46     14     68.644     3.62348     3.73821
15     29     8     104.48     1.99081     4.5259
16     43     11     183.896     4.80442     4.01997
17     8     2     141.348     2.80517     3.59577
18     11     4     26.096     4.50737     4.29662
19     17     13     172.992     2.17667     2.55074
20     23     2     58.224     3.79556     4.48714
21     26     7     194.572     2.49947     4.23963
22     44     1     265.408     1.721     2.88224
23     42     11     245.796     2.52243     3.38389
24     12     1     112.64     4.85441     3.22481
25     36     8     58.644     2.72282     2.56455
26     11     12     68.868     4.00085     4.60234
27     32     14     125.092     2.3667     3.52039
28     34     12     222.7     2.10543     4.15151
29     16     13     33.612     2.25678     3.75965
30     47     6     260.86     2.34394     2.5766
31     44     2     255.344     2.66834     3.48369
32     43     10     103.384     1.90291     4.97925
33     47     11     94.804     3.4718     2.82342
34     35     9     118.028     1.94595     4.50041
35     8     5     13.032     2.94382     4.38803
36     8     13     186.636     2.268     3.77651
37     35     11     102.932     2.26469     3.62644
38     39     3     192.476     1.63768     4.20637
39     21     1     58.74     1.70466     4.5011
40     41     1     166.8     3.82621     3.0311
41     27     5     172.928     2.49615     2.97395
42     44     12     81.74     4.82397     3.22741
43     27     11     235.828     3.89521     3.30615
44     17     2     142.8     3.24514     3.71197
45     41     4     277.504     2.42833     4.66834
46     12     14     173.024     2.41957     4.85939
47     43     13     93.32     3.82963     3.06497
48     31     15     134.156     4.17186     4.33203
49     38     13     264.44     2.16214     3.57112
50     22     11     92.448     4.78808     3.22291
51     23     8     181.508     3.12989     2.88026
52     12     5     243.472     3.67037     2.51053
53     35     8     246.344     4.07488     4.66651
54     37     7     152.736     3.67849     4.82673
55     8     4     186.636     4.16311     2.75773
56     19     15     159.896     3.15926     4.03615
57     25     8     168.412     2.75764     4.62279
58     41     1     219.636     4.16332     2.62955
59     37     7     203.056     3.47896     2.66915
60     11     4     76.416     1.84918     4.42846
61     9     9     97.06     2.953     3.35551
62     36     9     209.604     4.07562     2.60277
63     25     9     266.536     2.74706     4.11458
64     29     5     237.828     4.1802     3.00119
65     35     15     163.316     2.49242     3.08992
66     45     10     221.12     4.94681     2.79313
67     37     14     260.924     2.19504     4.18477
68     12     3     251.02     2.75924     4.42465
69     10     4     178.572     3.2336     4.92317
70     15     7     128.22     1.94371     4.88502
71     33     4     50.612     4.54529     4.62386
72     39     1     257.892     3.29791     2.78779
73     22     13     97.48     4.4984     2.88682
74     26     12     46.128     1.80709     3.26273
75     15     11     95.512     4.953     3.39183
76     32     8     92.384     4.04967     3.16126
77     32     1     260.956     3.5094     3.00989
78     39     5     44.032     2.28776     4.07376
79     15     10     236.408     1.94328     3.72707
80     23     7     156.348     3.24749     3.15966
81     16     4     41.16     2.82878     4.88083
82     39     6     288.084     3.08513     4.29037
83     18     6     163.928     4.84928     3.20864
84     23     14     38.096     3.04155     4.50392
85     33     12     176.412     3.79481     3.20986
86     19     11     71.836     2.78423     3.27273
87     34     1     132.124     2.74866     2.81892
88     31     10     119.06     2.93623     4.58388
89     26     15     214.7     3.45941     4.39222
90     37     2     213.12     2.79331     4.33119
91     40     15     90.32     3.40226     3.50635
92     40     5     233.732     3.72816     3.02087
93     30     1     258.956     2.02617     3.06986
94     37     9     268.472     4.28167     3.78872
95     20     14     186.056     2.19066     2.7472
96     37     1     175.38     4.44307     3.23031
97     28     4     93.416     3.28755     3.69465
98     28     14     118.576     1.61621     2.54357
99     47     4     235.7     3.55234     3.6092
100     37     2     135.124     2.77409     3.98389
101     39     10     179.896     4.56206     4.59021
102     35     14     110.48     3.80036     2.63153
103     35     2     211.12     3.92064     3.81291
104     9     9     195.184     2.5188     3.47224
105     22     11     72.32     4.13234     4.51483
106     12     2     100.06     3.41017     3.78895
107     32     6     195.54     2.66172     4.79484
108     12     9     115.156     3.51656     3.36756
109     35     12     274.02     1.68223     4.22399
110     47     3     228.152     1.53269     2.51434
111     15     2     37.644     2.51164     3.26983
112     45     13     251.312     2.0862     2.88591
113     40     10     57.612     2.23478     3.03255
114     20     11     95.48     4.70338     3.63186
115     27     15     27     3.01431     2.79366
116     46     11     201.992     1.96379     2.84982
117     12     3     32.128     2.58898     2.87759
118     31     8     66.224     4.34288     4.35316
119     18     6     216.764     4.45877     2.82525
120     23     13     184.024     4.23991     4.75082
121     33     13     259.44     2.25796     4.88075
122     22     14     99.996     1.69558     3.34002
123     23     12     80.868     4.81639     2.78954
124     27     13     213.184     4.29673     4.8117
125     8     2     151.412     3.90622     3.4106
126     35     12     190.992     4.76672     4.76722
127     11     12     224.86     3.6787     3.63956
128     33     1     80.804     2.74621     3.04933
129     18     7     103.544     3.2868     2.64542
130     16     13     91.48     4.25924     4.88441
131     30     15     236.312     2.69526     4.41931
132     10     13     153.412     2.36744     4.83718
133     32     7     117.544     3.67945     3.13555
134     21     3     262.536     2.01218     3.57898
135     9     12     159.96     2.51036     3.82595
136     9     2     107.124     1.54369     4.96735
137     43     7     211.572     2.32781     3.36581
138     27     4     57.192     4.43794     3.43867
139     22     13     268.568     3.20103     4.27282
140     13     12     136.284     1.70038     4.21354
141     12     12     64.836     4.87674     3.81825
142     43     2     75.708     1.95909     3.8139
143     29     1     179.96     4.71438     3.45111
144     24     15     101.996     4.24258     3.39343
145     28     7     176.444     4.80976     3.53427
146     15     4     118.156     4.44723     4.88021
147     32     2     160.316     3.80506     3.3932
148     10     15     238.956     3.99188     4.93118
149     36     3     264.956     4.8872     4.17753
150     15     12     57.772     3.15915     4.20072
151     31     5     217.184     4.97308     4.53459
152     45     13     163.252     3.62487     4.41977
153     21     14     232.344     3.583     4.09612
154     44     10     142.124     2.67486     3.2889
155     20     8     133.22     3.40088     4.77676
156     10     8     259.084     3.6097     4.6836
157     15     12     228.86     2.52243     4.8854
158     31     12     71.256     3.83561     4.17104
159     31     13     224.732     2.89094     3.54923
160     10     11     15.032     2.64441     4.84115
161     29     9     51.644     3.41989     2.95
162     41     1     194.476     4.18041     3.44836
163     9     12     49.256     2.30357     3.37268
164     37     3     286.084     1.59389     4.36728
165     15     7     198.668     1.5157     3.56693
166     44     3     167.284     1.884     3.8599
167     28     7     173.928     2.99423     3.92094
168     13     5     88.48     3.92737     4.65583
169     37     6     270.988     3.51463     4.94766
170     31     13     264.988     3.19483     3.34483
171     17     12     77.384     2.25059     3.58356
172     43     12     113.448     2.15616     3.08206
173     10     9     155.928     3.52222     4.80049
174     13     1     68.352     1.87161     4.10527
175     40     14     60.128     4.23104     3.5287
176     31     10     78.804     2.77131     4.56519
177     37     9     205.572     4.48334     4.39367
178     39     9     192.476     4.12166     4.16807
179     34     13     260.44     2.90098     4.26504
180     12     1     248.504     2.1803     3.13074
181     17     2     94.996     4.61899     2.61734
182     20     10     42.644     4.53771     3.94818
183     17     2     29.58     3.47137     4.70466
184     8     14     18.064     4.6458     3.47346
185     37     3     175.38     4.86402     2.54616
186     14     11     230.376     4.03578     2.8106
187     13     11     184.088     1.83551     3.72562
188     23     2     181.508     1.72185     2.51938
189     28     5     272.052     2.30474     3.00203
190     31     15     146.736     3.29299     3.13303
191     16     3     71.352     2.50694     4.23414
192     8     5     133.8     4.19237     3.48842
193     13     7     214.28     4.61653     2.6162
194     31     8     51.128     3.18426     4.36842
195     10     12     233.924     1.55704     4.72732
196     13     8     131.252     4.00812     4.95705
197     18     3     58.256     2.50053     3.89225
198     23     15     48.16     1.72047     4.60723
199     37     12     54.612     4.55191     3.35551
200     39     7     137.124     2.72442     4.92065
201     28     14     48.128     1.6223     4.76798
202     25     12     213.7     4.9859     4.64034
203     41     6     156.736     2.49028     4.48508
204     46     5     103.868     4.93847     4.85595
205     29     1     104.48     2.04871     2.67853
206     44     8     179.864     3.07509     4.52116
207     31     15     234.796     3.7414     2.76032
208     28     2     239.344     4.72709     3.78376
209     20     15     138.252     2.18532     3.61866
210     27     3     263.504     2.03119     2.62841
211     17     6     263.568     2.98184     4.66689
212     34     10     207.604     3.58396     4.83146
213     11     7     242.472     2.71406     3.70502
214     46     1     292.568     3.28317     4.72854
215     8     13     35.676     2.6332     2.59323
216     8     6     15.548     3.85751     4.29495
217     43     8     183.896     3.53087     3.23878
218     14     12     112.124     4.0831     3.03797
219     27     11     248.408     2.79994     3.89409
220     33     8     55.644     2.18778     3.202
221     21     4     68.804     4.18287     3.26846
222     21     10     189.572     4.9436     2.78603
223     46     10     209.54     1.70658     4.95216
224     11     9     66.352     3.94467     3.8741
225     26     9     254.956     4.30624     4.65194
226     18     5     88.448     3.07562     3.77728
227     16     11     83.932     3.13523     2.74094
228     26     15     237.344     2.66482     3.98923
229     11     7     124.22     4.06345     4.61921
230     32     3     208.12     3.32632     4.45372
231     18     15     138.768     2.86285     3.88768
232     21     7     46.16     4.98953     3.1444
233     16     1     119.156     4.58075     3.33476
234     47     3     280.988     4.61547     3.45775
235     46     5     169.284     3.09955     3.73501
236     46     13     156.704     3.10179     4.41794
237     12     2     84.964     4.88592     2.9603
238     40     10     85.288     3.87396     3.69449
239     44     6     144.64     2.42512     2.90399
240     38     9     60.644     3.1646     3.43219
241     39     8     227.7     2.34533     4.21705
242     45     3     72.676     3.48067     3.89401
243     37     7     230.732     3.2272     3.8567
244     45     2     77.708     4.75753     4.91592
245     26     9     121.608     3.60222     2.94824
246     29     2     232.796     4.70049     2.67441
247     27     5     268.536     1.63833     4.95834
248     45     9     117.964     4.81468     4.26687
249     13     6     80.932     4.01325     4.18172
250     35     13     40.032     4.62134     2.60376
251     15     9     32.612     1.97394     4.53993
252     23     14     231.828     1.56217     4.1142
253     27     7     59.708     2.08641     3.69243
254     39     10     89.32     3.59186     4.2629
255     25     12     138.22     3.16952     4.96094
256     36     5     101.416     1.95599     3.38092
257     28     4     131.156     3.41893     4.56496
258     34     15     76.772     2.15926     2.80778
259     26     10     197.088     2.7178     4.17142
260     28     8     83.352     4.61867     3.84678
261     8     5     33.16     3.63427     3.75561
262     30     4     279.084     1.50609     4.5323
263     44     9     71.676     4.10714     4.77508
264     25     14     274.084     3.77729     4.2101
265     10     9     201.216     2.81938     3.65574
266     42     1     104.9     3.88849     3.43005
267     8     3     239.472     3.25828     3.09114
268     43     9     123.512     3.70103     4.15098
269     33     1     80.804     2.46326     3.65345
270     9     15     54.288     2.57295     2.75796
271     13     14     103.576     2.96197     3.21741
272     45     1     281.504     1.63843     3.39312
273     47     1     145.124     2.39319     4.1966
274     19     8     182.54     3.27462     4.09772
275     47     9     52.032     2.81692     3.59226
276     30     10     175.928     2.25539     3.26708
277     22     7     115.092     4.7131     3.3549
278     33     5     58.16     3.594     3.91881
279     28     15     168.896     3.16663     3.55754
280     31     10     232.28     4.07189     3.27204
281     29     10     99.448     3.74065     3.38275
282     37     13     270.988     3.95524     2.64084
283     39     7     147.188     2.03717     4.92096
284     11     4     242.472     3.39991     2.63863
285     14     6     207.732     3.9451     4.78187
286     46     2     46     4.54283     3.69633
287     9     4     167.508     2.5752     3.51833
288     17     14     72.352     1.78114     4.39177
289     26     7     66.256     2.88421     2.86294
290     39     8     235.248     2.23969     2.59278
291     18     5     166.444     2.98451     3.27654
292     27     12     47.128     2.92438     4.41237
293     19     8     260.536     2.14249     4.30944
294     16     4     179.54     1.56462     3.4756
295     19     13     84.416     3.96422     2.77558
296     17     5     145.316     2.64249     3.0005
297     16     9     219.796     4.26811     3.73882
298     27     15     165.38     4.60959     3.1901
299     46     10     164.252     2.14591     4.3115
300     21     12     270.084     3.29075     3.93773
