1     9     34     162.44     1.62626     3.28997
2     17     40     291     3.31703     4.45036
3     47     9     134.68     4.72068     4.31494
4     8     21     408.04     3.87278     4.50621
5     27     31     240.72     1.76928     3.36955
6     21     28     503.24     3.05084     4.82025
7     26     3     283.56     3.15755     3.6787
8     45     13     477.92     3.19152     4.13739
9     18     15     412.56     4.46913     4.24627
10     42     6     102.28     2.99722     3.06085
11     31     10     496.8     2.36007     3.34147
12     24     6     555.56     2.24877     3.94459
13     31     39     80.32     2.11888     4.79797
14     32     26     552.6     1.71043     3.59844
15     29     35     341.36     2.91465     4.625
16     17     28     258.12     1.72121     3.80566
17     17     35     301.96     2.73232     2.931
18     42     7     502.32     2.97447     4.653
19     14     20     123.6     1.99626     3.66054
20     9     20     124.08     2.48419     3.17324
21     27     25     65.36     2.38047     4.64248
22     39     32     263.68     2.23991     4.80079
23     20     32     178.92     4.30667     2.9516
24     25     12     233.24     2.54828     2.63817
25     38     5     531.2     3.12967     3.08267
26     8     4     495.72     4.56217     4.53726
27     38     38     218.84     1.511     2.93626
28     18     40     302.96     4.49765     2.99104
29     34     29     384.72     2.97874     2.61788
30     16     6     251.64     4.03845     2.83929
31     46     25     325.48     4.17624     3.54953
32     38     6     481.88     1.92715     4.28556
33     17     30     318.4     3.29684     2.89277
34     30     20     249.2     1.74546     3.72761
35     13     24     297.96     3.70775     3.286
36     13     34     210.28     4.38005     4.90013
37     27     20     410.6     2.26031     2.89254
38     35     11     95.28     2.6771     2.82937
39     12     39     203.8     4.28787     3.26243
40     32     17     404.64     2.78477     3.10129
41     17     21     38.92     2.29107     2.50595
42     10     8     294.96     2.18159     3.94093
43     20     27     354.28     2.31211     3.78018
44     40     33     538.68     4.89372     3.60553
45     37     13     163.04     3.49359     4.08757
46     42     32     562.6     3.89906     3.08962
47     14     18     315.4     4.32792     3.38748
48     46     30     204.92     4.2195     4.14228
49     47     3     145.64     4.09218     4.02005
50     21     31     273.08     2.69942     2.5972
51     43     23     174.52     2.97127     2.94229
52     12     13     225.72     4.9733     4.51575
53     25     26     216.8     4.36883     4.27717
54     43     4     470.44     2.61921     2.64153
55     12     33     296.96     1.90472     4.67467
56     41     4     150.6     1.5016     3.16828
57     27     31     131.12     3.60094     3.98587
58     47     18     304.56     3.29983     2.81961
59     42     11     354.36     2.25454     3.74912
60     24     7     29.48     3.22495     3.74218
61     23     40     324.4     3.99829     3.48895
62     40     8     149.6     3.92448     3.70991
63     22     4     400.12     3.04839     4.82734
64     34     20     160.04     3.5737     4.14243
65     29     10     111.2     4.14078     3.40754
66     15     1     283.52     3.65563     3.43455
67     41     24     238.28     1.65296     3.63048
68     14     39     118.12     4.92705     3.09931
69     39     25     373.28     2.91594     3.7035
70     39     35     236.28     2.07317     4.22254
71     27     4     465.4     4.71117     3.50177
72     23     37     203.84     1.54956     4.23078
73     45     3     505.32     3.45653     2.74209
74     23     3     554.56     3.1113     3.97137
75     47     29     216.88     4.07958     4.46921
76     44     4     274.16     4.52959     2.60491
77     8     29     35.4     3.07776     3.85449
78     17     30     197.84     4.99626     2.81037
79     13     9     56.84     1.7665     4.80758
80     33     25     49.44     3.71555     3.80268
81     34     3     88.8     4.21513     4.39993
82     13     1     117.12     4.18351     4.66269
83     21     35     234.72     3.36915     2.60132
84     12     39     258.6     3.15445     2.9799
85     20     27     200.84     4.36157     4.82879
86     37     8     294.56     2.79577     3.80764
87     10     10     147     4.51068     4.80728
88     39     5     378.76     4.02916     3.9304
89     22     34     131.6     3.50534     2.74438
90     18     34     401.6     2.06035     3.94398
91     11     2     246.64     1.77836     3.81626
92     44     39     213.88     1.59549     3.14806
93     17     20     137.56     4.56708     4.46631
94     29     2     34.48     2.74621     4.7515
95     43     40     344.4     3.66097     4.01662
96     43     11     152.6     3.12038     3.88951
97     47     23     331.96     3.33775     4.092
98     30     31     249.2     2.10222     3.45416
99     33     25     213.84     2.9859     3.35604
100     45     5     488.88     3.81863     2.73652
101     32     8     349.84     2.91572     2.56012
102     15     28     442.44     4.79385     3.88234
103     15     10     184.88     1.85708     4.90455
104     19     3     446.44     4.79096     3.65871
105     46     3     128.2     3.64484     4.21247
106     17     7     384.16     2.34117     3.03514
107     39     1     559.6     1.59218     3.41632
108     22     33     471.36     2.96112     4.57564
109     17     38     521.16     3.55116     3.35658
110     36     13     173     1.5564     2.64351
111     40     33     566.08     3.16033     4.39299
112     40     28     538.68     2.01399     3.91972
113     26     29     261.64     2.28103     3.3285
114     10     27     48.36     3.98131     3.23206
115     36     33     162.04     4.11963     3.14554
116     33     18     191.92     2.33251     4.69855
117     43     22     147.12     1.53845     3.0549
118     28     14     329.4     2.82418     3.18178
119     12     5     247.64     2.55416     3.85708
120     26     7     179.44     4.93538     3.55731
121     45     14     527.24     2.02254     3.61599
122     27     3     185.92     4.39831     2.7929
123     33     26     378.24     4.51228     3.64536
124     44     17     339.92     4.91433     4.84169
125     40     26     538.68     3.86499     4.80766
126     47     14     310.04     4.05864     3.34689
127     36     37     118.2     3.4435     4.12519
128     16     36     399.6     2.37204     4.65972
129     45     22     571.08     3.56751     4.20408
130     10     38     108.64     4.13993     3.66916
131     22     3     148.04     1.6363     2.97067
132     24     13     451.44     2.85943     4.94476
133     14     7     85.24     4.93965     3.72036
134     12     30     225.72     3.89361     4.19156
135     40     25     407.16     3.65552     2.97845
136     28     2     373.24     3.81318     2.51785
137     20     20     124.12     2.03578     3.67481
138     16     12     136.56     3.42587     3.51505
139     43     37     377.28     2.77964     3.62941
140     21     31     212.8     1.99306     3.15035
141     46     39     352.88     4.09346     4.35171
142     21     13     75.8     4.13469     4.97192
143     24     26     150.04     2.43901     2.65152
144     28     9     384.2     4.41989     3.12616
145     24     40     171.96     4.46956     2.56348
146     29     6     472.88     2.14751     3.18827
147     24     7     67.84     2.65232     2.58255
148     11     14     274.04     4.31233     3.30439
149     32     18     267.64     2.07915     3.21352
150     32     28     415.6     2.75903     3.14684
151     28     16     395.16     3.96486     4.83215
152     33     34     394.68     2.52489     3.18186
153     41     11     435.56     1.83219     3.35856
154     40     28     440.04     3.3683     4.2494
155     28     26     214.32     4.38582     3.74439
156     17     3     99.2     4.48579     4.95582
157     36     40     299.04     4.57157     3.77094
158     22     35     465.88     4.41626     4.37887
159     43     10     525.24     3.32568     3.16073
160     35     29     506.28     3.1332     2.5856
161     17     13     526.64     4.00972     3.0015
162     19     21     534.12     2.82344     3.96229
163     25     30     156.52     2.03375     2.98212
164     33     37     416.6     3.8542     3.35658
165     33     24     296.04     4.66717     3.94185
166     15     33     469.84     2.92726     2.53311
167     22     1     175.44     4.036     3.23145
168     34     9     165.52     3.92128     4.44105
169     14     21     397.6     4.80934     2.88697
170     36     18     194.92     2.91989     2.79382
171     37     2     508.28     1.57167     3.11625
172     33     29     213.84     3.43014     4.46204
173     17     2     60.84     3.88432     3.5976
174     34     15     318.96     2.2853     4.67826
175     45     13     362.84     4.03215     2.59117
176     38     15     136.64     2.23756     2.55486
177     42     4     502.32     2.96037     3.8628
178     28     27     170.48     2.23692     4.41412
179     17     15     411.56     3.39703     3.92033
180     42     27     562.6     3.89821     4.93042
181     18     7     357.76     1.66332     4.56252
182     33     36     307     2.6552     3.5857
183     24     37     478.84     2.67251     3.24
184     30     6     73.84     2.10254     3.93696
185     43     25     262.2     2.11419     3.72982
186     11     15     504.2     2.5251     3.1962
187     12     28     94.2     2.32867     4.62111
188     12     6     318.88     2.11451     4.62317
189     45     39     362.84     2.36659     3.11396
190     10     17     229.2     3.87374     2.73026
191     31     25     47.44     4.23724     4.13129
192     11     23     16.48     3.70861     3.80032
193     33     29     301.52     3.84405     4.7422
194     24     14     511.72     1.70733     4.21651
195     40     26     270.16     1.60799     3.89821
196     14     39     260.6     1.60746     4.10489
197     42     17     513.28     4.77804     4.9826
198     38     21     558.6     1.94948     3.78986
199     9     34     85.72     3.92822     3.6713
200     37     26     135.64     3.41968     3.06108
201     30     40     188.92     4.14473     3.60683
202     45     9     401.2     4.37823     3.25434
203     11     32     389.12     2.39799     4.88472
204     18     5     193.36     2.07691     4.64339
205     16     38     531.12     2.1034     2.85211
206     13     17     34.92     3.06323     4.14541
207     32     40     382.72     1.86937     4.71961
208     28     22     115.68     4.27184     3.33865
209     41     33     188.96     3.93313     3.98419
210     40     16     198.92     4.30421     4.29235
211     39     23     439.04     3.78327     2.66663
212     22     33     504.24     2.895     3.20925
213     33     29     54.92     2.97073     3.85945
214     39     28     258.2     2.56719     4.38101
215     10     2     234.68     3.10671     4.58876
216     40     19     577.04     1.97298     4.45524
217     41     24     479.4     2.04807     3.9877
218     10     10     421     1.92341     4.51613
219     26     38     453.44     2.77067     4.2832
220     43     26     169.04     3.10553     4.97665
221     43     7     311.52     3.42972     4.59449
222     35     31     539.16     2.48579     3.28387
223     8     25     501.2     3.60767     2.54448
224     24     2     336.36     2.40291     4.4364
225     39     30     488.36     2.25016     3.68374
226     11     40     526.12     4.34661     4.31448
227     36     22     145.6     4.78893     3.72669
228     25     1     151.04     4.92405     3.32255
229     31     20     151.56     4.45183     3.60027
230     27     26     131.12     4.51517     2.8444
231     9     20     129.56     4.26191     4.80583
232     37     19     119.2     4.11322     4.51086
233     11     27     246.64     2.72185     2.59209
234     35     9     456.96     4.35537     4.77935
235     23     23     499.76     2.6881     4.4425
236     47     14     375.8     3.2382     4.82719
237     45     27     373.8     4.93057     3.8731
238     13     36     265.08     3.02318     3.25617
239     31     28     189.92     3.88069     4.54459
240     40     29     308.52     1.82739     4.11031
241     37     14     519.24     3.06761     4.68558
242     41     22     161.56     4.90397     2.70577
243     41     24     473.92     4.74097     4.32928
244     15     32     108.16     3.10756     4.27389
245     12     4     346.28     1.68094     2.86233
246     34     30     116.2     2.54988     2.91559
247     32     9     125.16     2.69729     4.38597
248     14     1     194.84     3.94093     3.36955
249     12     32     187.36     4.31361     3.38984
250     39     23     395.2     1.61803     3.09191
251     36     2     79.84     3.14153     3.23862
252     47     31     523.76     2.26319     4.64911
253     14     24     326.36     3.44072     4.9704
254     25     23     534.64     3.8072     3.4225
255     21     18     21     2.36691     3.9082
256     34     15     318.96     4.52094     3.12677
257     18     25     390.64     1.90782     4.08422
258     35     11     462.44     3.79556     4.13915
259     30     4     484.84     2.00577     2.97533
260     40     4     544.16     1.60852     4.6424
261     33     39     498.8     2.8684     4.05278
262     20     40     315.92     3.67859     4.57984
263     22     15     257.64     2.46667     4.64278
264     27     14     202.36     4.30667     4.92309
265     13     40     462.36     3.22057     4.1007
266     46     11     539.2     2.906     4.75173
267     40     31     560.6     3.37193     4.79751
268     42     7     442.04     1.71854     3.64635
269     46     8     566.6     4.54529     3.41838
270     17     32     88.24     2.21961     4.39344
271     19     17     249.16     3.99541     2.57393
272     16     6     295.48     3.70904     3.50253
273     22     13     126.12     3.04347     2.72454
274     47     30     458     4.0909     4.53734
275     41     35     41     3.69964     4.41603
276     21     40     26.48     2.84031     4.25703
277     37     12     37     3.97394     3.32888
278     25     24     403.12     2.65787     4.07239
279     20     40     469.36     2.37374     3.13959
280     10     32     486.76     2.81094     4.3128
281     21     25     322.4     4.59037     3.69427
282     24     20     40.44     1.66343     3.8065
283     11     23     186.36     4.37075     4.49515
284     16     5     142.04     4.89254     4.77325
285     38     18     131.16     1.57904     3.49933
286     44     24     548.16     4.39254     3.02904
287     40     27     505.8     4.94467     3.73028
288     25     20     353.8     4.86723     3.50421
289     33     4     235.76     1.99669     2.70127
290     23     39     466.88     3.60916     3.57318
291     12     19     543.56     4.68874     4.65217
292     29     25     423.56     3.96582     4.19706
293     16     35     76.28     2.70743     3.09786
294     10     7     322.36     2.99466     3.87875
295     24     3     182.92     2.97233     3.68999
296     13     1     418.52     2.30442     2.93046
297     44     21     570.08     4.82034     4.89036
298     22     5     394.64     3.58481     3.05422
299     21     8     179.92     1.87898     3.95749
300     42     18     562.6     2.82279     4.73373
