1     25     13     406.22     4.24664     2.55455
2     29     7     79.57     2.75614     3.41884
3     20     14     35.56     1.86894     3.60492
4     47     9     206.49     3.97586     4.95369
5     12     4     218.17     3.76255     2.94557
6     30     14     177.82     1.91636     2.64245
7     8     9     245.29     4.10126     3.69602
8     34     10     185.71     2.685     4.81483
9     15     13     42.23     3.45599     4.32974
10     22     12     399.33     3.80848     4.74899
11     32     1     195.38     2.13672     2.94221
12     41     9     251.06     4.41839     3.8464
13     35     14     175.04     2.72196     4.33119
14     31     3     151.59     3.62497     2.61757
15     30     7     201.16     4.27473     4.88838
16     15     11     166.71     4.57701     4.48119
17     41     14     95.46     2.2476     2.80557
18     43     7     420.33     3.2101     4.87495
19     41     13     192.71     4.57456     3.59172
20     42     2     100.35     3.68223     3.17995
21     17     6     238.73     4.44958     3.40281
22     41     7     301.63     4.4968     4.95705
23     44     7     67.34     4.29427     2.68487
24     29     12     328.53     4.31307     4.49477
25     12     2     31.45     3.41145     2.62886
26     11     1     329.98     2.94435     2.67182
27     23     14     73.57     1.82749     4.43823
28     33     15     141.92     4.54358     2.63039
29     29     10     106.8     2.8213     3.90881
30     10     5     220.06     1.97597     3.26228
31     19     11     143.48     3.64132     3.82206
32     46     12     154.92     1.88037     3.00798
33     43     12     249.17     2.40931     4.14922
34     15     3     205.61     2.91636     3.96809
35     18     7     41.34     3.7131     2.56958
36     37     7     173.15     4.20049     3.82672
37     40     6     55.56     1.88496     2.80045
38     35     5     108.91     1.92886     3.0884
39     43     1     377.54     4.96892     3.23931
40     32     5     90.35     2.1881     2.62658
41     29     2     52.34     4.87492     3.41952
42     47     1     163.7     4.45332     4.04485
43     17     14     394.33     2.22036     3.27723
44     47     14     167.59     4.77302     2.85096
45     10     10     286.19     1.85997     2.73209
46     20     1     202.83     4.64324     4.44327
47     12     3     27.56     3.60233     4.07956
48     36     7     249.95     4.56729     2.9091
49     9     14     67.35     2.11354     4.69573
50     27     10     221.5     3.30389     2.63665
51     22     2     329.31     3.01036     2.55524
52     47     10     280.4     2.80303     2.7385
53     11     13     221.06     2.638     4.56145
54     13     5     149.15     4.8291     4.28785
55     46     15     81.01     1.53824     2.68845
56     10     5     83.91     2.77046     2.86744
57     8     15     194.72     2.60297     2.93695
58     42     4     96.46     3.63897     3.93132
59     31     10     163.26     4.41594     4.60112
60     45     15     142.25     3.25443     3.47774
61     34     5     251.84     3.78242     4.84901
62     13     10     320.31     2.11782     4.03638
63     33     10     153.59     3.94584     3.61507
64     10     7     270.63     2.47244     3.46667
65     10     3     266.74     3.99231     3.80551
66     38     7     384.21     4.05127     4.06934
67     37     5     72.01     4.44179     4.31524
68     41     13     188.82     2.0125     4.51018
69     9     2     94.58     4.5282     3.35849
70     45     11     122.8     4.56345     4.55618
71     20     2     55.01     1.66546     4.61142
72     19     1     194.05     3.76992     2.62467
73     39     3     81.79     3.60265     3.66657
74     13     15     390.33     4.55522     3.64475
75     39     2     77.9     4.26469     4.80132
76     42     1     267.62     3.38507     4.73045
77     38     1     306.41     3.78263     3.05704
78     30     13     275.07     4.1411     3.66764
79     40     2     195.6     2.71     4.13266
80     15     11     42.23     4.68116     2.71287
81     31     1     151.59     1.92705     4.58884
82     8     15     299.75     3.08716     2.7044
83     15     8     15     4.73307     4.8661
84     25     8     312.86     2.60126     4.98634
85     26     4     119.36     3.62465     2.6146
86     38     9     205.27     4.74834     3.64437
87     29     2     40.67     4.26373     3.83717
88     20     1     140.59     4.64644     3.05551
89     25     6     242.84     2.63063     4.34378
90     47     4     397.1     2.50555     3.24862
91     11     8     224.95     2.86734     4.01944
92     14     2     216.28     3.31243     3.07871
93     21     10     398.33     2.30517     3.90439
94     21     4     48.23     4.70412     3.71303
95     19     13     170.71     3.18287     3.58638
96     43     12     311.41     4.52809     4.93004
97     22     4     111.47     2.0501     3.90614
98     42     1     73.12     3.59047     4.23055
99     13     1     98.58     2.35965     4.97444
100     33     5     239.17     3.59175     3.76171
101     39     2     116.8     4.74696     4.50262
102     13     9     125.81     3.74973     2.55348
103     9     13     114.03     2.99573     3.94498
104     35     1     143.92     3.11002     4.06705
105     14     14     309.64     3.19398     4.95384
106     24     15     234.06     1.54379     4.05652
107     11     12     275.52     3.07445     3.64719
108     34     1     61.23     2.9341     3.74248
109     39     15     214.05     1.54433     2.68868
110     44     6     281.29     3.04817     3.29859
111     33     5     114.69     3.40248     3.68046
112     22     1     305.97     4.09827     3.15027
113     9     14     312.42     1.7429     4.86778
114     26     7     177.71     3.48964     3.08603
115     21     9     371.1     4.54743     4.15693
116     8     4     194.72     2.25646     4.18119
117     46     14     189.93     3.96411     4.9453
118     27     12     275.96     1.68404     3.5345
119     17     14     370.99     3.77494     4.76379
120     10     9     379.55     2.12049     4.31661
121     39     15     182.93     3.54935     4.23208
122     24     2     86.24     3.97372     3.63178
123     45     1     255.06     2.48654     3.82603
124     45     15     251.17     3.89746     3.19132
125     36     4     39.89     1.94446     3.4579
126     10     10     231.73     3.66439     2.80023
127     34     5     352.98     3.15691     4.86892
128     25     5     203.94     3.72666     4.15593
129     16     4     319.42     3.63747     4.33401
130     18     14     154.15     2.46358     4.95949
131     10     5     56.68     2.77163     3.1801
132     39     9     39     4.61782     3.33934
133     41     6     161.59     2.59571     3.61553
134     41     5     332.75     3.91765     2.58827
135     44     3     102.35     3.76426     4.87281
136     9     14     261.85     2.88806     3.71136
137     19     1     384.66     3.70359     4.66399
138     32     15     358.76     3.34896     3.28791
139     43     13     105.24     3.95428     3.44768
140     31     3     272.18     2.59987     4.14502
141     13     9     129.7     2.19985     4.0099
142     16     9     268.85     2.29406     3.84396
143     23     13     135.81     3.98441     3.85578
144     42     12     427.11     1.99829     3.47911
145     41     14     223.83     1.61557     2.91528
146     42     5     174.26     1.94104     4.28922
147     25     13     137.81     4.25806     4.06064
148     28     11     269.18     4.4483     4.58106
149     40     11     110.02     3.71107     3.93612
150     30     4     80.57     3.56633     4.46593
151     18     6     224.17     1.87674     4.10108
152     38     10     150.81     4.87268     3.40854
153     26     11     158.26     1.91359     4.98474
154     31     10     233.28     1.97319     3.0884
155     28     5     206.94     1.57819     2.65374
156     8     4     101.36     4.18906     3.07321
157     25     8     188.38     2.75497     3.39244
158     37     11     278.18     3.42854     4.30578
159     14     9     274.63     2.17283     3.59523
160     43     4     206.38     2.74813     2.90216
161     14     9     91.8     1.80912     4.972
162     32     6     382.1     1.60051     4.26382
163     35     15     326.75     3.98216     2.565
164     9     5     63.46     4.27035     2.50076
165     33     2     316.97     1.62946     3.08
166     11     5     112.14     2.49658     2.66823
167     44     12     145.14     2.27569     3.52779
168     27     7     97.02     2.28391     3.31545
169     28     14     265.29     1.68607     2.67975
170     45     14     134.47     3.90023     4.34683
171     16     7     124.92     1.70882     2.8357
172     41     1     270.51     1.56217     2.69578
173     40     11     215.05     2.30399     4.40344
174     8     14     54.68     2.80869     3.31149
175     41     10     146.03     2.76041     3.29142
176     28     8     401.44     4.5611     2.95717
177     22     5     395.44     1.59998     3.61431
178     30     9     333.42     2.87097     4.3218
179     33     12     289.74     2.16952     3.21001
180     22     7     313.75     4.85655     2.94351
181     22     12     80.35     2.92021     4.47005
182     22     7     329.31     4.32461     4.44647
183     16     1     334.98     3.87396     2.98196
184     15     13     326.2     1.58214     4.5893
185     10     12     387.33     4.77815     3.98457
186     34     5     352.98     4.43367     4.62653
187     23     5     147.48     1.94691     4.13533
188     40     10     59.45     3.36691     4.48241
189     42     4     372.65     4.79139     3.59066
190     12     5     218.17     4.92608     3.7373
191     24     12     175.71     2.03514     3.39839
192     27     4     295.41     4.27206     2.9265
193     33     7     68.01     3.61985     3.20269
194     35     8     237.28     1.93089     2.65152
195     34     10     49.56     4.29598     4.26214
196     9     4     324.09     1.72901     3.00386
197     22     9     92.02     1.90269     2.77902
198     41     15     138.25     3.91658     3.30134
199     40     1     265.62     3.83476     3.54274
200     18     10     360.32     3.97725     4.63721
201     18     12     177.49     4.19633     3.88424
202     39     10     319.08     4.12732     2.74094
203     10     8     301.75     1.64303     2.94404
204     15     13     209.5     2.50053     3.65268
205     24     10     140.7     1.91134     3.75202
206     46     5     69.34     2.02158     4.70908
207     17     6     343.76     1.53525     3.12021
208     42     14     73.12     3.96614     3.34239
209     47     15     120.91     1.75059     4.34759
210     39     10     334.64     3.70914     3.6916
211     39     9     303.52     3.58684     2.73789
212     20     3     397.33     2.66065     3.52657
213     17     8     250.4     1.64623     3.92979
214     35     5     260.62     4.88859     3.98396
215     19     8     69.57     4.57125     2.53914
216     44     6     417.44     1.92897     4.61646
217     39     8     319.08     1.69761     3.61431
218     27     15     338.2     1.78477     3.7537
219     8     10     326.98     1.89756     4.40359
220     14     12     107.36     4.11077     4.17646
221     25     2     328.42     4.60842     3.93544
222     32     7     339.31     2.08663     4.10283
223     22     5     395.44     4.54881     2.91101
224     32     8     47.56     3.9781     3.48689
225     41     3     336.64     2.12412     3.90919
226     35     3     116.69     4.38443     3.13044
227     14     6     204.61     2.01773     4.40405
228     30     14     154.48     3.17368     4.10642
229     31     1     388.88     3.47031     2.59522
230     28     4     234.17     2.10692     4.99535
231     42     2     252.06     3.24621     3.55037
232     22     4     298.19     3.64751     4.43434
233     46     14     53.78     4.28883     3.16004
234     14     10     72.35     4.95994     3.97824
235     25     11     355.65     2.06131     4.90555
236     35     12     299.52     4.59474     3.77346
237     29     3     328.53     4.57669     4.43869
238     9     2     374.66     4.36242     3.54442
239     22     1     92.02     2.11365     4.47493
240     30     1     193.38     2.89319     3.89241
241     14     9     204.61     2.1222     4.99794
242     29     14     258.51     1.88517     2.90643
243     41     3     321.08     3.31446     3.77712
244     47     8     245.39     4.0407     3.08794
245     41     4     305.52     3.44392     4.69825
246     13     3     343.65     2.68789     3.58631
247     19     3     400.22     2.27302     3.90553
248     39     14     381.32     1.59272     2.74796
249     16     2     327.2     3.22677     3.75683
250     32     10     347.09     1.95621     3.47789
251     38     12     251.95     3.23478     4.59136
252     32     5     238.17     2.10009     3.91339
253     20     1     113.36     2.26052     4.3096
254     17     15     359.32     2.8401     3.40999
255     41     12     200.49     4.51816     3.26601
256     42     10     372.65     4.54614     3.84106
257     14     7     227.95     4.37684     4.47409
258     39     3     264.62     2.89051     3.70823
259     47     12     159.81     2.45225     4.12374
260     15     8     213.39     4.28391     2.56607
261     30     6     49.45     2.88667     4.91165
262     21     8     28.78     4.99765     3.25793
263     40     1     176.15     2.31468     4.68368
264     23     15     271.96     3.97468     4.46471
265     46     10     368.87     2.01837     2.88995
266     18     12     263.07     3.82771     3.56639
267     45     7     383.43     4.76864     4.85282
268     28     6     257.51     3.52446     4.81597
269     15     10     127.81     3.35441     3.8461
270     24     12     276.85     3.76095     2.8254
271     8     9     350.32     2.80026     3.48842
272     22     12     53.12     4.022     3.86509
273     17     7     351.54     2.7696     2.94809
274     9     6     199.61     1.82899     4.97429
275     32     3     51.45     3.15702     4.96048
276     15     1     190.05     4.67603     3.38557
277     30     2     76.68     4.86787     4.15815
278     36     8     316.08     2.15232     3.76118
279     8     4     369.77     2.28423     3.21383
280     15     1     162.82     3.25315     3.2416
281     39     8     214.05     2.42032     4.29495
282     11     2     162.71     2.3778     4.307
283     8     5     299.75     4.26319     3.3314
284     47     7     113.13     3.51495     2.95083
285     21     3     196.05     4.80271     4.59601
286     23     12     174.71     4.61611     4.66681
287     10     11     235.62     3.74813     3.09626
288     9     7     355.21     1.65552     3.24671
289     24     11     335.2     3.43249     4.78034
290     25     9     332.31     1.87919     4.89288
291     13     4     328.09     3.90419     4.5539
292     30     5     37.78     4.23948     2.64092
293     10     4     360.1     3.70679     4.61081
294     18     2     29.67     3.01827     3.59706
295     28     12     413.11     2.8449     3.0752
296     46     6     143.25     4.13833     3.9861
297     44     11     265.73     4.43965     2.95694
298     19     15     225.17     1.66033     4.51323
299     47     6     171.48     4.56932     3.91888
300     26     7     243.84     1.96924     3.53793
