1     23     14     28.975     2.99669     2.82769
2     20     6     52.265     4.2492     3.16454
3     35     3     66.07     3.27419     3.77895
4     19     15     52.46     2.62583     4.87312
5     36     1     105.31     2.11173     4.03806
6     20     9     23.585     3.18896     4.64705
7     36     13     65.875     2.78487     4.40847
8     37     8     80.02     2.02692     4.47172
9     46     1     118.895     4.61653     3.22535
10     34     4     49.535     2.32974     2.67769
11     46     14     68.705     2.88165     4.06148
12     33     4     87.97     3.1363     3.05254
13     31     6     69.24     4.89874     3.74393
14     31     3     146.915     4.27088     4.26443
15     27     4     56.875     2.80923     3.18461
16     39     5     152.525     2.96507     4.59853
17     30     13     52.705     4.54444     3.52306
18     42     2     124.455     3.16952     4.50591
19     19     5     48.875     3.97938     2.58095
20     34     7     37.585     2.55074     4.46463
21     14     7     122.745     2.27526     4.13015
22     31     2     62.07     2.67785     3.15394
23     25     13     63.24     3.40835     4.97238
24     10     11     104.405     3.89457     3.44035
25     23     11     99.48     4.88667     4.83238
26     12     6     16.78     2.38058     3.67641
27     12     15     81.31     4.65445     4.06224
28     32     2     58.29     3.39927     4.31242
29     10     11     57.8     3.18394     4.15975
30     21     10     90.31     1.73286     4.81956
31     29     4     37.365     4.25507     3.59783
32     29     3     123.405     2.80634     3.42692
33     17     15     27.755     3.92138     3.96764
34     40     3     147.55     3.99722     4.67009
35     31     1     103.895     2.66514     3.93307
36     34     5     149.915     2.63384     4.75227
37     43     2     75.265     2.23862     3.49887
38     24     7     133.94     2.68116     4.71839
39     25     13     132.55     4.69387     3.5905
40     39     4     74.85     2.61354     3.94124
41     11     9     87.48     3.0988     3.44668
42     30     3     96.92     2.97511     3.92048
43     28     4     31.585     2.44232     3.32446
44     15     1     86.7     2.1285     4.8938
45     41     13     98.36     4.22559     2.51686
46     42     10     138.795     4.6896     2.76078
47     11     12     89.87     3.74129     2.68288
48     41     13     46.975     4.15082     3.81939
49     39     6     102.335     3.5408     3.99037
50     29     9     66.045     2.69227     4.81452
51     21     1     130.94     4.58834     4.07056
52     16     4     104.43     1.67891     3.29951
53     44     13     55.95     3.10233     4.78607
54     25     15     73.995     4.84661     3.31011
55     28     1     124.795     3.58567     4.31082
56     43     8     126.65     2.67496     3.85044
57     19     14     77.555     2.54123     4.52269
58     38     3     143.16     4.4483     2.69204
59     17     13     88.7     2.37727     3.70853
60     45     1     145.38     2.50278     2.98524
61     19     11     127.745     2.99893     4.5819
62     38     11     155.11     1.663     2.68296
63     44     4     51.17     2.58716     2.61277
64     13     14     20.17     1.86467     4.27686
65     31     15     120.625     4.06569     4.67055
66     9     10     102.21     3.96464     4.84634
67     31     11     96.725     2.75561     2.97884
68     30     15     76.605     3.73959     3.91987
69     16     8     19.585     4.21705     4.38314
70     41     3     54.145     2.07146     4.14892
71     35     7     81.605     2.27793     4.93095
72     31     1     59.68     3.32023     4.79392
73     21     4     99.87     4.75187     4.76432
74     14     13     65.385     1.88475     3.02339
75     40     7     47.17     1.84117     3.32484
76     10     10     127.11     2.45076     3.02538
77     17     13     64.8     3.22987     4.87152
78     10     8     117.55     3.92608     2.93077
79     24     12     49.095     3.8621     4.31028
80     24     15     32.365     3.06409     4.55031
81     20     7     58.24     4.4091     3.3372
82     29     14     109.065     3.77419     3.42273
83     12     10     39.485     2.42405     4.39322
84     34     10     127.21     4.11963     4.17684
85     15     5     47.265     3.18308     4.93179
86     32     9     120.43     3.0032     3.70449
87     20     11     29.56     4.71534     4.49889
88     42     13     61.12     2.04048     4.64766
89     27     4     120.21     2.5188     4.62569
90     13     12     107.405     2.61985     4.19683
91     35     5     63.68     3.46582     4.03371
92     15     8     44.875     1.65125     3.20246
93     25     1     27.39     3.39393     4.15212
94     29     3     112.65     3.50096     3.09893
95     24     9     32.365     1.88528     4.94812
96     27     11     101.09     2.61536     3.14074
97     19     1     120.575     1.73414     3.56937
98     23     1     66.02     3.33102     2.95106
99     44     14     125.26     3.6003     3.29905
100     39     14     48.56     3.37268     2.88369
101     17     3     36.12     2.85131     2.82357
102     47     9     158.135     4.03941     4.69649
103     34     14     43.56     2.59186     3.3124
104     35     5     121.04     1.5768     2.53746
105     44     8     118.09     4.38026     3.31095
106     12     6     22.755     1.7383     4.24436
107     9     14     86.675     4.63309     3.94543
108     26     1     94.115     1.53279     2.95511
109     13     7     108.6     3.71651     4.44044
110     15     9     124.94     4.66033     4.03226
111     42     6     130.43     3.22634     2.94931
112     12     10     63.385     4.13469     4.79911
113     22     9     87.725     1.95396     2.69623
114     25     3     26.195     2.09485     4.58853
115     40     8     41.195     4.54134     3.43173
116     10     7     106.795     3.80261     2.60414
117     38     6     59.51     4.32226     3.20009
118     45     2     152.55     3.32739     3.5947
119     10     3     50.63     3.35206     2.9194
120     45     8     50.975     2.92064     3.83961
121     40     12     93.775     3.12423     3.77422
122     33     4     87.97     3.0753     4.94842
123     10     2     20.755     4.47458     4.92042
124     29     14     64.85     1.7743     2.97174
125     20     4     106.04     2.67336     4.00311
126     32     1     69.045     2.9264     2.82533
127     8     8     126.305     2.20434     2.98662
128     45     9     91.605     2.48814     3.02637
129     27     4     55.68     2.23157     4.29693
130     27     9     145.305     4.77601     3.24221
131     15     15     78.335     1.75379     4.77668
132     37     15     44.17     2.46283     4.65163
133     47     12     68.51     3.44649     4.95308
134     34     3     121.235     4.26469     3.11884
135     38     8     131.21     2.19024     3.61782
136     45     7     154.94     1.81297     2.67991
137     24     9     88.53     3.78872     2.7195
138     46     5     68.705     1.71545     4.34118
139     30     7     137.55     3.87236     2.56897
140     32     1     126.405     3.80453     2.69082
141     23     2     98.285     3.99007     4.85672
142     33     7     150.11     2.57167     2.82296
143     42     8     68.29     1.8887     3.483
144     37     6     99.14     4.79225     2.57363
145     37     4     70.46     4.98013     3.2004
146     19     3     71.58     3.83422     2.56943
147     25     5     79.97     3.99487     3.56906
148     38     3     106.115     1.65734     4.08956
149     27     9     38.95     4.8245     3.22398
150     14     4     91.675     4.99883     4.73876
151     12     10     46.655     3.05063     4.4554
152     21     9     128.55     2.74514     4.43434
153     10     2     113.965     2.66193     3.10099
154     10     5     106.795     4.99413     4.20476
155     22     10     140.305     1.95813     3.75156
156     17     2     60.02     3.80186     2.80084
157     44     6     70.29     2.64206     2.7678
158     17     1     32.535     2.61888     3.61995
159     22     5     118.795     3.5988     4.11122
160     20     13     131.135     2.41284     4.44174
161     9     8     28.12     3.86264     2.98585
162     11     5     44.46     3.97938     4.97757
163     30     3     55.095     4.2711     4.79438
164     32     10     54.705     1.93976     4.73136
165     26     11     125.185     4.30699     4.40443
166     25     4     101.48     1.92705     3.67389
167     31     9     117.04     4.62775     3.22993
168     36     13     82.605     4.95834     3.22886
169     8     14     55.8     4.78199     4.12282
170     37     8     66.875     4.49594     2.57149
171     17     12     69.58     3.11386     4.07842
172     34     9     140.355     3.19526     2.74033
173     37     8     40.585     2.35505     4.75303
174     16     5     45.875     3.84021     3.5609
175     38     7     82.215     3.40397     3.29409
176     35     7     83.995     2.46635     3.38168
177     17     2     42.095     4.79214     3.48247
178     18     8     22.78     4.67165     4.12358
179     39     15     156.11     4.33924     4.68787
180     8     2     8     2.11386     4.1406
181     29     7     92.335     2.99445     3.63605
182     36     10     90.97     3.69707     3.89424
183     12     8     21.56     3.86573     3.98938
184     26     14     51.095     2.44371     4.43945
185     26     3     72.605     2.93687     3.7389
186     40     9     115.285     4.05608     3.72364
187     23     3     74.385     2.97137     2.90986
188     26     2     55.875     1.66332     3.19773
189     17     14     89.895     1.60468     4.07895
190     22     14     44.705     1.75817     4.74059
191     9     12     49.63     2.62348     3.20452
192     17     15     113.795     3.31895     2.89445
193     36     8     94.555     4.93185     3.26922
194     8     1     91.65     3.62081     4.91485
195     42     11     137.6     4.20647     3.23489
196     32     5     86.97     2.73318     3.63071
197     34     3     149.915     3.73756     4.81048
198     14     6     115.575     3.20615     3.11937
199     21     14     90.31     2.95909     4.53154
200     47     15     81.655     4.94264     4.69222
201     30     7     102.895     2.1646     3.65352
202     34     8     117.65     2.25924     3.1933
203     8     5     35.485     2.41241     3.35643
204     41     2     41     4.13491     3.61148
205     16     2     133.11     4.11653     2.76215
206     28     12     104.48     4.14537     3.00363
207     15     14     16.195     4.32675     4.76547
208     14     5     33.12     1.58684     2.73103
209     10     3     104.405     3.19483     4.67528
210     22     5     73.385     3.7869     3.50848
211     33     2     73.63     2.12925     4.17096
212     46     13     66.315     2.60158     3.26525
213     35     1     88.775     4.13694     3.06917
214     32     8     139.55     2.1019     2.81915
215     24     8     94.505     2.35206     3.90431
216     12     5     111.185     2.94606     4.36293
217     30     1     119.625     2.25347     4.32081
218     43     5     120.675     2.94072     2.76276
219     21     7     78.36     4.0689     4.77828
220     24     5     99.285     3.28861     4.67017
221     11     14     67.165     4.86605     4.06941
222     33     10     62.875     3.02403     2.94496
223     25     11     39.34     2.83294     2.64954
224     34     5     59.095     2.6363     3.89248
225     27     10     91.53     3.74407     3.77964
226     42     12     44.39     2.87983     4.81193
227     12     1     15.585     1.61472     4.98131
228     37     6     39.39     2.2727     4.35759
229     23     1     71.995     3.54305     4.80399
230     24     5     96.895     3.78167     3.21314
231     31     4     94.335     4.23905     4.90555
232     8     11     100.015     2.69547     2.57767
233     41     14     109.115     4.74151     4.94468
234     35     15     100.725     4.68532     2.96434
235     29     3     129.38     1.82247     2.78581
236     21     9     138.11     4.05309     3.3121
237     33     15     37.78     4.07894     2.51701
238     21     15     116.6     2.66674     2.9091
239     21     11     116.6     4.71171     2.77978
240     46     7     141.6     3.08342     3.62964
241     40     7     137.99     1.99274     2.91154
242     22     5     33.95     3.85975     4.98215
243     17     3     119.77     4.41968     4.40123
244     34     2     72.24     4.05042     4.47127
245     39     14     128.625     3.0565     2.65618
246     24     7     133.94     2.89297     3.2712
247     26     6     129.965     2.0642     4.08299
248     35     6     144.94     1.6818     4.71252
249     39     12     121.455     2.41668     3.47934
250     43     10     142.185     4.32803     3.08016
251     40     4     61.51     1.80528     4.23955
252     10     2     10     2.60714     2.72584
253     26     8     97.7     3.73061     3.87188
254     32     1     137.16     2.09603     4.991
255     37     5     138.575     4.2821     4.82902
256     32     6     34.39     4.79449     2.94351
257     24     8     95.7     2.10393     3.15004
258     17     5     40.9     4.43645     3.92651
259     42     13     142.38     3.55074     4.91623
260     15     12     40.095     4.98814     4.91974
261     34     8     47.145     2.02788     3.01767
262     39     2     148.94     2.83337     3.21299
263     39     6     133.405     1.522     4.23467
264     14     15     58.215     2.64655     4.89326
265     9     3     18.56     3.81713     4.12893
266     34     10     80.605     3.95364     3.64246
267     15     4     103.43     4.89895     4.7496
268     15     5     83.115     3.87962     4.84993
269     14     2     84.505     4.04689     2.65038
270     19     4     33.34     2.08428     2.53517
271     40     11     93.775     4.61354     4.72007
272     35     3     117.455     4.38571     4.08513
273     35     15     128.21     2.99071     4.32424
274     28     2     51.9     4.06986     2.80229
275     46     5     103.36     4.2649     2.76139
276     18     8     119.575     3.88977     3.2664
277     40     1     139.185     1.55789     3.53
278     37     9     143.355     1.75005     4.50835
279     24     1     32.365     3.05693     4.40832
280     23     13     100.675     3.08075     3.4959
281     30     14     114.845     1.73093     4.84748
282     24     3     28.78     3.89735     3.93353
283     16     14     118.77     3.23531     3.67641
284     42     13     159.11     4.04892     2.87263
285     22     9     100.87     3.50331     4.61936
286     45     5     121.48     1.65392     2.63642
287     23     1     24.195     3.52532     4.62577
288     28     1     120.015     3.72314     3.05544
289     17     11     103.04     1.81617     2.5132
290     38     3     94.165     3.97009     4.01662
291     37     7     58.51     3.069     2.92238
292     22     14     38.73     4.80902     3.32492
293     17     15     125.745     4.49712     3.08458
294     11     1     112.575     3.0408     4.87678
295     20     10     109.625     1.86306     4.90181
296     24     12     86.14     2.2257     4.6466
297     46     14     115.31     4.69643     4.83917
298     37     10     39.39     2.74396     4.48546
299     29     5     39.755     4.69643     4.13037
300     29     4     29     4.54401     3.73272
