1     26     3     796.74     4.44392     4.05118
2     23     26     360.74     1.86563     2.8206
3     16     28     301.78     2.78082     3.16607
4     24     5     318.44     3.06323     4.17463
5     24     2     569.58     2.39671     3.89775
6     27     20     278.14     4.6928     3.76926
7     39     38     723.14     4.65157     2.71607
8     23     28     741.78     3.45012     3.85128
9     47     4     289.48     3.79481     2.89109
10     24     33     344.42     2.81777     3.68664
11     29     13     280.14     3.05715     2.50969
12     13     23     385.38     4.00053     3.98465
13     9     6     390.04     4.92972     2.8061
14     32     37     369.74     2.5486     4.13388
15     26     15     597.56     3.63074     4.30448
16     26     20     580.24     4.66834     4.75143
17     23     5     698.48     4.26009     3.2738
18     20     36     626.2     3.71972     3.04399
19     47     16     878.36     2.14089     3.49567
20     15     32     404.7     4.40259     3.48178
21     10     29     806.72     2.84896     3.34414
22     37     13     236.18     3.62925     3.78475
23     37     29     530.62     2.42961     3.17873
24     14     31     126.58     1.58492     3.72158
25     18     13     191.2     4.80164     3.0488
26     44     4     684.84     4.47671     4.22086
27     22     4     472.32     2.84939     3.21184
28     23     39     603.22     4.96742     4.29502
29     9     40     303.44     3.70241     4.96323
30     18     15     537.6     3.30047     3.27662
31     17     10     51.64     3.70135     4.27847
32     36     29     876.02     2.60927     3.36726
33     40     21     862.7     4.05298     3.26914
34     24     25     188.54     2.91551     4.99863
35     41     34     456.68     4.17186     4.4496
36     46     21     158.58     4.3151     2.50656
37     23     23     724.46     4.20936     2.81747
38     47     33     410.72     1.85046     2.61757
39     46     35     903.34     2.77088     3.24641
40     20     21     340.42     3.57199     3.24725
41     16     12     197.86     3.8197     3.19063
42     40     2     490.32     1.7853     2.61177
43     17     2     527.94     4.76917     3.20299
44     42     26     336.44     2.4874     3.65177
45     36     33     425.7     4.26148     2.76475
46     36     19     815.4     4.4891     3.76865
47     20     11     799.4     1.63523     3.92842
48     30     40     540.94     1.72602     4.8735
49     27     19     806.4     2.07926     2.77253
50     44     16     754.12     1.75689     3.74798
51     31     3     178.22     2.97415     3.66955
52     19     21     356.74     4.44819     2.71889
53     15     7     127.58     3.42213     3.86563
54     32     22     196.54     3.848     3.14394
55     18     8     139.24     1.96336     3.37336
56     10     30     148.56     2.74621     4.21071
57     9     34     701.8     3.48099     2.67701
58     35     26     95.62     4.92277     4.54802
59     32     30     40.66     3.79171     3.24969
60     19     7     209.52     2.583     4.1496
61     18     24     494.3     4.4264     3.38374
62     29     34     548.6     4.48077     4.11084
63     42     26     275.82     1.59581     4.3334
64     23     21     326.1     3.2288     4.17722
65     34     16     648.86     1.84587     4.26939
66     46     33     825.4     4.29748     3.10556
67     15     26     577.9     4.89853     2.54707
68     40     31     317.12     4.69932     4.33844
69     19     13     607.88     2.68148     4.28625
70     25     30     328.1     1.86274     4.48973
71     10     26     261.14     1.54529     2.7636
72     47     32     878.36     4.69248     4.64408
73     38     37     782.76     4.66717     4.61821
74     37     12     799.08     4.81756     4.46791
75     11     32     357.4     3.64292     2.86851
76     36     38     235.18     2.52649     4.1332
77     35     30     286.14     3.7664     2.743
78     37     10     140.92     3.39148     4.05423
79     27     8     260.82     2.49615     2.82243
80     16     37     622.2     3.07744     4.93576
81     44     11     884.02     1.60959     3.99503
82     32     20     153.24     2.34095     3.13494
83     19     31     564.58     4.0455     3.72387
84     13     3     783.74     3.21598     3.83488
85     26     18     874.68     2.43196     3.12731
86     33     40     621.88     3.88614     4.53093
87     21     27     419.36     4.80474     4.37132
88     27     29     243.5     2.74578     3.82962
89     37     31     833.72     3.01025     3.37458
90     31     25     489.98     4.64826     3.05994
91     16     40     59.3     2.79823     2.82609
92     36     23     269.82     4.84074     3.19735
93     47     25     419.38     3.60094     3.01538
94     44     13     373.08     3.08769     4.59967
95     23     3     464.66     4.99915     2.97479
96     24     7     162.56     2.48173     4.55634
97     33     12     682.5     4.87748     4.4348
98     17     2     164.22     3.44114     2.64939
99     42     10     171.9     3.26565     3.59149
100     32     1     672.84     3.39564     3.92788
101     28     12     772.76     4.86787     3.18667
102     47     28     376.08     2.15915     4.89341
103     11     10     400.7     2.77953     4.90059
104     46     20     565.6     2.49113     4.79957
105     40     8     178.56     2.8919     4.55657
106     24     24     560.92     2.34373     4.76279
107     41     38     214.2     4.98344     2.63909
108     19     18     555.92     3.29769     4.6868
109     15     27     517.28     3.49915     2.62368
110     43     35     597.24     3.68554     2.99821
111     23     14     819.72     4.51794     4.61943
112     47     11     428.04     4.40194     4.19614
113     10     35     477.64     2.906     4.32402
114     34     26     259.16     2.90173     4.21262
115     37     4     192.88     3.65958     4.79148
116     11     18     28.32     3.38571     3.5873
117     17     5     354.74     3.43335     3.51215
118     46     18     193.22     4.67336     3.45325
119     20     39     340.42     2.25796     4.80544
120     17     13     761.76     4.26362     4.33607
121     30     38     601.56     3.44403     2.52434
122     40     17     83.3     4.58278     2.76467
123     13     19     359.4     1.67379     3.07405
124     17     40     692.48     3.92021     3.19613
125     34     3     657.52     4.7806     3.74081
126     16     10     804.06     3.55116     2.75086
127     42     38     449.02     1.71555     3.83549
128     21     25     471.32     3.04775     3.7624
129     46     9     851.38     2.7022     3.64811
130     17     20     181.54     4.77633     4.13793
131     11     4     270.8     4.57787     3.71548
132     45     13     434.7     3.08364     3.03278
133     34     36     518.96     3.82301     4.40168
134     11     11     149.56     3.66962     4.33653
135     32     2     612.22     4.77825     3.28997
136     19     24     824.38     3.14783     2.97136
137     8     11     345.74     2.04849     2.8885
138     39     36     125.6     2.29385     4.00426
139     21     30     644.52     3.59517     3.64757
140     23     8     776.42     3.98056     4.57022
141     8     17     189.86     3.51442     4.78965
142     46     20     730.14     2.8009     3.60858
143     24     36     690.82     2.50523     2.95206
144     34     34     518.96     4.8793     4.41237
145     21     12     185.54     2.52297     3.64231
146     8     24     293.78     4.36872     4.98886
147     11     2     244.82     3.62113     3.00508
148     46     34     427.04     4.13704     3.73417
149     14     2     152.56     2.98088     4.90303
150     40     6     239.18     3.63929     2.91894
151     8     28     85.94     3.12818     3.30836
152     44     38     780.1     2.97906     4.98779
153     20     6     158.56     4.83721     2.50923
154     21     33     454     2.15595     4.16997
155     31     39     706.48     2.22292     2.62619
156     28     35     746.78     2.50117     3.40365
157     34     30     371.74     4.52019     2.9429
158     42     8     232.52     3.3009     4.07239
159     17     17     17     4.0501     3.04834
160     47     5     809.08     4.10649     3.55319
161     47     31     228.86     2.37492     4.29212
162     14     31     91.94     2.23254     3.07886
163     24     38     49.98     3.63982     4.05202
164     31     18     550.6     2.94307     3.41098
165     45     13     478     3.10158     2.81396
166     36     35     174.56     3.82365     3.32675
167     35     4     554.6     2.34597     4.06476
168     20     38     842.7     2.34213     3.41746
169     28     15     504.3     2.19184     4.49698
170     19     33     564.58     2.09752     2.70013
171     37     15     894.34     4.78285     4.52673
172     40     39     750.12     3.75465     3.04132
173     31     25     810.4     3.86691     4.12358
174     29     38     591.9     1.66727     3.89317
175     14     4     490.3     1.76287     3.95329
176     35     26     762.44     3.68917     4.8423
177     20     15     487.64     4.01517     4.33279
178     44     16     113.28     4.17176     3.47148
179     23     1     551.26     2.23467     4.49774
180     23     3     767.76     4.64954     3.53313
181     23     31     828.38     4.62935     4.68253
182     15     26     136.24     1.71363     3.43577
183     18     34     606.88     2.21972     3.51306
184     20     16     305.78     1.5721     2.54265
185     15     38     811.72     3.74429     3.21192
186     24     3     552.26     1.79748     2.78344
187     14     5     187.2     2.75037     2.61551
188     27     30     44.32     3.26341     3.07787
189     31     10     273.48     2.87417     3.00447
190     40     15     698.16     3.2664     4.07193
191     22     22     610.88     3.3072     4.24612
192     38     9     886.68     4.83753     3.18667
193     29     30     522.62     3.95033     3.74973
194     16     19     492.3     3.73969     4.98016
195     10     26     157.22     2.25636     3.23382
196     14     15     490.3     2.15371     4.32028
197     37     31     547.94     2.75849     3.30638
198     41     4     759.78     3.55084     4.87205
199     19     39     876.34     4.28765     3.35757
200     43     29     865.7     2.75379     2.8956
201     46     4     600.24     3.37642     4.26466
202     44     39     407.72     2.68458     3.85838
203     42     9     604.9     3.35121     3.90934
204     46     39     730.14     1.79983     4.35804
205     42     1     258.5     4.6113     3.00836
206     34     26     319.78     4.71448     4.35965
207     41     13     118.94     4.09571     3.75591
208     33     3     647.86     3.51132     4.7438
209     17     26     224.84     3.93741     3.77827
210     28     40     738.12     3.24033     2.66823
211     16     1     474.98     4.80528     2.90193
212     20     13     782.08     4.10308     4.7422
213     30     14     800.74     4.93345     2.73354
214     27     16     243.5     3.32621     3.01141
215     40     33     568.26     4.83764     4.0524
216     41     27     127.6     2.72228     3.75851
217     32     8     135.92     3.72004     4.51537
218     16     38     345.08     4.4373     4.11321
219     10     35     538.26     1.56078     4.1747
220     32     26     681.5     1.88646     3.97656
221     32     14     369.74     3.39756     3.80825
222     28     31     36.66     4.37748     3.25724
223     23     35     516.62     4.7916     3.56166
224     34     15     233.18     4.42074     4.42061
225     33     30     310.12     3.98302     4.40374
226     31     32     169.56     3.2273     2.84944
227     41     38     214.2     2.232     4.89372
228     17     6     380.72     3.39511     2.51839
229     34     11     553.6     2.84832     3.26182
230     12     22     115.92     3.78114     4.48012
231     32     26     655.52     1.90771     4.80148
232     30     28     783.42     3.56249     3.16363
233     44     34     364.42     2.15691     4.57442
234     43     39     545.28     4.98451     2.98654
235     29     12     574.58     4.605     2.92825
236     33     40     855.7     4.29577     2.7781
237     34     18     640.2     2.30218     3.82687
238     20     30     89.28     2.37193     3.01584
239     9     31     589.22     4.30805     3.49261
240     35     21     251.5     3.52553     3.37451
241     27     39     589.9     2.34416     4.36148
242     42     18     423.04     2.50438     3.0871
243     29     18     877.68     2.63726     4.35072
244     46     16     236.52     1.67721     4.11893
245     9     5     372.72     3.94766     3.93902
246     28     39     348.42     2.40664     4.65392
247     43     26     190.22     2.28616     3.55899
248     27     32     269.48     2.10927     2.89315
249     13     27     13     4.81916     3.80215
250     13     18     324.76     4.00481     3.66688
251     43     18     813.74     3.95898     3.43661
252     33     31     543.94     4.5502     2.85745
253     23     28     845.7     2.64473     2.73713
254     44     16     840.72     4.06388     4.63637
255     46     17     799.42     3.30805     4.62783
256     12     5     358.4     2.03568     4.01273
257     41     22     465.34     2.52777     3.63681
258     27     22     382.06     1.62508     4.69474
259     29     4     513.96     1.87161     2.66449
260     34     37     804.74     2.34693     4.76333
261     20     23     210.52     3.42566     2.56302
262     20     9     271.14     1.94403     2.65877
263     10     15     113.92     4.01111     4.5291
264     46     5     634.88     3.94787     3.47934
265     24     34     465.66     2.08823     2.809
266     22     39     403.04     2.92694     3.09259
267     36     31     139.92     3.34864     2.7163
268     33     10     829.72     3.42213     2.55928
269     23     21     819.72     3.99445     3.96184
270     43     12     744.46     2.56943     2.86973
271     38     26     323.78     4.20476     4.29632
272     11     16     444     2.91124     4.99245
273     34     36     423.7     2.79043     3.46522
274     28     20     634.2     2.8934     2.73568
275     32     20     205.2     4.53557     4.97681
276     22     12     403.04     3.55181     3.42135
277     10     6     96.6     1.72677     3.18171
278     42     38     604.9     3.38453     3.87082
279     19     35     633.86     3.37043     3.16576
280     34     21     302.46     2.41295     4.20446
281     47     39     202.88     3.59624     3.45523
282     46     22     71.98     4.92982     4.45235
283     33     11     526.62     4.74963     4.03401
284     16     6     812.72     3.4341     3.97839
285     11     3     651.84     4.17069     4.67391
286     17     34     692.48     3.25507     3.71693
287     9     17     424.68     4.16129     3.57723
288     42     36     795.42     3.8621     3.72089
289     38     40     150.58     3.13918     3.83198
290     12     37     332.42     3.36285     3.52367
291     30     27     566.92     2.97971     2.67907
292     8     22     363.06     1.68906     2.81266
293     35     20     545.94     4.5454     3.59287
294     40     5     403.72     2.46924     4.916
295     40     13     576.92     1.90226     3.67328
296     44     23     312.46     3.08962     3.10053
297     9     18     130.24     3.22485     3.85128
298     30     24     263.82     4.44179     4.68436
299     33     12     284.14     4.8872     4.40634
300     30     20     480.32     1.85858     2.95946
