1     32     30     548.95     4.34736     4.93744
2     19     23     177.25     4.87727     4.17432
3     13     31     930.85     4.54849     3.89065
4     14     23     509.85     1.93399     3.60019
5     27     32     892.1     4.26661     3.26487
6     17     28     829.35     2.79481     3.9143
7     19     35     557.05     4.94029     4.05034
8     23     27     328.95     1.7382     4.73006
9     44     19     603.15     2.79737     4.96445
10     47     34     447.9     3.26159     2.82647
11     14     35     921.3     4.51015     3.90706
12     28     27     101.85     2.07862     2.50999
13     22     35     317.4     3.03653     4.72816
14     21     15     854.45     3.80496     3.78796
15     21     23     305.85     4.64943     4.30761
16     46     25     172.6     2.33145     3.35482
17     25     19     900.65     2.15392     4.94827
18     13     35     667.1     4.88464     3.39145
19     42     33     590.6     2.79128     4.58052
20     37     15     226.9     3.27451     3.17599
21     30     35     177.7     2.33048     4.78004
22     23     19     191.8     3.33048     3.50803
23     46     19     636.8     3.34832     4.09795
24     12     25     550.05     4.02425     3.94475
25     31     15     959.4     4.19526     4.20354
26     28     29     988.05     3.28018     2.84974
27     41     29     262.55     4.1504     3.83885
28     11     20     527.95     2.47362     2.75437
29     27     17     913.2     3.76287     3.08672
30     30     27     304.3     2.61632     3.53175
31     29     25     292.75     3.88154     2.95076
32     42     25     748.85     2.72944     3.38275
33     37     23     437.9     3.3714     2.74781
34     14     31     847.45     3.90429     2.63512
35     27     16     881.55     2.51805     2.81304
36     44     22     434.35     1.54988     2.8547
37     13     15     107.95     1.61953     2.51755
38     28     19     956.4     4.32942     3.76926
39     12     24     560.6     1.76554     3.59867
40     33     20     518.3     2.7821     3.00478
41     20     20     842.9     4.30432     3.80207
42     33     35     718.75     3.1348     3.63437
43     8     23     651.55     1.99669     3.33728
44     17     23     744.95     3.79929     4.53963
45     44     25     497.65     3.85836     4.14502
46     15     30     985.6     2.05843     3.58409
47     9     22     705.3     2.68874     4.47737
48     23     21     139.05     2.9388     3.60019
49     36     34     721.75     4.28787     3.79025
50     15     21     1048.9     2.2712     3.68755
51     15     18     468.65     2.86061     2.9487
52     26     22     553.5     3.43922     3.32476
53     39     32     492.65     4.10916     4.74441
54     16     25     1007.7     4.81414     4.29266
55     45     19     488.1     1.51122     4.72549
56     20     16     1043.35     3.37812     2.91108
57     29     20     155.6     3.78755     4.83932
58     46     30     457.45     4.03536     2.58774
59     42     20     179.15     1.55597     4.88777
60     31     25     220.9     3.10938     4.17913
61     47     27     458.45     2.67357     4.29449
62     31     18     178.7     2.02873     4.16471
63     31     24     822.25     3.26522     4.185
64     34     30     614.25     2.2006     3.13311
65     39     19     218.35     2.94114     4.77958
66     22     22     496.75     2.0705     4.58113
67     47     23     68.1     4.70092     3.09786
68     39     32     1072.9     3.37107     4.02463
69     12     20     117.5     3.02499     3.4769
70     36     28     225.9     2.05693     3.42288
71     25     30     795.15     2.15467     3.40098
72     24     28     941.85     2.42854     3.41464
73     9     29     1011.25     1.558     4.64423
74     25     15     225.45     1.942     3.36695
75     23     23     234     4.58524     4.72564
76     44     21     497.65     2.70754     4.23643
77     38     34     702.65     4.80902     3.67672
78     23     25     423.9     4.17486     4.24329
79     41     29     589.6     2.55544     3.62171
80     29     34     683.1     1.50609     4.85755
81     13     34     65.75     2.61963     3.66985
82     30     25     1032.25     3.63704     4.59784
83     25     15     288.75     3.67058     2.62078
84     12     24     275.75     4.52403     3.14272
85     37     27     902.1     3.84277     4.48187
86     15     26     837.9     2.08043     3.2548
87     32     28     337.95     1.51517     4.2983
88     18     32     587.7     1.79951     3.01645
89     41     17     463     1.779     4.29601
90     28     27     133.5     1.56452     3.37924
91     15     20     542.5     4.0909     2.83616
92     24     28     140.05     3.14751     3.52504
93     9     34     61.75     2.61525     3.68343
94     45     31     372.05     4.89404     4.03966
95     46     18     1090.45     2.75368     3.08527
96     23     15     539.95     3.59667     2.89941
97     46     16     425.8     4.86135     4.66536
98     36     35     880     2.05565     4.27007
99     23     19     729.85     4.15168     4.6279
100     40     35     715.2     4.82696     2.61765
101     17     29     69.75     3.28776     4.77569
102     17     31     38.1     2.15702     4.63309
103     35     33     309.3     2.66225     3.3401
104     43     33     401.7     1.60724     3.96748
105     35     20     741.85     3.36349     3.62369
106     14     19     1037.35     2.36306     3.78193
107     27     21     37.55     1.83006     2.9548
108     19     21     124.5     3.23296     4.60845
109     38     24     871.45     4.19301     4.45608
110     27     27     660     2.33369     2.52342
111     31     29     199.8     4.30432     4.12358
112     32     19     443.45     2.46315     2.63474
113     26     28     426.9     2.45428     3.22001
114     41     25     410.25     4.6615     2.87996
115     17     23     502.3     1.77569     3.47942
116     35     15     551.95     3.95845     3.13784
117     16     25     300.85     3.33583     2.62505
118     10     34     811.8     4.80934     4.65239
119     25     33     183.25     3.41508     2.69936
120     36     17     816.7     3.71801     4.76867
121     9     33     30.1     3.47447     3.7064
122     39     29     682.55     2.04743     4.48218
123     17     21     913.75     4.80966     2.56691
124     38     31     375.6     3.51773     3.80001
125     31     27     115.4     1.89276     4.88639
126     40     28     810.15     3.39148     4.91447
127     26     26     1049.35     2.40162     4.53452
128     8     16     757.05     4.34715     3.18949
129     41     17     252     3.93655     3.53801
130     46     17     858.35     3.03941     3.45981
131     45     15     1005.05     4.42491     4.78591
132     29     23     250.55     3.34725     4.14174
133     18     32     1041.35     4.21245     2.54662
134     43     28     602.15     3.80955     4.15746
135     10     15     389.8     3.34298     3.2989
136     12     30     106.95     4.74802     2.6709
137     34     31     1057.35     4.5251     4.37323
138     15     32     932.85     3.57765     4.13724
139     11     15     42.65     4.28637     2.90773
140     40     32     293.2     2.80538     3.66329
141     35     33     773.5     3.8151     2.61589
142     12     35     803.25     2.7147     2.68227
143     25     16     1016.7     4.48996     3.36573
144     40     17     894.55     3.23959     4.93965
145     28     20     777.05     2.09624     3.57341
146     34     27     951.85     4.52446     2.79176
147     45     23     572.5     4.23083     2.90742
148     14     17     182.8     2.67219     3.81787
149     16     22     279.75     4.39319     2.80702
150     27     21     417.35     1.6802     2.743
151     39     26     228.9     3.76533     4.81147
152     20     15     832.35     3.06323     3.67542
153     31     28     52.1     3.67849     4.20324
154     15     22     806.25     4.66375     2.65419
155     17     15     692.2     3.76704     3.96275
156     33     28     687.1     1.64965     3.0118
157     26     30     553.5     2.31062     4.03623
158     24     30     140.05     3.70103     3.54686
159     19     20     156.15     2.26362     3.41533
160     39     30     144.5     1.88186     4.51117
161     26     22     279.2     1.97148     2.53029
162     30     18     230.45     4.20145     3.9082
163     8     25     873.1     2.0753     3.4547
164     39     20     418.8     3.36178     4.10466
165     25     19     141.05     4.10361     2.92268
166     26     16     258.1     2.69398     3.75393
167     23     35     96.85     4.25155     3.16004
168     18     32     1020.25     2.28018     2.53288
169     30     29     979.5     3.34758     3.0256
170     22     30     317.4     4.76543     3.69053
171     17     15     586.7     1.50833     4.4673
172     25     20     352.05     2.3543     4.40901
173     28     16     80.75     1.97992     4.28899
174     42     24     822.7     4.49776     3.97778
175     41     18     114.85     3.16717     3.73112
176     21     26     991.6     4.76511     4.78004
177     19     27     873.55     3.35046     3.36291
178     40     21     894.55     2.40536     3.59119
179     46     33     531.3     4.09047     3.28776
180     47     18     57.55     1.59485     3.19056
181     29     28     123.95     1.81938     3.66039
182     41     20     557.95     2.373     4.2848
183     10     27     1001.7     2.62081     3.01736
184     40     20     156.05     4.26511     2.74453
185     41     20     568.5     4.19568     4.41946
186     28     18     966.95     1.59282     4.65331
187     29     31     672.55     4.51762     4.40657
188     17     21     386.25     1.97308     4.16829
189     42     32     337.4     2.17357     4.76577
190     37     26     975.95     1.50224     4.19477
191     41     21     800.6     2.39457     4.61081
192     11     35     243.1     4.13053     4.8722
193     40     32     862.9     4.27099     2.7752
194     18     35     513.85     4.72143     4.87304
195     15     15     109.95     4.15787     3.01706
196     46     20     299.2     2.30026     3.01408
197     20     33     273.2     4.76618     4.53665
198     30     27     768.5     4.99007     2.68029
199     32     15     211.35     1.94253     2.80641
200     37     30     501.2     2.13384     4.06133
201     15     26     584.7     1.63576     3.21375
202     26     26     279.2     1.60607     4.19973
203     36     24     489.65     4.05116     2.51602
204     24     23     920.75     2.80966     4.85321
205     19     30     778.6     3.99231     3.10808
206     38     19     987.5     3.36232     3.16752
207     13     18     878.1     3.89051     2.60231
208     23     34     476.65     4.46945     2.66358
209     32     33     538.4     4.52136     3.72143
210     11     27     401.35     4.4843     4.53597
211     36     18     1069.9     4.90942     4.50308
212     21     19     316.4     1.65638     4.26374
213     15     32     384.25     4.41935     3.81809
214     19     19     92.85     2.56729     3.53534
215     33     30     180.7     3.5361     4.69993
216     33     34     338.95     4.75304     4.98405
217     9     19     895.2     3.33091     2.98769
218     31     34     727.3     2.51485     4.73716
219     38     19     206.8     3.61611     3.78109
220     46     17     394.15     1.91765     2.77718
221     31     15     938.3     3.28648     3.20765
222     22     21     327.95     2.97511     3.61591
223     36     29     130.95     2.84907     3.00356
224     35     34     668     1.52275     4.78042
225     43     26     887     2.1395     2.90544
226     36     24     679.55     3.779     3.11205
227     44     32     65.1     3.72687     3.35597
228     11     18     886.65     4.59229     3.87799
229     45     35     403.7     4.5047     3.52123
230     47     25     690.55     2.87748     2.69448
231     30     24     1000.6     3.47084     4.62088
232     21     29     400.8     1.73852     2.76376
233     45     31     393.15     4.6943     3.57044
234     42     25     379.6     3.77932     4.92271
235     28     30     966.95     4.96924     4.43701
236     43     20     338.4     1.60083     3.00371
237     39     30     102.3     4.6568     2.70608
238     14     34     1005.7     1.98814     4.50957
239     47     26     331.85     3.2147     4.86236
240     46     16     468     3.2821     4.09841
241     33     24     961.4     3.9138     3.28158
242     43     20     359.5     2.9405     4.8838
243     31     35     748.4     3.24226     3.93628
244     8     22     8     3.78637     2.54524
245     14     15     130.05     3.49765     4.41282
246     11     25     559.6     4.94285     4.75257
247     46     34     995.5     3.06601     4.74197
248     40     30     134.95     1.95685     3.40152
249     45     35     266.55     2.88881     3.54099
250     46     20     1048.25     3.10927     4.66361
251     21     21     981.05     4.61728     4.46913
252     40     34     957.85     2.41305     4.34645
253     33     18     275.65     3.95375     2.99493
254     37     28     965.4     3.79897     3.56815
255     20     15     399.8     3.68169     3.47652
256     17     27     797.7     1.98836     4.74364
257     19     28     346.05     4.38197     4.05385
258     34     16     160.6     4.05394     2.88316
259     29     30     282.2     4.33721     4.35415
260     20     35     315.4     4.16749     4.70412
261     26     31     627.35     1.62369     3.50932
262     13     28     751.5     2.53589     3.05414
263     33     26     402.25     1.89094     3.48613
264     34     24     951.85     2.02393     4.14823
265     17     27     808.25     3.82771     2.72843
266     24     25     741.4     3.46475     2.61704
267     25     26     742.4     4.31713     2.61284
268     20     33     505.3     3.15787     4.36857
269     39     28     91.75     2.27804     4.21583
270     43     25     412.25     3.05501     4.7615
271     37     32     691.1     4.69451     2.89392
272     19     15     166.7     2.13288     4.59212
273     15     18     563.6     3.3323     3.17629
274     40     28     345.95     3.95407     3.89264
275     15     20     162.7     2.64367     3.97008
276     31     20     822.25     1.91433     3.54297
277     18     19     661.55     4.3589     4.0775
278     15     29     257.65     1.67913     4.69413
279     32     18     897.1     4.76511     3.02622
280     35     22     762.95     3.80624     3.5049
281     39     29     471.55     4.67411     4.71206
282     10     30     896.2     2.55565     3.69045
283     24     29     868     4.07573     3.85357
284     39     29     123.4     4.38902     4.38368
285     33     23     338.95     2.48024     2.76032
286     41     30     51.55     3.1536     3.30927
287     41     21     526.3     4.94734     3.41243
288     35     17     942.3     2.95685     2.76963
289     15     23     721.85     2.30293     4.85321
290     37     32     543.4     4.72591     3.44424
291     20     25     653     2.54358     3.39434
292     10     24     927.85     1.95557     3.50024
293     20     29     1064.45     4.92833     3.13372
294     40     28     525.3     3.14516     3.01714
295     9     30     673.65     4.25774     4.2851
296     36     26     848.35     3.91978     3.7225
297     17     23     681.65     4.34095     4.32066
298     43     16     792.05     3.34213     4.04088
299     43     23     644.35     2.14975     4.42656
300     25     15     162.15     4.91017     4.45532
