1     15     3     247.05     3.82258     4.50087
2     23     3     168.35     2.62006     4.75356
3     27     5     159.6     3.68233     3.06986
4     24     4     92.85     4.22506     4.05965
5     29     1     176.9     4.78466     4.22163
6     28     13     237.1     1.96529     2.79649
7     36     9     69.15     4.73649     4.6569
8     14     4     14     1.76447     3.12365
9     22     6     95.95     1.51239     4.35026
10     13     11     35.95     2.59304     3.66375
11     45     12     57.75     2.10916     3.00592
12     36     2     283.35     4.46593     4.86305
13     12     9     52.8     1.88774     4.32493
14     42     14     95.55     4.62818     4.66582
15     30     12     124.35     4.60201     3.08512
16     34     11     138.55     2.92811     4.50072
17     39     14     232.8     2.61589     2.53403
18     21     11     184.2     2.37802     3.07916
19     41     5     173.6     4.80795     4.59395
20     43     6     134.8     4.90184     3.00707
21     40     12     218.5     3.66268     2.87896
22     22     9     95.95     2.27046     2.70844
23     22     10     167.35     4.0502     3.52573
24     31     7     171.25     4.22581     3.66192
25     17     8     215.9     1.69237     3.8358
26     46     14     250     2.29043     2.94923
27     40     12     228.7     2.31831     3.73051
28     15     12     50.7     2.26597     3.61705
29     25     7     183.1     4.50491     2.51862
30     15     3     78.75     2.9185     2.85035
31     46     14     117.4     2.2069     3.4769
32     27     6     93.3     4.85174     2.95892
33     35     5     228.8     3.4734     3.7418
34     34     11     169.15     4.0674     2.6764
35     10     4     234.4     2.35217     4.51529
36     22     12     116.35     1.71363     3.77117
37     15     9     63.45     1.98163     4.08208
38     39     7     49.2     2.02029     2.97044
39     28     10     219.25     4.87001     3.63979
40     39     13     97.65     1.9217     4.19675
41     30     10     208.5     1.86178     3.44165
42     39     6     110.4     3.86798     3.61629
43     38     10     155.3     1.7931     4.25115
44     33     11     275.25     2.82194     2.50084
45     41     13     188.9     3.83198     4.11031
46     44     5     186.8     3.44595     2.90101
47     33     2     127.35     3.50897     2.91894
48     43     4     127.15     4.47415     3.63315
49     42     13     90.45     4.43313     4.82803
50     14     3     57.35     2.77291     4.07765
51     13     10     201.7     4.19675     3.44417
52     39     14     120.6     3.08962     3.29051
53     33     5     73.8     3.46699     4.84764
54     39     6     61.95     1.98729     4.42732
55     37     12     220.6     3.26522     3.42181
56     31     7     138.1     1.96849     4.47928
57     15     9     224.1     4.43388     2.99677
58     23     1     33.2     3.2853     4.32218
59     32     2     174.8     2.29032     3.3034
60     10     6     231.85     4.93751     4.07781
61     13     13     130.3     4.46956     4.24131
62     24     13     268.8     4.35815     3.78765
63     15     1     264.9     1.95236     2.95915
64     42     14     62.4     2.7868     4.39924
65     44     12     263.3     1.78306     3.74691
66     42     5     110.85     2.32974     4.06499
67     45     3     149.55     2.4734     3.24099
68     8     14     81.95     1.70818     4.75356
69     30     15     45.3     3.09442     3.44203
70     46     10     66.4     4.69408     4.17364
71     25     6     231.55     4.05544     2.54471
72     22     9     218.35     2.73243     3.01035
73     11     10     69.65     3.07146     3.58043
74     14     12     266.45     1.75262     4.97406
75     20     7     63.35     3.81713     3.37245
76     11     1     143.6     2.16631     4.66147
77     19     8     220.45     2.26821     4.30341
78     19     1     49.6     2.05245     3.22985
79     41     3     143     3.23157     3.89546
80     17     12     93.5     2.53087     4.38314
81     42     2     138.9     4.06163     4.7026
82     36     5     255.3     4.82269     3.17064
83     47     1     52.1     1.5642     4.51621
84     17     3     103.7     2.49818     2.59865
85     38     9     275.15     4.58951     4.38215
86     21     10     161.25     3.91284     3.05414
87     24     15     164.25     3.30976     4.43129
88     12     2     157.35     4.32952     4.54108
89     10     14     247.15     3.68789     2.52159
90     13     7     155.8     2.22987     4.22918
91     44     7     268.4     4.62999     3.19376
92     11     13     62     3.81222     4.31532
93     13     15     153.25     1.82846     4.43823
94     13     10     132.85     1.67624     2.69745
95     38     4     137.45     4.29096     4.77554
96     14     14     233.3     4.69761     3.96092
97     10     1     32.95     4.05661     3.14905
98     39     8     138.45     3.58673     3.1769
99     37     7     159.4     4.10094     4.12999
100     8     15     46.25     1.63833     2.5145
101     26     6     125.45     2.92769     3.43448
102     35     10     185.45     2.1661     3.1637
103     42     9     123.6     2.34768     3.75439
104     41     5     280.7     1.62604     2.57233
105     36     5     255.3     3.44595     3.39953
106     42     7     156.75     2.42705     4.49469
107     8     15     110     4.73595     2.75262
108     10     9     157.9     3.42875     4.3527
109     19     4     41.95     2.50107     3.53717
110     30     5     267.15     3.12722     4.91012
111     22     12     85.75     3.82472     3.39732
112     43     3     257.2     1.52799     4.75845
113     38     3     55.85     3.30613     3.29058
114     40     11     75.7     4.2069     4.61608
115     22     6     213.25     3.96539     2.69272
116     23     2     181.1     4.05725     3.93941
117     32     9     103.4     1.83465     2.61551
118     40     15     50.2     3.72645     2.84692
119     40     2     190.45     4.23841     3.93689
120     46     3     285.7     1.7383     4.35522
121     18     15     219.45     4.75903     3.54312
122     15     4     145.05     1.80399     4.42793
123     38     10     145.1     2.39169     3.2844
124     24     4     85.2     3.3197     4.83726
125     43     6     71.05     1.88646     4.24207
126     15     12     22.65     4.55266     3.83755
127     9     7     14.1     2.27718     3.80879
128     8     12     84.5     4.51367     4.65178
129     14     4     189.95     1.59827     3.08115
130     40     9     233.8     3.51805     4.27023
131     10     3     119.65     3.78925     4.56488
132     21     13     79.65     2.43367     2.56188
133     43     13     188.35     3.28616     2.69204
134     28     7     181     4.11632     4.19858
135     25     8     193.3     3.30132     4.65171
136     25     8     30.1     3.03247     3.39053
137     19     5     184.75     4.79     4.03165
138     27     2     228.45     1.57071     3.93605
139     16     8     100.15     4.60425     4.77447
140     46     3     250     4.03888     4.58235
141     39     7     197.1     2.83529     2.94435
142     31     5     219.7     2.34993     4.69955
143     40     4     254.2     1.84288     3.80757
144     43     14     244.45     2.39543     2.76681
145     24     3     24     3.97137     4.22491
146     16     15     268.45     3.60532     2.67159
147     41     14     168.5     4.4546     2.85669
148     26     3     77     1.69643     2.82052
149     32     13     215.6     4.00758     3.18056
150     40     8     282.25     4.1081     3.0633
151     29     13     240.65     2.60575     4.3215
152     44     10     82.25     2.12476     4.42938
153     15     5     219     2.45193     4.6942
154     47     10     131.15     4.68725     4.17631
155     13     2     135.4     2.63021     3.45813
156     19     14     92.95     4.38987     3.65154
157     30     9     88.65     2.94819     4.78576
158     22     7     254.05     1.66674     3.9658
159     18     6     148.05     2.96593     4.94171
160     22     5     121.45     3.16471     4.47974
161     46     5     283.15     3.2132     4.67589
162     15     10     53.25     4.80357     4.1026
163     20     13     236.75     1.59304     4.42862
164     47     9     294.35     1.52403     2.90361
165     32     14     85.55     2.47447     4.84779
166     27     13     261.6     2.7242     4.03592
167     29     1     133.55     3.47116     2.61925
168     23     15     96.95     4.38144     3.4727
169     38     8     206.3     1.90814     4.1097
170     42     1     52.2     1.86328     2.55593
171     21     13     49.05     3.47671     4.32081
172     39     5     135.9     4.9264     3.35818
173     32     5     223.25     1.57562     3.6578
174     45     1     238.8     2.40045     4.35598
175     31     12     166.15     4.34085     2.50885
176     32     5     274.25     2.5627     3.91621
177     31     2     107.5     4.362     3.63826
178     22     6     180.1     2.19761     4.0952
179     10     15     155.35     3.08663     4.8909
180     34     10     187     3.34544     4.74982
181     20     8     178.1     2.41263     4.71007
182     13     7     140.5     4.23734     2.96113
183     8     8     15.65     1.96657     2.96793
184     24     15     235.65     2.9185     2.77139
185     17     15     106.25     2.07146     4.60746
186     20     5     111.8     3.05918     2.73217
187     41     7     132.8     1.90034     3.59775
188     34     13     59.5     4.45215     3.76591
189     13     10     234.85     3.31831     4.70206
190     11     12     235.4     2.69846     4.83993
191     47     12     126.05     2.91188     3.05704
192     25     9     137.2     1.58043     3.95245
193     19     5     47.05     3.70573     4.06613
194     11     6     69.65     3.12262     4.43182
195     35     10     277.25     4.56719     3.60385
196     21     15     268.35     3.33914     4.04744
197     27     1     55.05     2.29737     3.5342
198     46     7     234.7     4.16962     4.43373
199     22     6     248.95     2.91166     2.54013
200     33     5     43.2     3.10233     3.32659
201     47     1     215.3     3.60521     4.76646
202     37     4     161.95     2.48462     4.61226
203     40     5     251.65     4.90814     3.77445
204     45     5     45     3.52094     3.68809
205     30     11     37.65     4.0267     4.31021
206     16     14     72.1     2.45824     3.13723
207     43     12     249.55     4.37332     4.38414
208     9     6     131.4     2.95941     3.71433
209     27     7     60.15     2.78263     2.6635
210     8     1     217.1     2.66353     3.14455
211     47     6     75.05     3.41636     3.67801
212     16     8     225.1     2.93388     2.73499
213     46     1     265.3     2.35452     3.33674
214     23     6     68.9     3.29374     4.2983
215     23     8     43.4     2.37556     4.75898
216     25     8     78.55     1.54913     4.88929
217     8     15     71.75     1.92235     4.4158
218     45     14     78.15     3.09966     4.35331
219     42     1     279.15     3.75678     3.58615
220     39     5     271.05     4.43645     3.18827
221     26     2     235.1     4.80154     2.62383
222     12     15     108.9     3.32739     3.2178
223     34     1     97.75     2.16952     3.03774
224     25     6     134.65     4.19077     3.57791
225     14     5     240.95     4.88079     4.88464
226     28     7     265.15     4.65531     4.51582
227     31     14     263.05     2.26608     4.47356
228     33     15     114.6     1.80848     4.00105
229     43     5     193.45     4.55971     4.88441
230     31     15     283.45     4.13213     4.64972
231     27     12     80.55     1.67774     4.29701
232     41     5     84.35     3.62519     3.46019
233     20     1     132.2     4.68596     4.63462
234     29     8     197.3     2.61429     4.3627
235     47     2     169.4     1.953     3.01813
236     24     3     233.1     4.2523     3.57982
237     41     13     265.4     4.99327     3.5345
238     16     13     222.55     1.70305     2.80114
239     28     7     270.25     1.99487     4.316
240     24     8     69.9     4.51549     2.66907
241     44     6     207.2     4.53813     4.93347
242     40     9     119.05     4.18276     4.07765
243     26     5     97.4     1.99818     4.101
244     42     3     223.05     4.89169     4.78408
245     12     8     154.8     2.13811     2.69349
246     22     9     197.95     3.95727     3.83259
247     19     7     184.75     3.88742     4.57739
248     15     3     165.45     2.44649     3.79055
249     28     6     280.45     3.80912     2.75201
250     20     9     58.25     3.98836     3.29752
251     16     10     107.8     4.75401     3.30599
252     40     14     80.8     1.77216     4.92637
253     28     15     237.1     2.20241     4.6839
254     18     3     171     2.73307     3.35719
255     41     13     43.55     4.29374     4.76669
256     22     4     101.05     4.92502     3.8638
257     29     13     192.2     1.54273     3.26418
258     42     9     146.55     1.58086     3.61232
259     40     5     251.65     1.74461     4.42053
260     42     7     103.2     4.862     3.27242
261     16     12     59.35     4.0658     2.5309
262     21     8     26.1     1.79139     3.94169
263     22     3     167.35     3.32397     2.77268
264     37     14     192.55     3.37941     4.38124
265     15     6     60.9     3.45492     4.84718
266     42     6     200.1     4.93196     3.5651
267     27     2     215.7     1.6662     4.43487
268     24     12     64.8     4.5501     3.54122
269     17     2     78.2     2.77975     4.96353
270     28     11     262.6     2.81478     2.60552
271     34     3     197.2     4.26041     4.68749
272     12     1     139.5     4.66044     3.78819
273     41     5     63.95     4.43303     4.08094
274     28     4     127.45     2.43484     3.65207
275     34     9     77.35     2.38699     3.54251
276     25     10     251.95     3.14815     3.90469
277     8     13     168.65     3.56804     3.91316
278     26     3     207.05     1.90728     3.32171
279     12     3     57.9     3.05672     4.80606
280     34     7     85     3.04016     4.98321
281     37     11     133.9     2.53642     3.249
282     16     15     209.8     4.90504     3.8226
283     27     2     136.65     4.94691     2.64016
284     15     6     119.55     4.38945     4.48805
285     10     5     185.95     4.32589     4.51498
286     46     1     255.1     3.59549     4.51605
287     30     9     121.8     2.33903     3.12639
288     24     8     34.2     4.71299     2.818
289     17     7     210.8     2.49669     2.83776
290     37     5     133.9     3.57947     3.47911
291     22     5     141.85     3.05736     3.32743
292     16     6     51.7     2.92897     4.86938
293     42     1     103.2     2.62049     2.60681
294     23     12     260.15     3.32728     4.06743
295     14     12     98.15     4.40515     2.85005
296     30     8     103.95     3.29481     4.09749
297     30     11     45.3     1.71683     4.03676
298     36     2     48.75     1.61728     3.97725
299     29     9     72.35     4.10244     2.90727
300     13     1     140.5     1.84394     4.0801
