1     30     33     520.56     3.40643     3.60149
2     12     4     169.68     2.953     4.71648
3     42     11     392.4     2.442     4.71511
4     41     20     654.2     4.25924     4.60906
5     11     39     554.12     3.67037     3.10892
6     25     14     235.24     2.06954     3.54701
7     10     14     535.6     3.85559     3.38328
8     29     30     764.84     3.17058     2.93489
9     9     16     35.28     3.4859     3.72021
10     11     22     711.8     2.76768     3.05696
11     25     30     708.28     4.70968     2.80725
12     21     33     21     2.76394     3.90721
13     35     40     455.48     4.45781     4.57434
14     22     16     608.92     4.2273     3.83198
15     47     32     756.56     3.75507     3.2419
16     16     32     734.32     2.04465     3.48514
17     32     36     119.6     1.71737     3.68267
18     40     33     355.36     2.76394     2.59545
19     46     40     676.72     2.23777     4.5954
20     23     1     390.92     2.62284     4.54695
21     19     25     45.28     1.85954     4.4911
22     27     15     701.52     2.76629     3.7711
23     14     3     110.36     4.33657     2.99181
24     29     40     291.8     2.15018     3.45218
25     11     28     212.48     2.3809     4.94232
26     9     22     376.92     3.13384     3.54503
27     41     23     803.12     3.59977     4.83352
28     25     20     795.88     1.75849     4.10451
29     18     3     44.28     2.61675     4.0389
30     18     27     788.88     4.71459     3.9288
31     31     33     460.24     4.384     3.36352
32     13     1     293.32     2.99594     4.51392
33     9     18     613.44     4.17881     3.40533
34     39     20     634.68     3.74172     4.32165
35     33     6     541.08     4.79043     2.72858
36     25     35     524.32     4.76565     3.35932
37     42     13     891.72     4.39244     3.85075
38     25     38     226.48     2.77227     3.07283
39     41     18     119.84     4.10329     4.54093
40     16     33     681.76     3.76234     4.05126
41     28     27     54.28     3.73457     4.43136
42     10     36     640.72     4.12358     4.04462
43     24     19     102.84     3.22655     4.44113
44     41     38     531.56     1.91049     3.79398
45     17     24     638.96     2.7711     4.0128
46     42     6     707.76     3.31137     3.17415
47     46     14     886.96     1.6222     3.6607
48     21     8     266.28     3.30175     2.64832
49     42     33     234.72     2.59421     2.83288
50     17     6     691.52     3.48718     2.53639
51     36     15     421.44     4.74717     3.08443
52     23     28     566.12     4.13181     2.59415
53     32     28     215.96     1.75977     4.06407
54     27     11     710.28     1.87556     4.40657
55     28     27     255.76     3.49071     4.81292
56     38     23     125.6     3.63854     4.09253
57     44     4     350.6     3.72538     2.87576
58     22     25     39.52     4.21235     2.82243
59     38     33     782.6     2.61258     3.72501
60     36     22     132.36     4.53952     2.64855
61     47     16     204.68     3.28712     2.99699
62     20     22     370.4     4.18084     2.6471
63     28     36     413.44     3.68009     4.04057
64     17     30     463.76     2.96892     2.87393
65     17     4     314.84     4.51762     3.27883
66     31     22     398.92     4.85067     3.63147
67     30     26     257.76     2.00545     3.3826
68     31     35     591.64     2.91572     2.54913
69     37     36     851.68     3.70327     4.25695
70     39     14     704.76     1.6144     4.47623
71     30     31     695.76     4.58396     4.33996
72     31     28     285.04     2.66086     4.18622
73     27     31     850.44     3.7822     4.71412
74     45     36     693.24     3.62572     4.39512
75     36     9     316.32     2.53023     3.52992
76     10     28     211.48     2.21459     4.09101
77     28     2     308.32     4.28082     3.24252
78     19     4     334.36     2.73595     4.67704
79     17     28     130.88     3.0173     3.16042
80     24     2     672.24     3.75433     3.92598
81     16     16     865.72     1.7524     4.80667
82     16     36     77.32     1.93271     2.74834
83     15     23     111.36     1.71299     2.59278
84     19     9     290.56     1.56185     4.77233
85     10     31     535.6     4.21395     4.80544
86     47     40     230.96     1.77676     3.73592
87     31     29     101.08     4.2178     4.9044
88     36     31     903.24     3.46112     3.69282
89     42     29     646.44     3.58353     3.13478
90     40     21     434.2     4.33935     4.52918
91     9     3     105.36     2.00192     3.45042
92     11     17     326.36     3.25539     2.7942
93     32     22     163.4     4.11856     3.25037
94     44     33     105.32     3.14003     2.84265
95     38     23     563.6     4.34405     3.42738
96     43     4     60.52     2.16482     3.28974
97     46     15     413.92     1.85249     3.72982
98     20     24     230.24     4.58428     3.77873
99     32     38     137.12     3.76714     3.43486
100     34     12     463.24     2.26447     4.56137
101     46     13     54.76     2.53279     4.83535
102     34     40     831.16     3.90077     3.88989
103     39     5     625.92     4.47725     4.53833
104     12     40     791.64     3.42106     3.2226
105     15     21     864.72     4.55832     2.57622
106     14     13     355.64     3.07872     2.74125
107     45     32     211.44     1.80026     4.33142
108     40     28     407.92     3.73093     4.68108
109     12     36     432.48     2.91647     2.77139
110     17     20     306.08     4.30592     4.4734
111     42     20     68.28     3.62006     3.49879
112     40     4     539.32     3.45727     4.70069
113     36     23     500.28     3.62156     2.61177
114     36     11     631.68     3.40558     4.36422
115     8     16     708.8     2.81521     4.87846
116     13     14     521.08     1.96785     3.46416
117     41     20     224.96     3.15136     4.72282
118     32     38     251     4.27441     2.89209
119     47     23     870.44     2.19718     2.52396
120     23     16     189.44     1.67261     4.63599
121     12     7     502.56     2.88507     3.72707
122     15     35     523.08     1.81959     4.79804
123     40     6     267.76     4.44755     3.26746
124     16     5     585.4     4.9608     4.42442
125     30     29     730.8     2.5408     2.80671
126     17     22     34.52     3.39682     3.14814
127     13     36     766.36     2.05533     3.28181
128     41     19     759.32     4.13843     3.14402
129     32     27     373.64     4.11333     2.76605
130     15     4     400.44     4.74749     3.39633
131     23     36     557.36     2.25475     4.64324
132     10     22     316.6     2.86648     4.2787
133     28     6     404.68     1.81062     3.59371
134     42     3     313.56     4.43591     4.94675
135     14     19     443.24     2.96283     4.39367
136     30     29     432.96     2.59763     3.54328
137     41     3     557.84     3.49263     3.52565
138     43     23     559.84     4.28755     2.71592
139     43     15     840.16     3.7163     3.6034
140     11     20     107.36     3.0141     2.94694
141     8     31     594.92     3.10788     3.10732
142     28     29     63.04     2.82589     3.6961
143     24     5     637.2     2.60991     3.93368
144     37     7     273.52     2.46518     4.85534
145     36     8     246.24     2.13138     4.25611
146     36     19     377.64     2.71021     3.51672
147     45     34     912.24     3.73339     4.19897
148     43     37     437.2     1.90451     3.55258
149     21     10     380.16     3.00192     4.32417
150     30     21     897.24     4.17325     3.00775
151     20     34     431.72     3.60884     4.42953
152     31     1     355.12     1.82781     4.30486
153     44     25     797.36     2.55971     2.66053
154     27     17     324.84     1.95791     4.76173
155     29     3     72.8     2.12893     4.934
156     10     1     605.68     2.71032     4.9218
157     42     20     278.52     2.98376     4.67406
158     42     3     287.28     3.25604     4.69634
159     18     25     342.12     2.9937     2.86164
160     12     27     266.04     1.94424     4.81979
161     23     24     189.44     1.72954     3.39541
162     46     1     913.24     3.64473     3.61705
163     27     10     561.36     3.64826     3.76545
164     23     26     417.2     4.77644     4.08391
165     38     32     81.8     2.46635     3.53999
166     14     22     154.16     1.52446     3.77949
167     25     3     752.08     2.72047     3.16385
168     36     19     158.64     3.74514     2.53098
169     31     10     714.28     1.51485     3.07016
170     45     34     299.04     2.05661     2.9519
171     46     32     703     3.95813     3.10373
172     36     5     622.92     3.61888     3.77163
173     18     4     96.84     2.28466     4.75799
174     28     23     763.84     3.60051     3.47797
175     27     31     719.04     2.66674     3.72295
176     47     36     791.6     4.33273     4.27274
177     26     17     61.04     1.71149     2.74743
178     42     36     409.92     1.65136     3.83877
179     23     37     303.32     3.64708     4.81239
180     23     28     627.44     4.9264     4.9205
181     22     24     293.56     4.69536     4.11718
182     42     30     138.36     3.27783     2.71577
183     22     38     538.84     4.13245     4.87892
184     28     28     343.36     3.98141     2.58209
185     25     29     314.08     3.53706     2.94298
186     36     32     430.2     3.05896     3.05315
187     39     32     319.32     4.72602     2.7076
188     25     39     436.72     3.55896     4.16929
189     34     21     743.56     2.87684     4.36003
190     41     25     128.6     4.52232     3.62011
191     35     8     849.68     2.83892     3.92476
192     13     20     337.12     2.63726     3.19964
193     27     22     613.92     2.63106     3.62568
194     34     30     629.68     3.08097     3.0736
195     35     18     437.96     3.62732     2.55936
196     9     6     17.76     4.54881     3.85998
197     38     27     493.52     1.92982     2.68181
198     32     3     268.52     3.97137     4.02097
199     26     28     516.56     2.92972     2.60674
200     32     3     732.8     3.41839     2.56859
201     34     2     664.72     3.0549     4.21751
202     21     21     809.4     1.69066     4.58205
203     46     2     466.48     1.70519     4.59037
204     41     40     128.6     2.09987     4.53772
205     9     9     578.4     4.87663     3.23115
206     33     34     260.76     4.93452     4.95186
207     34     26     778.6     2.9702     4.62432
208     46     9     466.48     2.11461     2.8357
209     12     4     590.16     3.29182     3.59355
210     29     22     72.8     2.03375     3.96321
211     23     25     478.52     1.73617     3.47629
212     31     13     889.48     4.08812     4.95048
213     28     32     45.52     2.16118     4.60982
214     10     39     150.16     3.39308     3.14905
215     45     11     772.08     2.94745     3.12975
216     30     8     748.32     4.68799     4.35079
217     35     2     551.84     3.24696     2.58209
218     33     9     576.12     3.42737     3.30508
219     21     22     362.64     4.41839     3.34643
220     28     30     317.08     4.0611     4.54962
221     8     15     866.48     3.14997     4.87251
222     12     17     327.36     2.00021     3.55228
223     17     39     533.84     4.27067     3.22886
224     34     21     734.8     2.77184     3.16645
225     36     37     798.12     4.24749     3.96466
226     43     13     297.04     4.86071     2.89895
227     33     2     891.48     4.8715     2.78283
228     16     3     524.08     2.23852     3.48964
229     42     15     707.76     4.63074     4.02715
230     47     25     47     3.08107     4.3041
231     23     5     478.52     2.77046     4.48019
232     24     3     199.2     1.67186     3.53893
233     10     20     386.68     2.04208     4.97551
234     9     34     192.96     4.99466     3.73905
235     35     5     280.28     3.13758     4.82086
236     11     11     89.84     2.01186     2.62803
237     37     31     291.04     4.81329     4.03485
238     11     14     405.2     1.63256     4.25047
239     47     14     432.44     2.69996     3.39564
240     42     24     444.96     2.86563     2.92711
241     28     23     106.84     4.30175     4.80232
242     20     1     878.48     2.16204     2.52266
243     19     30     386.92     4.18041     4.44876
244     29     23     72.8     2.94446     3.52542
245     32     24     321.08     3.32931     3.80978
246     15     9     277.8     2.82344     2.94023
247     33     9     330.84     2.73382     3.44012
248     22     36     810.4     4.00214     4.49347
249     9     8     87.84     2.61899     4.58594
250     12     26     55.8     4.86798     4.15044
251     41     6     67.28     3.8856     3.60813
252     45     38     868.44     4.27163     3.44569
253     26     2     393.92     4.73264     4.21926
254     37     33     115.84     4.49466     3.12555
255     28     15     325.84     2.96838     2.53182
256     36     32     456.48     2.4028     4.60318
257     34     21     340.6     4.00844     4.92019
258     41     4     93.56     3.78861     4.2259
259     44     20     674.72     3.06046     3.69366
260     28     33     28     4.90034     2.85569
261     44     4     157.88     4.4985     3.08367
262     27     15     263.52     4.15841     3.26159
263     25     32     480.52     4.92235     3.04186
264     22     20     810.4     2.06046     2.82472
265     16     30     156.16     2.90632     3.35192
266     43     32     419.68     3.27291     4.05583
267     37     9     746.56     3.93463     3.05307
268     34     15     261.76     3.40953     2.9255
269     14     7     250.52     3.02435     2.67663
270     42     27     418.68     2.49936     2.50664
271     33     11     357.12     4.53589     4.29472
272     10     39     544.36     3.14025     4.42984
273     16     4     156.16     2.17112     4.38154
274     17     5     840.44     3.84095     3.15012
275     44     28     61.52     3.15926     4.48737
276     39     1     529.56     1.5502     3.02828
277     40     18     714.52     2.12925     4.72488
278     26     4     253.76     3.37385     3.22222
279     42     33     217.2     2.67101     2.56767
280     10     26     220.24     1.97874     2.89308
281     37     6     194.68     2.58289     4.46211
282     20     20     291.56     2.18511     4.22185
283     9     22     70.32     2.30741     2.75048
284     43     23     866.44     4.24503     3.2403
285     33     22     672.48     1.55448     2.90803
286     26     35     604.16     3.30998     3.47293
287     12     17     730.32     1.61205     3.59149
288     44     36     140.36     1.58481     4.8925
289     21     14     774.36     2.84362     4.50003
290     20     21     265.28     1.66952     3.18712
291     12     14     55.8     4.37417     4.54962
292     21     16     432.72     2.08866     4.34103
293     27     34     289.8     2.46304     2.85928
294     44     31     552.08     2.0079     4.52635
295     9     20     245.52     1.56484     2.54967
296     17     30     244.76     4.63897     2.80885
297     10     9     27.52     3.07723     4.85473
298     33     31     760.08     1.83016     4.16517
299     36     37     167.4     3.27622     3.54503
300     15     5     531.84     2.84747     2.81289
