1     34     33     216.16     2.94862     4.80697
2     43     29     255.52     4.27238     4.23086
3     23     30     141.68     4.13608     2.72248
4     16     37     200.92     4.27836     4.49713
5     46     28     70.84     1.88806     3.77262
6     17     23     215.72     3.76298     4.74433
7     40     29     150.4     2.32835     3.2828
8     41     40     198.32     2.0047     3.24717
9     41     3     297.68     4.1551     4.05187
10     38     37     184.28     4.09806     4.88006
11     35     20     255.8     2.92085     4.6823
12     20     11     105.56     3.57659     3.35284
13     35     14     35     4.49947     3.22253
14     26     13     249.56     2.22367     3.76019
15     10     31     247.36     2.23948     3.62239
16     19     1     239.8     4.0705     2.94252
17     29     40     191.84     1.80709     2.50015
18     39     3     146.64     4.58129     2.66015
19     29     36     128.36     2.71448     3.72341
20     23     9     232.76     3.0267     3.07932
21     8     22     82.52     3.03728     3.30065
22     37     21     301.96     3.04454     4.07125
23     15     32     53.64     2.8182     4.58724
24     42     22     91.68     4.88731     4.32325
25     22     21     88.24     2.65958     3.80238
26     13     32     208.96     3.35772     3.26281
27     47     33     320.24     4.50235     3.35963
28     27     15     51.84     1.93239     3.29386
29     31     27     144.16     4.09239     3.00905
30     17     32     143.96     4.57221     4.84542
31     23     34     100.28     3.13555     3.79276
32     12     8     243.84     2.7195     4.23299
33     36     36     270.6     2.63918     4.81208
34     10     27     90.04     2.98473     4.33264
35     39     40     74.88     1.94125     2.80778
36     22     14     168.28     4.51912     3.06688
37     38     6     272.6     3.42726     4.55298
38     32     13     200.36     3.07488     4.70405
39     41     34     305.96     1.93463     4.55748
40     10     31     51.4     4.25368     3.96893
41     22     29     33.04     4.34437     3.08596
42     12     37     141.72     3.94189     2.96731
43     38     36     206.36     2.36039     4.48813
44     41     38     261.8     2.4341     3.42196
45     30     23     126.6     3.4765     3.34063
46     16     14     76.72     3.243     4.2214
47     31     26     251.8     4.63042     3.40289
48     20     34     83.48     3.59795     4.28114
49     22     40     245.56     3.0455     4.38414
50     28     5     174.28     4.63042     3.21795
51     28     35     52.84     2.26063     4.02364
52     44     38     206.84     2.74664     4.83589
53     47     37     251.24     2.84629     2.98357
54     34     24     202.36     4.18885     3.42486
55     31     10     122.08     2.30944     2.55379
56     9     25     127.68     3.28263     2.87278
57     18     28     233.28     4.1849     2.6693
58     10     20     194.92     4.87332     3.58837
59     9     21     282.24     4.81468     2.74064
60     14     15     176.84     3.44777     4.73823
61     8     25     88.04     3.315     2.79641
62     13     21     203.44     2.94627     4.29525
63     34     10     105.76     3.23061     4.93812
64     19     37     35.56     3.75977     4.40031
65     35     1     92.96     2.37652     2.60781
66     30     1     38.28     2.41551     4.53581
67     44     20     226.16     2.36691     2.66861
68     25     9     127.12     3.95044     2.51198
69     43     34     51.28     2.83241     2.79672
70     11     29     209.72     4.97137     3.26609
71     8     16     220.52     4.8245     4.18668
72     32     30     277.64     3.40301     2.97319
73     33     40     57.84     2.40654     4.56893
74     47     13     113.24     3.42405     3.47056
75     46     21     275.08     4.4341     4.04012
76     11     26     124.16     1.58951     4.49347
77     46     17     54.28     2.52083     3.7054
78     34     7     67.12     3.14174     3.72433
79     25     39     102.28     4.19333     4.6337
80     9     11     116.64     2.00833     4.65415
81     27     1     247.8     1.73286     4.625
82     14     8     113.36     4.98772     4.756
83     31     18     210.4     2.70444     2.79077
84     21     29     294.24     2.12177     3.97153
85     26     21     202.64     3.17379     4.44647
86     28     28     251.56     2.25732     3.50986
87     36     5     116.04     1.61151     3.81634
88     38     37     79.4     4.29342     4.9588
89     11     11     33.08     4.48526     4.55145
90     35     25     43.28     2.11686     4.7087
91     31     3     257.32     2.53824     3.05933
92     23     8     103.04     2.2257     3.6887
93     15     7     108.84     1.7571     4.64682
94     31     12     174.52     1.53952     4.91585
95     10     35     247.36     4.02532     4.97505
96     47     3     162.92     2.39767     3.85601
97     39     23     119.04     3.96518     4.32707
98     22     25     182.08     1.74418     4.09818
99     30     8     71.4     1.96753     4.6878
100     16     36     258.88     3.50192     3.34025
101     12     38     174.84     1.90835     4.63683
102     12     30     138.96     1.63192     4.68841
103     35     16     106.76     4.05255     4.55329
104     35     6     228.2     3.8825     3.26785
105     24     4     104.04     3.64634     4.63347
106     47     7     104.96     1.7241     3.14737
107     44     16     206.84     2.19643     3.22108
108     10     32     103.84     1.97255     4.57495
109     35     36     283.4     3.43698     2.94961
110     26     26     244.04     4.59976     4.02692
111     47     20     151.88     4.48323     4.69756
112     44     22     297.92     3.73125     4.56954
113     14     35     278.96     3.174     4.35568
114     14     28     94.04     4.83283     4.03218
115     16     19     148.48     4.10073     4.90761
116     35     13     48.8     2.08193     3.49429
117     10     30     98.32     2.32418     3.82191
118     43     2     216.88     3.43004     3.58394
119     22     9     126.88     4.27921     3.2577
120     32     2     294.2     1.84907     3.58905
121     41     19     41     1.86541     3.08161
122     34     8     252.04     4.76832     3.38145
123     19     34     32.8     4.72816     4.19836
124     28     10     212.92     2.69611     3.1531
125     42     30     224.16     4.72346     4.69314
126     13     3     46.12     3.03194     3.46492
127     32     12     89.96     2.07402     3.78651
128     8     18     13.52     3.06302     3.10793
129     32     29     214.16     2.20989     3.60248
130     44     18     85.4     3.65061     4.7776
131     45     37     207.84     4.29812     3.74798
132     13     8     244.84     4.10318     3.55945
133     35     28     123.32     2.45962     3.70594
134     33     24     193.08     2.73649     3.22863
135     28     24     116.32     3.17336     3.04002
136     12     23     50.64     3.12188     2.86073
137     20     25     160.76     2.86819     4.41244
138     36     18     129.84     1.52168     3.75568
139     14     3     91.28     2.70231     4.41389
140     38     38     222.92     4.51292     4.17432
141     45     15     58.8     4.52969     4.70626
142     23     30     83.72     3.29641     4.38704
143     35     27     219.92     2.05458     3.47728
144     35     9     239.24     2.69643     4.53497
145     14     6     27.8     2.17347     4.70901
146     26     17     290.96     3.34533     2.80419
147     45     29     108.48     3.00406     2.75681
148     22     37     115.84     3.55683     3.91186
149     47     24     60.8     2.10244     4.74288
150     23     16     177.56     3.38635     2.90483
151     37     13     42.52     3.36702     3.2606
152     31     15     133.12     3.87951     4.27145
153     20     12     138.68     1.63021     4.39261
154     38     15     87.68     1.50705     3.86471
155     12     34     72.72     4.43869     3.5406
156     30     37     220.44     2.28872     3.63941
157     35     15     305.48     3.51869     4.06804
158     32     12     134.12     3.10297     4.20042
159     18     31     277.44     4.43175     3.7553
160     46     18     134.32     3.18543     2.66388
161     22     29     187.6     2.4153     4.0669
162     47     19     270.56     3.81446     3.33178
163     25     3     295.48     2.41305     4.73212
164     22     5     85.48     3.18404     3.6774
165     15     19     177.84     2.79096     3.63697
166     11     2     278.72     3.96464     3.1447
167     34     25     205.12     2.24172     4.52986
168     25     18     149.2     2.05063     4.75959
169     30     14     209.4     1.87706     2.53861
170     38     14     76.64     1.99669     4.55329
171     37     7     288.16     2.5063     2.50122
172     38     30     115.28     3.14003     3.79948
173     28     4     237.76     4.10361     2.60781
174     41     27     278.36     1.91156     4.06232
175     44     18     170.96     3.96219     3.35574
176     40     30     75.88     3.33358     2.55837
177     18     26     255.36     4.0361     4.31776
178     27     7     181.56     3.20519     2.83006
179     8     39     154.28     2.96934     3.72143
180     14     7     256.88     3.97607     3.23214
181     42     27     119.28     4.31318     3.34216
182     31     39     260.08     4.80624     3.23054
183     9     11     227.04     2.42961     3.70792
184     42     22     127.56     4.31414     2.51358
185     35     7     115.04     2.08428     4.6173
186     30     31     32.76     2.01303     2.91612
187     33     35     165.48     1.72463     3.46881
188     38     1     79.4     1.93303     3.15531
189     40     8     78.64     3.44755     3.90454
190     32     21     269.36     4.43228     3.88005
191     9     19     33.84     4.15296     4.76417
192     33     19     137.88     3.69462     3.03171
193     41     29     159.68     2.88614     4.35324
194     23     30     180.32     4.9153     4.01868
195     34     18     290.68     3.36723     2.52281
196     13     19     242.08     1.67411     4.20194
197     40     18     304.96     4.70711     3.06261
198     19     38     79.72     4.49605     3.69449
199     36     11     212.64     4.81254     3.90538
200     27     13     256.08     1.59859     4.47218
201     12     29     103.08     2.47757     2.64489
202     13     27     115.12     2.32856     4.79804
203     25     21     52.6     1.66311     4.86618
204     36     22     185.04     2.28391     3.9581
205     24     18     164.76     3.96358     2.78733
206     31     1     169     3.12497     4.81071
207     18     19     73.2     3.26073     4.21583
208     25     19     116.08     3.07221     4.14754
209     28     39     270.88     3.56633     4.31486
210     10     14     159.04     3.59197     3.36741
211     47     35     309.2     4.05106     2.68418
212     35     25     92.96     4.26939     4.46287
213     33     8     124.08     3.76084     3.25251
214     29     31     139.4     3.36905     3.8187
215     18     18     120.12     1.5219     4.48256
216     35     38     208.88     4.08289     3.82359
217     32     18     181.04     1.53236     4.88838
218     44     32     228.92     1.96582     4.79362
219     28     13     102.52     3.641     3.86593
220     18     29     20.76     2.55896     4.7087
221     19     35     264.64     2.81468     2.83532
222     37     32     125.32     2.69964     4.26168
223     30     8     170.76     4.79246     4.19599
224     25     13     107.8     2.02019     4.71923
225     42     7     171.72     1.92715     3.0942
226     28     1     113.56     2.63277     3.596
227     8     2     93.56     3.71513     4.50323
228     25     34     96.76     4.0031     3.14089
229     22     27     251.08     3.0126     3.11586
230     39     27     309.48     3.51036     4.13564
231     12     7     172.08     3.94008     3.54961
232     42     25     273.84     2.69547     2.50633
233     40     37     271.84     2.97426     3.36406
234     9     9     207.72     1.69718     3.7476
235     34     35     155.44     3.72752     3.89119
236     23     23     196.88     2.87417     2.65801
237     25     17     193.36     2.41401     3.87761
238     35     40     142.64     2.61621     3.39
239     37     20     70.12     3.50481     3.44012
240     32     10     192.08     2.84223     4.81025
241     11     13     184.88     2.56911     3.33293
242     45     22     301.68     3.68532     3.6742
243     12     15     196.92     2.80389     4.52788
244     45     21     141.6     1.86637     3.1119
245     21     37     32.04     2.25037     3.10686
246     32     24     123.08     1.75465     3.92727
247     16     1     76.72     4.19857     2.96709
248     17     39     168.8     4.11536     3.70907
249     10     6     56.92     1.779     3.83877
250     14     11     138.2     4.04518     3.75477
251     44     15     220.64     3.24204     4.61463
252     27     27     126.36     1.59592     3.80726
253     42     14     276.6     3.4248     4.49324
254     40     11     178     4.08481     4.60303
255     15     38     233.04     2.90483     4.43358
256     22     40     60.64     2.59197     3.23412
257     23     1     141.68     4.84298     3.92262
258     45     22     282.36     3.14687     3.8216
259     35     19     112.28     3.51164     3.05589
260     25     10     96.76     4.10073     3.502
261     32     29     263.84     3.01228     4.9295
262     25     40     215.44     3.68735     3.726
263     16     11     151.24     3.17924     3.34529
264     23     38     199.64     2.77099     4.37002
265     24     14     261.36     1.67197     3.32888
266     26     15     233     2.7822     3.15989
267     25     2     240.28     1.75401     4.45929
268     31     34     185.56     2.34042     2.90719
269     31     9     207.64     4.75988     4.5114
270     20     24     254.6     3.06516     4.05797
271     13     15     73.72     4.74931     3.41159
272     27     9     247.8     3.57317     2.55432
273     30     28     214.92     2.84907     2.50488
274     29     39     211.16     2.66492     3.00806
275     13     37     65.44     2.78263     4.13526
276     45     26     276.84     4.69707     4.68711
277     39     27     72.12     1.58631     4.0379
278     32     18     230.72     2.64292     2.81396
279     36     26     102.24     3.5141     4.04462
280     28     8     276.4     1.84117     2.67777
281     9     19     64.2     4.62903     2.60117
282     22     38     173.8     3.93068     4.05766
283     25     11     185.08     4.08278     3.09778
284     18     18     233.28     3.47383     3.45889
285     23     34     155.48     3.58246     2.51106
286     23     31     92     4.26736     4.16204
287     13     13     15.76     2.04486     2.85958
288     32     20     120.32     2.83956     4.08437
289     25     29     36.04     2.93826     2.97136
290     44     11     292.4     2.13694     3.95329
291     19     13     187.36     2.81137     3.06375
292     31     27     254.56     2.8966     3.2931
293     40     23     155.92     3.01079     4.63622
294     39     31     265.32     4.20669     4.22346
295     26     8     70.16     2.58481     3.17522
296     16     29     49.12     2.75465     3.07092
297     46     39     253     3.87545     3.67222
298     8     31     176.36     4.76319     4.79278
299     36     27     196.08     2.79748     3.95322
300     28     13     265.36     1.61237     2.71325
