1     10     4     263.275     2.02307     4.12839
2     30     22     96.5167     4.15798     4.37117
3     19     14     95.75     2.2821     2.75689
4     13     29     143.475     4.30656     4.04386
5     25     25     35.2333     3.9358     2.7488
6     27     10     280.275     4.51218     4.86557
7     46     4     166.242     2.64377     3.25854
8     28     24     186.617     4.35228     3.37596
9     8     8     36.1417     4.72175     4.6688
10     26     19     38.7917     3.78637     4.3598
11     20     13     260.483     3.63907     3.95169
12     35     35     116.867     3.49669     2.61422
13     24     38     185.175     4.20498     2.84318
14     23     14     209.758     3.91871     2.52907
15     15     8     142.917     3.44104     3.82893
16     11     27     11     2.95674     2.97922
17     9     31     152.267     1.64217     3.94314
18     17     23     93.75     2.88923     2.52991
19     16     17     133.683     1.62433     3.88005
20     46     20     97.1667     1.96005     4.95415
21     44     1     97.725     3.16033     4.91783
22     34     13     149.125     2.15766     2.56272
23     32     22     269.925     3.10254     3.65444
24     35     19     81.05     1.68244     4.84718
25     27     9     254.692     4.69387     4.55718
26     43     19     268.133     3.60051     4.93439
27     8     18     210.108     4.56526     2.82342
28     13     14     263.717     2.18564     3.85449
29     30     3     122.1     2.92203     2.5547
30     36     16     122.983     2.94884     2.6207
31     25     4     91.5167     1.91615     2.743
32     20     33     237.458     2.85452     4.62233
33     31     29     61.7     2.70722     3.5696
34     47     39     246.55     4.2257     3.32911
35     36     39     140.892     4.71042     3.01622
36     18     1     153.592     2.83465     2.80961
37     46     28     232.758     3.53183     3.78925
38     45     38     193.383     2.68351     3.56075
39     26     18     136.008     1.59175     3.05574
40     22     4     185.733     4.96999     3.65055
41     13     4     230.458     3.43548     4.99222
42     14     26     164.942     2.74194     2.67327
43     27     9     252.133     2.73072     3.64612
44     43     6     112.075     2.2398     3.51695
45     36     11     117.867     2.95343     3.60988
46     36     31     194.617     4.42512     4.44334
47     34     33     256.575     1.76116     3.50681
48     41     21     94.725     2.69739     3.98083
49     21     30     164.267     2.05319     4.79003
50     8     20     8     3.79887     3.62903
51     39     39     87.6083     4.21876     3.35391
52     17     13     155.15     1.906     3.37695
53     24     25     126.333     4.07253     3.9581
54     35     13     221.758     3.90889     2.53235
55     10     9     171.175     3.47778     4.96353
56     44     36     276.808     4.3777     3.3652
57     14     25     131.683     2.1568     3.38099
58     13     22     230.458     4.71747     2.5618
59     46     10     166.242     2.18906     2.73339
60     11     5     251.483     3.00983     2.99326
61     25     21     273.158     4.19665     3.7286
62     32     14     116.425     3.54176     3.29478
63     19     33     65.05     2.21726     2.74621
64     32     8     170.15     4.02329     2.75887
65     33     16     176.267     1.7649     3.13654
66     21     24     61.9333     2.49081     4.04012
67     25     25     273.158     1.57808     4.33157
68     43     23     214.408     2.8997     3.67267
69     24     32     167.267     2.05501     3.76904
70     28     26     214.758     1.90301     2.90056
71     26     33     222.992     1.87674     4.12862
72     13     17     153.708     2.31874     3.82023
73     31     1     51.4667     3.81788     3.38084
74     39     1     72.2583     4.28391     3.33544
75     24     13     95.6333     1.74418     2.64855
76     47     11     167.242     2.09603     4.92508
77     29     9     126.217     4.79919     4.3804
78     47     18     57.2333     4.24332     3.22291
79     10     27     194.2     4.27569     3.33728
80     19     8     203.2     3.12038     3.91064
81     14     21     180.292     2.17753     2.89148
82     20     34     40.4667     2.93335     3.92262
83     19     22     90.6333     3.46742     4.1377
84     33     23     84.1667     4.29128     4.46341
85     16     9     90.1917     3.50192     2.81663
86     41     22     248.225     4.98547     4.33813
87     18     28     46.1417     2.15488     4.05209
88     9     5     246.925     2.95642     3.5947
89     46     35     145.775     2.62828     4.89906
90     20     18     209.317     4.94798     4.97948
91     17     35     103.983     1.94969     4.70519
92     47     14     128.867     2.34928     3.20383
93     9     23     239.25     4.65841     3.28509
94     41     37     266.133     1.72388     4.52559
95     17     23     254.925     3.67753     4.40603
96     25     15     58.2583     1.5267     4.14022
97     41     12     227.758     1.87588     4.58716
98     47     18     141.658     2.50822     3.88691
99     27     37     203.525     4.31521     4.71068
100     25     38     42.9083     2.80624     2.76574
101     23     29     222.55     2.18532     4.44586
102     24     7     187.733     2.22538     2.7678
103     16     34     131.125     4.42843     4.485
104     33     31     38.1167     1.70348     2.51778
105     45     7     119.192     1.54828     4.09268
106     13     2     102.542     4.96667     3.72913
107     17     11     103.983     1.60938     3.96672
108     33     24     268.367     4.87011     2.97136
109     20     32     43.025     1.9217     4.41237
110     30     14     37.675     3.42801     3.75057
111     31     5     69.375     4.91423     3.82832
112     10     12     145.592     2.53055     3.90156
113     43     29     227.2     4.69515     2.50557
114     37     1     262.133     3.84747     3.29333
115     35     38     211.525     3.80015     4.2391
116     21     27     266.6     3.92042     4.34629
117     14     26     141.917     4.12807     3.25121
118     35     39     249.9     1.94221     2.86256
119     14     17     218.667     3.56345     3.92819
120     44     23     256.342     2.72335     4.1686
121     19     21     59.9333     1.78776     3.36901
122     25     7     219.433     4.34683     4.56992
123     41     21     199.617     4.77686     4.24665
124     15     15     163.383     2.00887     3.11914
125     14     11     98.425     3.48675     2.98204
126     23     13     150.917     4.54999     3.69587
127     21     22     82.4     3.72677     3.23016
128     39     16     138.775     4.16973     4.89906
129     45     8     106.4     2.21982     4.67917
130     23     37     138.125     4.33273     2.75231
131     19     1     205.758     3.35099     4.66147
132     21     38     230.783     4.35922     3.72173
133     27     26     106.308     3.10233     2.57752
134     17     6     206.317     3.7053     3.04529
135     43     27     45.5583     3.17635     4.63279
136     34     14     261.692     4.92907     3.37611
137     41     14     263.575     2.80667     3.88531
138     16     27     105.542     4.84512     3.73714
139     16     25     197.642     3.25582     3.10846
140     8     14     240.808     1.86648     3.7888
141     31     8     146.125     4.00085     2.96373
142     43     10     104.4     2.03397     3.40915
143     17     25     63.05     4.60649     2.98753
144     14     26     136.8     2.73243     2.58644
145     14     22     139.358     1.7853     2.88995
146     36     40     232.992     3.09581     4.1242
147     25     14     227.108     2.64655     4.16608
148     47     23     282.367     2.59816     4.15853
149     24     37     272.158     1.63063     4.51964
150     35     10     257.575     1.8338     2.98875
151     8     31     197.317     1.6332     2.59949
152     19     11     195.525     1.98334     3.7196
153     46     33     150.892     2.31489     3.0488
154     18     5     158.708     2.96849     3.71616
155     22     24     198.525     4.60009     4.3656
156     20     26     76.2833     3.79342     3.87196
157     15     24     117.333     3.36157     4.57732
158     10     38     84.1917     1.57445     3.18842
159     29     22     52.025     3.29449     4.72655
160     25     18     173.383     3.25678     3.6681
161     39     6     195.058     1.97639     2.67037
162     11     10     46.8167     4.51869     3.0192
163     31     22     210.083     3.11536     4.69161
164     45     14     218.967     2.36306     2.67335
165     36     17     71.8167     3.98558     4.92203
166     32     13     213.642     2.89735     3.61583
167     35     37     42.675     2.55031     2.57958
168     24     14     64.9333     3.29972     2.52792
169     42     22     65.025     3.27259     4.51674
170     32     21     272.483     3.97383     3.24229
171     27     33     62.8167     4.11333     3.08153
172     35     29     224.317     1.89009     3.51009
173     23     1     58.8167     3.2163     4.29228
174     28     24     250.575     3.61579     4.58159
175     17     29     50.2583     4.2822     3.82298
176     40     8     103.958     2.03087     3.59806
177     46     40     189.267     3.12807     3.30256
178     31     17     94.9583     4.23318     3.7978
179     28     24     132.892     4.43634     4.4264
180     38     36     250.342     2.12925     2.53273
181     8     8     179.408     2.18949     3.37954
182     16     38     243.692     4.71502     4.59937
183     14     22     88.1917     4.29385     3.0739
184     24     23     134.008     2.54102     3.38046
185     37     37     285.158     3.38955     3.1962
186     16     12     133.683     4.36787     4.80102
187     40     36     137.217     2.34907     3.06978
188     30     5     119.542     2.50726     4.09497
189     38     29     119.867     3.46261     4.82864
190     18     16     245.692     3.35217     2.88621
191     27     31     226.55     3.31062     4.40291
192     25     4     216.875     4.09272     4.0804
193     29     13     159.475     3.82536     2.81869
194     29     31     282.275     3.12091     4.57038
195     8     4     87.3083     4.53813     2.80892
196     11     32     36.5833     2.12252     3.2535
197     27     9     90.9583     4.01495     3.23702
198     27     21     241.9     3.35633     4.36224
199     32     9     108.75     3.48003     3.83343
200     35     39     288.275     2.12038     3.60614
201     39     39     136.217     2.12572     2.74453
202     36     17     135.775     2.40739     4.62745
203     20     9     150.475     1.6113     4.3939
204     12     37     109.217     3.24557     3.26815
205     13     27     61.6083     2.2477     2.6558
206     35     22     124.542     4.72816     4.65049
207     45     35     103.842     4.87107     4.34225
208     30     15     114.425     2.2304     3.06925
209     43     3     53.2333     4.40312     3.00111
210     39     35     90.1667     3.81404     4.6971
211     44     3     256.342     3.09923     3.02774
212     18     27     214.992     4.31852     3.10198
213     36     12     199.733     4.9843     4.08902
214     33     11     143.008     3.64046     2.57721
215     33     30     48.35     1.9749     3.35917
216     42     29     75.2583     2.70103     4.28419
217     17     11     80.9583     4.19131     3.06902
218     28     12     268.483     1.59944     2.70707
219     15     25     173.617     2.45364     3.36711
220     29     2     225.992     3.45546     4.92119
221     42     12     290.158     2.96934     2.99379
222     47     35     269.575     2.93783     2.67197
223     46     33     268.575     4.70476     2.76704
224     30     8     65.8167     4.98216     4.76867
225     25     20     239.9     3.44627     4.38192
226     44     13     182.15     3.6943     4.78851
227     22     4     45.025     1.5486     4.52139
228     29     3     54.5833     1.94243     4.09497
229     30     26     116.983     2.3699     4.28037
230     35     15     191.058     1.63683     2.66724
231     10     37     68.8417     3.395     3.90202
232     19     25     198.083     3.19579     2.74346
233     18     9     117.775     2.04593     2.8267
234     14     5     177.733     3.70081     2.77535
235     33     19     71.375     3.67988     2.5531
236     34     14     64.7     4.23756     4.19568
237     39     38     133.658     3.77483     4.81216
238     46     22     58.7917     1.92566     3.49872
239     14     26     106.1     3.80271     2.55325
240     33     7     119.983     1.63587     4.63279
241     29     24     98.075     4.7899     3.7434
242     36     21     263.692     1.89329     4.20492
243     8     7     123.125     3.06494     2.97815
244     43     2     78.8167     3.97031     4.49889
245     46     18     107.4     2.19451     3.40571
246     32     17     277.6     2.16471     4.30517
247     26     7     97.6333     2.60639     3.96313
248     32     35     111.308     4.26811     2.56333
249     18     17     225.225     3.89981     4.42503
250     36     37     245.783     1.71812     4.8175
251     43     23     73.7     2.34341     3.26533
252     25     32     168.267     4.94243     4.98329
253     11     27     169.617     4.56163     3.33071
254     17     31     24.675     3.88614     4.92859
255     13     4     59.05     4.90643     2.82685
256     40     4     254.9     4.22976     4.36567
257     33     29     38.1167     3.51891     4.11786
258     39     28     161.8     2.79321     3.55655
259     10     36     168.617     2.0768     2.83662
260     20     31     135.125     3.62743     3.83053
261     38     4     73.8167     1.7304     4.80987
262     24     33     47.025     4.79374     3.4138
263     9     19     60.1667     3.22517     3.29325
264     24     12     128.892     4.8307     3.57288
265     10     28     173.733     2.21267     4.02112
266     45     3     149.892     4.40846     2.56882
267     44     5     251.225     4.24834     3.06726
268     28     8     248.017     3.17069     4.92553
269     30     34     224.433     3.47725     2.51907
270     31     23     84.725     2.2633     3.50917
271     28     17     28     2.00694     3.9639
272     34     32     230.992     2.05181     4.42145
273     28     29     219.875     3.46828     4.78736
274     38     25     214.525     2.02564     4.70397
275     10     19     122.567     1.76308     4.78538
276     9     18     95.9833     2.88945     2.8563
277     21     8     241.017     3.50011     3.08748
278     20     16     145.358     3.84277     4.66605
279     15     17     219.667     3.61771     2.89346
280     44     10     56.7917     2.04668     4.35102
281     16     1     131.125     1.69462     4.02211
282     17     39     116.775     4.77857     3.51482
283     44     38     54.2333     2.94809     3.27227
284     10     14     224.9     1.77291     2.91406
285     41     20     104.958     3.91914     2.59713
286     8     36     28.4667     2.75166     4.53864
287     26     1     161.592     4.84555     2.59011
288     15     10     186.408     3.64035     4.00426
289     15     39     101.983     3.22292     3.78422
290     32     20     165.033     3.97255     3.25732
291     18     5     99.8667     3.55234     3.26266
292     17     4     68.1667     1.98195     3.59294
293     19     14     123.892     4.77601     4.0833
294     11     12     74.9583     2.38144     3.98465
295     45     25     185.708     3.90013     2.5148
296     34     15     57.025     1.82942     4.72701
297     30     8     73.4917     1.8057     3.08535
298     9     17     139.475     4.58524     3.89073
299     11     17     115.892     4.24664     3.94398
300     36     27     92.2833     1.84971     4.09047
