1     36     26     252.72     4.09517     4.56603
2     31     20     345.244     3.62241     2.57317
3     12     17     900.552     1.91946     4.72938
4     13     22     13     2.36424     2.63535
5     33     21     163.032     2.58449     4.84252
6     39     18     634.98     3.57071     2.63741
7     38     31     742.34     4.05779     4.89486
8     28     19     1079.09     2.15851     4.88823
9     29     21     874.208     3.48569     3.19887
10     15     19     318.408     1.74503     4.61455
11     43     27     942.388     4.53471     3.15775
12     15     33     578.472     3.83444     3.13463
13     18     27     1090.76     2.42064     2.84524
14     31     26     908.716     2.68981     3.84495
15     14     31     772.52     2.62572     4.89876
16     23     16     575.636     3.39468     3.51833
17     9     32     366.588     3.30282     4.22346
18     26     30     730.34     3.60051     3.91606
19     15     26     1066.09     4.36723     3.511
20     46     24     1010.4     1.96219     3.71113
21     10     34     736.012     4.77558     4.06888
22     40     19     495.112     1.76159     3.22481
23     23     32     1063.26     1.99338     4.46326
24     21     33     541.128     2.71769     4.47569
25     16     25     124.36     4.1489     4.47378
26     25     29     1032.75     1.9843     4.04042
27     8     15     83.852     2.37471     4.36155
28     28     25     298.9     4.33657     3.72806
29     34     32     760.012     4.83764     4.44906
30     8     31     777.356     3.04305     4.06636
31     18     29     158.868     2.9546     2.51236
32     44     19     260.72     4.92715     3.10015
33     9     31     930.06     2.79823     3.98709
34     28     25     688.996     1.61418     3.00333
35     29     34     820.028     2.68725     4.98497
36     31     24     952.06     2.46785     4.50217
37     39     24     667.488     4.46699     3.12441
38     47     21     209.54     3.21267     4.11168
39     36     22     198.54     2.47511     3.67336
40     21     15     270.228     2.24471     4.18493
41     13     27     197.212     2.69697     3.50375
42     35     35     912.716     1.62967     3.27372
43     8     20     430.604     2.10639     2.85966
44     32     34     671.324     3.28872     4.30288
45     44     32     629.144     1.69568     4.93706
46     15     19     903.552     3.87075     3.05635
47     40     18     321.736     4.19248     3.27616
48     32     26     519.62     2.31371     4.47615
49     29     28     343.244     3.46315     4.46738
50     13     30     858.208     2.59229     4.27358
51     15     29     946.896     4.10553     3.66771
52     30     28     680.16     4.6536     3.35314
53     32     33     465.44     4.72805     2.93184
54     30     22     777.684     4.53984     2.54891
55     45     26     131.688     4.41604     4.85435
56     21     31     107.688     3.69964     2.67319
57     46     30     89.344     4.38667     4.02432
58     44     27     650.816     2.98515     4.878
59     27     17     81.18     4.83016     3.79383
60     19     27     94.852     2.3385     3.82885
61     18     35     429.768     3.93954     3.35719
62     14     30     187.376     2.66407     3.69098
63     10     22     530.128     2.62722     2.64412
64     19     32     766.684     2.88945     4.42854
65     11     28     552.8     4.4294     2.52449
66     46     27     522.784     2.71352     3.41525
67     27     17     384.588     3.59741     2.82594
68     45     31     489.276     4.04176     4.859
69     35     24     240.884     3.37802     3.16416
70     37     35     990.568     4.10949     4.53749
71     40     29     332.572     4.97928     4.08521
72     43     19     205.54     4.79235     4.84771
73     43     22     303.064     2.22485     3.52069
74     28     29     504.784     3.10425     2.66663
75     33     30     217.212     2.8966     3.55541
76     30     30     246.72     4.88336     2.52556
77     43     24     671.488     3.26319     2.50732
78     36     22     610.308     2.16407     2.59621
79     15     18     751.848     3.29705     4.82032
80     45     24     543.456     1.73916     3.48949
81     37     35     297.064     3.07872     3.76896
82     14     22     469.112     3.40643     4.86679
83     19     30     582.472     4.8887     4.47638
84     36     20     902.88     4.90493     4.86419
85     42     30     128.688     3.48643     4.74418
86     34     16     348.244     2.03771     4.82841
87     23     16     402.26     3.07776     3.69518
88     41     33     51.836     4.98291     4.36567
89     26     33     795.356     4.96849     3.22825
90     11     30     141.032     4.29086     4.20324
91     42     35     323.736     4.40643     4.78622
92     31     16     507.784     2.0705     4.363
93     23     32     868.208     3.61109     3.93536
94     41     32     463.604     3.36221     2.64801
95     31     18     345.244     2.48996     2.7588
96     23     30     77.18     2.69793     3.44119
97     34     16     608.308     2.04315     2.56096
98     21     19     573.636     4.34993     4.31669
99     46     18     1021.24     2.95471     4.38543
100     17     26     818.864     2.76554     2.96358
101     20     34     323.408     2.87246     4.84474
102     47     27     1098.09     3.69098     4.42259
103     40     20     570.964     2.87471     4.76333
104     38     31     861.536     1.98109     3.6343
105     45     32     131.688     2.12412     3.13242
106     26     24     546.128     3.59838     3.30111
107     31     34     670.324     1.71     3.87768
108     32     26     877.208     4.29769     4.56069
109     39     19     179.868     3.67763     2.93909
110     45     29     987.732     1.99947     2.97235
111     19     24     593.308     1.74418     3.16378
112     8     28     766.52     4.35078     4.81613
113     43     35     1018.24     2.20434     4.51109
114     27     35     352.08     3.47266     3.7035
115     20     33     399.26     1.52115     4.56977
116     38     27     157.196     1.89607     2.50198
117     17     15     363.752     4.60553     4.38864
118     35     30     1096.93     2.18511     3.071
119     46     19     728.668     3.28317     4.61867
120     35     24     208.376     2.24706     3.81085
121     11     35     769.52     2.44884     4.46844
122     16     22     37.672     3.33081     2.5238
123     15     31     816.864     2.90825     3.47148
124     33     24     195.54     2.71213     4.58846
125     34     30     1074.26     3.90707     3.56632
126     41     30     398.588     2.56719     3.94528
127     33     27     780.684     4.34779     3.9893
128     16     22     839.536     3.53247     4.39619
129     38     31     70.508     2.6943     3.97938
130     24     29     609.144     3.95322     3.71555
131     38     18     785.684     2.56366     3.29592
132     41     34     149.36     4.81906     3.07398
133     26     32     817.028     3.00481     3.04865
134     15     25     827.7     2.88667     4.2748
135     38     26     536.456     4.96625     4.34042
136     47     26     892.208     3.49081     4.80262
137     44     31     574.964     2.44948     4.72175
138     45     35     142.524     4.04176     3.18491
139     42     21     735.504     3.85153     4.95933
140     32     19     281.228     4.2116     4.66598
141     40     15     831.028     2.9937     3.61499
142     28     21     147.196     4.30656     4.6926
143     43     15     942.388     4.83871     4.43953
144     15     17     773.52     2.32803     2.71378
145     29     16     787.52     4.39489     4.07651
146     21     16     421.932     3.72047     3.79147
147     11     25     86.852     2.80773     2.58065
148     29     26     798.356     1.80677     3.02438
149     13     31     663.16     4.63993     4.24795
150     25     30     1054.42     2.41166     2.78474
151     18     25     1090.76     3.337     3.75752
152     34     23     109.852     1.67197     2.76666
153     17     34     385.424     3.88282     2.62764
154     25     15     653.488     4.53504     2.84776
155     25     22     176.704     2.14035     3.48254
156     31     15     247.72     3.44328     3.76286
157     17     22     1013.91     4.88197     4.63302
158     38     15     742.34     4.70882     3.09038
159     25     30     1043.58     3.00513     4.96849
160     46     15     750.34     4.57253     4.05118
161     23     22     499.784     2.93762     4.16257
162     41     32     474.44     2.453     4.61966
163     43     27     964.06     4.22912     3.19048
164     23     25     618.98     2.38176     4.44792
165     28     20     298.9     3.82995     2.659
166     11     18     1029.58     2.62636     4.60196
167     33     31     303.9     2.55853     3.94925
168     44     32     1008.4     1.50085     2.61032
169     17     16     1089.76     3.25561     3.17148
170     13     35     804.028     1.86402     2.82586
171     26     15     1077.09     4.12551     2.93298
172     45     35     1063.58     3.80485     4.59914
173     38     18     157.196     4.76608     4.41801
174     16     27     341.08     3.01506     3.26464
175     17     31     808.028     3.88507     4.78027
176     28     35     288.064     1.85078     3.94047
177     13     20     847.372     2.70466     4.84802
178     44     23     954.224     1.57958     3.13852
179     38     33     731.504     3.55319     4.64202
180     33     27     1019.08     3.8166     3.18918
181     15     29     957.732     3.64431     4.20499
182     20     19     550.964     3.64708     4.47729
183     27     24     243.72     1.54401     4.74464
184     13     20     999.076     2.43741     2.99081
185     28     32     363.916     2.32472     2.58866
186     40     22     1112.76     1.83283     3.1827
187     15     25     426.768     3.9075     3.45218
188     26     21     101.852     3.4435     3.64422
189     38     15     926.552     3.09047     4.51804
190     16     34     113.524     3.71662     3.09137
191     37     24     112.852     3.76672     4.32897
192     33     33     271.392     4.99797     4.16395
193     30     25     279.228     2.82771     2.99318
194     23     29     1041.58     4.27911     2.5367
195     13     28     208.048     2.75561     2.70173
196     42     27     724.668     1.63352     3.84312
197     36     31     881.208     1.90226     3.55853
198     20     34     377.588     3.83988     3.41182
199     8     21     40.508     4.45642     4.72282
200     30     32     170.868     2.19131     3.81542
201     18     16     809.028     4.5972     3.36451
202     10     26     811.864     4.99509     2.73179
203     23     26     510.62     4.33689     3.93178
204     31     24     887.044     2.25689     3.61805
205     33     21     618.144     2.04946     2.7308
206     16     26     958.732     2.55469     4.19645
207     44     33     206.54     4.1881     2.81877
208     21     27     172.704     2.0987     2.75384
209     10     31     302.572     4.18863     4.2085
210     25     27     187.54     4.97992     4.75257
211     47     31     773.012     2.06206     4.3865
212     42     17     930.552     3.60532     4.75425
213     37     15     459.604     1.67336     4.14258
214     20     31     269.228     3.32098     3.65642
215     17     32     927.224     3.20882     3.71281
216     46     34     1010.4     3.72282     3.74126
217     20     19     377.588     4.82963     4.23437
218     35     31     836.864     3.15435     4.03661
219     35     23     35     3.01421     4.51331
220     43     27     433.096     1.89244     3.49017
221     31     16     41.836     2.08737     3.10427
222     47     20     892.208     4.0204     4.45593
223     22     34     639.652     4.93741     3.20368
224     33     19     314.736     3.98825     3.99243
225     33     26     314.736     2.41925     2.85424
226     26     29     968.732     3.36093     2.97456
227     28     26     472.276     3.44798     2.96266
228     25     15     805.192     1.75401     3.01736
229     33     23     531.456     4.27686     3.1299
230     43     33     173.032     3.95663     3.7122
231     21     23     877.044     1.96432     2.79366
232     13     30     554.8     4.74172     2.67556
233     32     31     346.244     3.02884     2.68349
234     12     31     748.848     3.86435     3.41052
235     18     23     1014.91     2.79011     4.08834
236     38     24     926.552     2.2476     3.48056
237     9     32     182.376     1.89863     3.43631
238     46     21     425.26     3.85505     2.9957
239     12     24     163.704     4.05245     4.68795
240     36     24     621.144     2.25144     3.41182
241     43     29     823.192     1.90141     4.54077
242     42     31     1093.09     4.35099     4.14129
243     36     23     816.192     3.63907     2.94694
244     40     27     495.112     3.85249     4.47737
245     8     16     896.552     2.28188     3.94353
246     41     27     322.736     2.36306     3.3301
247     44     24     325.736     3.13608     4.29479
248     44     29     954.224     4.70797     4.27564
249     41     18     171.032     4.45193     4.94751
250     12     16     207.048     2.42886     3.41708
251     36     25     924.552     4.76533     2.79847
252     24     15     966.732     4.96999     2.55867
253     14     16     826.7     1.92747     2.77467
254     36     24     707.832     3.04978     2.69189
255     29     27     798.356     4.82162     2.72553
256     46     35     674.488     4.22335     2.79435
257     17     30     786.356     1.76693     3.62842
258     17     26     927.224     4.1285     3.94116
259     8     28     625.652     4.61098     2.6059
260     22     22     769.684     1.92299     3.72868
261     26     17     654.488     4.00801     3.75614
262     38     30     341.408     3.90654     3.511
263     14     31     674.996     3.8872     4.29495
264     33     34     379.752     4.83166     3.44859
265     20     19     1027.75     2.10532     3.51146
266     19     15     62.344     2.90162     2.86981
267     9     29     604.98     4.79022     4.53543
268     33     35     282.228     2.95674     3.44447
269     22     22     704.668     4.3683     3.91728
270     24     19     739.176     4.34597     2.67037
271     33     20     954.06     1.78274     4.02058
272     47     24     285.392     4.98878     2.67212
273     42     20     768.012     2.89767     3.22756
274     32     29     270.392     4.12241     4.31265
275     47     30     664.652     3.08898     3.95627
276     11     21     509.456     3.73798     4.11626
277     32     20     172.868     2.02446     3.49063
278     35     23     826.028     1.70305     4.00601
279     44     25     715.832     3.13053     2.62337
280     22     16     271.228     4.57253     3.85182
281     34     27     164.032     4.74632     4.61089
282     25     20     1021.91     4.08641     4.33218
283     17     27     309.572     3.96539     4.44075
284     34     20     250.72     4.85559     2.60743
285     9     30     854.208     2.66524     3.41189
286     45     18     662.652     1.73457     3.30706
287     8     28     192.212     1.7242     4.02722
288     16     35     1012.91     4.88272     4.82757
289     38     23     590.636     4.42555     2.6986
290     38     34     438.932     4.01132     3.44417
291     25     31     1043.58     4.54903     2.76444
292     47     26     1022.24     4.82002     2.73469
293     9     26     767.52     4.65072     2.81983
294     22     34     899.716     4.6191     3.31599
295     21     21     31.836     1.52937     2.8592
296     35     16     674.324     1.64068     2.89239
297     12     27     293.736     1.88133     3.23107
298     39     30     277.392     3.03664     4.11756
299     45     34     88.344     1.64142     3.90599
300     34     19     792.52     3.56377     2.76757
