1     42     29     53.445     3.84672     2.78146
2     45     21     56.445     3.85965     3.2506
3     22     20     75.41     3.43591     4.18706
4     19     27     190.675     4.99466     3.25014
5     36     22     196.23     2.10831     4.49713
6     39     15     187.785     1.66631     3.7038
7     26     27     37.445     4.28947     3.14463
8     27     34     358.905     1.73307     4.97017
9     21     32     360.535     2.7617     3.57425
10     20     30     107.745     2.72933     3.59172
11     35     35     191.415     2.85035     3.91568
12     12     23     282.865     4.89553     4.37605
13     24     24     306.31     3.29641     2.97044
14     15     30     266.79     1.89436     2.7871
15     34     30     255.27     3.81681     4.01074
16     38     35     202.045     1.71566     2.6516
17     44     35     227.12     4.35324     3.89035
18     40     35     70.52     4.268     4.17562
19     47     28     409.425     3.00694     4.96902
20     12     31     202.75     2.15734     4.77493
21     28     18     230.195     3.16225     4.84817
22     32     35     81.595     4.65499     2.71783
23     27     23     91.855     1.79673     3.92026
24     13     35     253.345     4.35089     3.57997
25     23     18     366.35     4.4796     3.23
26     24     21     355.905     1.99594     4.51216
27     40     28     272.715     4.05704     2.64786
28     19     35     133.45     2.03119     3.82008
29     47     28     191.97     3.52532     4.35682
30     26     20     140.45     3.30464     3.35726
31     46     33     381.72     2.59133     4.15082
32     30     28     297.05     2.47522     3.72982
33     46     25     141.375     3.92085     3.04643
34     37     17     128.56     3.10543     4.81445
35     30     28     266.53     4.07349     4.20644
36     16     32     347.905     2.43965     4.0878
37     27     34     118.56     4.12658     2.67632
38     12     17     153.155     4.8714     2.77001
39     11     27     26.26     4.98483     2.9329
40     10     19     315.2     2.59763     4.77905
41     40     29     204.045     4.87909     4.24604
42     31     17     233.195     3.96069     3.49841
43     27     22     374.165     2.55159     3.85182
44     37     16     281.16     4.47736     3.85746
45     46     29     309.235     2.62893     2.93954
46     16     27     256.345     2.05533     4.72388
47     25     15     208.12     2.18287     2.9503
48     41     21     75.335     3.89853     4.10855
49     46     30     187.155     3.97821     4.68818
50     22     25     250.9     4.09774     4.68352
51     14     28     109.375     3.90803     2.74415
52     16     18     309.755     1.9106     4.61165
53     42     25     99.225     1.61739     2.73255
54     44     35     414.055     4.72858     3.68961
55     17     25     97.115     2.81361     3.83984
56     19     21     34.26     1.73019     4.80262
57     17     23     108.56     2.76394     4.18561
58     10     33     334.275     2.72431     3.19208
59     30     19     312.31     3.48163     3.99701
60     42     22     202.23     2.17806     3.53603
61     37     19     395.61     1.59859     4.09467
62     9     35     16.63     4.93474     4.84115
63     44     15     97.41     2.92651     4.69146
64     47     30     218.675     1.61707     3.14821
65     46     28     328.31     4.20402     4.50407
66     10     30     200.75     2.22025     4.54962
67     12     35     347.72     1.5329     2.67685
68     43     26     184.155     1.88977     3.51932
69     31     19     57.705     4.50117     3.51794
70     23     28     175.6     4.88966     4.0556
71     24     30     302.495     3.49316     4.0482
72     46     26     412.24     1.75539     3.6359
73     16     22     180.045     2.18778     4.36247
74     47     16     157.635     4.63726     4.98482
75     8     31     152.97     3.2445     3.3034
76     11     28     255.16     4.32792     3.15348
77     42     33     164.08     3.1755     4.44807
78     45     33     319.68     2.98077     2.91307
79     30     24     163.525     3.40696     4.90638
80     41     21     403.425     3.51314     3.95909
81     46     28     46     2.52692     4.43266
82     33     21     280.975     4.69868     3.92926
83     34     30     312.495     4.72068     4.84931
84     33     15     128.375     1.94638     4.2336
85     12     32     336.275     2.39393     4.78347
86     21     34     257.53     4.26768     3.69709
87     37     32     204.86     2.98334     4.71526
88     38     26     205.86     4.43014     2.51442
89     23     30     129.82     1.9545     4.83985
90     24     27     256.715     3.80004     4.01807
91     9     25     375.24     3.48772     3.24053
92     31     17     214.12     4.37118     4.25787
93     47     22     401.795     4.85078     4.37574
94     13     19     96.93     2.98163     4.3939
95     39     29     73.335     3.95941     2.87736
96     45     30     106.04     1.71822     3.40159
97     36     23     119.93     2.12583     2.66221
98     28     33     134.82     3.00865     3.58913
99     23     21     84.04     1.9938     3.85617
100     43     21     382.535     3.39981     3.92743
101     41     26     327.125     4.16204     2.52983
102     38     33     301.235     3.52585     3.6932
103     26     32     102.3     2.49413     3.24824
104     40     26     272.715     2.76116     3.92354
105     21     18     391.055     2.61771     4.43129
106     45     33     407.425     3.06345     4.18355
107     34     33     68.335     4.10884     4.02829
108     30     26     56.705     4.50214     4.6469
109     27     30     46.075     2.36552     3.00371
110     8     30     332.275     2.97533     3.48766
111     15     17     137.08     3.16866     4.13663
112     21     35     101.115     4.1144     4.58609
113     10     24     40.52     4.42929     3.63147
114     34     26     117.93     4.37567     3.04567
115     19     31     396.685     4.62476     3.04216
116     31     33     175.97     2.31938     3.52367
117     44     29     291.975     2.92149     4.00838
118     27     28     301.68     1.57701     3.8731
119     38     21     396.61     4.98569     3.30439
120     45     27     369.275     2.00534     4.09848
121     11     15     64.41     2.9812     3.20032
122     28     15     272.16     3.52799     3.12288
123     9     29     310.385     3.25518     4.6363
124     32     19     375.35     1.66503     3.3684
125     38     28     213.49     3.71128     3.20795
126     46     32     339.755     2.74995     3.14844
127     23     32     26.815     4.86979     2.9664
128     16     19     241.085     2.83337     4.37292
129     39     28     142.005     2.116     3.02873
130     27     23     187.23     3.77537     3.06566
131     14     35     55.965     4.63598     4.50209
132     39     17     290.79     3.52446     2.69501
133     31     22     320.94     4.03867     2.71981
134     35     26     141.82     2.5846     2.81579
135     41     33     235.565     4.6677     4.79095
136     46     19     141.375     2.16952     3.02461
137     39     27     393.795     3.59848     4.96048
138     47     33     306.42     4.54433     4.7277
139     25     24     74.595     4.3244     2.7842
140     38     23     408.055     1.55448     3.22039
141     32     23     173.155     4.62903     4.11443
142     40     16     364.275     3.84373     2.58034
143     29     15     326.57     4.14772     4.89898
144     39     35     130.56     2.257     3.3723
145     19     31     49.52     3.61493     2.79252
146     31     25     168.34     4.93335     3.16561
147     41     18     208.86     2.79983     4.08055
148     27     31     362.72     3.08428     4.86457
149     9     29     211.195     4.12978     3.41525
150     22     18     331.015     1.96155     2.85043
151     44     24     196.6     4.50021     3.86502
152     42     31     213.675     1.51057     4.43747
153     27     32     355.09     3.27345     4.77516
154     21     35     330.015     3.71277     4.13945
155     31     30     355.275     1.96358     4.94194
156     30     19     281.79     4.61472     3.25053
157     26     34     296.865     2.60991     3.59905
158     21     34     188.86     2.54454     4.73754
159     20     20     199.305     4.83743     4.21651
160     16     18     27.445     1.51709     3.44478
161     39     20     416.685     1.60436     3.61141
162     23     25     225.195     2.82504     4.11222
163     11     34     87.3     1.63886     3.87234
164     41     22     144.005     2.3182     4.70489
165     42     16     412.055     1.56078     4.59571
166     28     25     333.2     3.87086     2.55608
167     13     29     383.055     2.19323     2.93397
168     41     26     82.965     3.53525     3.32217
169     30     22     331.385     2.55971     3.95772
170     22     22     296.68     3.88421     2.74987
171     36     33     39.815     3.0706     3.82908
172     11     19     33.89     2.53984     3.75683
173     35     25     324.94     3.89543     3.28791
174     13     15     199.935     3.89062     3.82405
175     41     23     334.755     2.02371     3.95116
176     21     27     227.01     4.99562     2.70058
177     41     18     52.445     4.51346     4.9237
178     42     26     129.745     4.67635     2.92184
179     12     30     99.745     1.92555     4.72228
180     43     31     359.645     4.29577     3.13906
181     11     28     354.35     3.4483     3.51199
182     46     23     149.005     3.7257     4.26199
183     38     26     87.595     4.20679     3.15493
184     20     31     123.005     3.00043     3.41418
185     41     31     407.24     3.76116     2.57179
186     34     33     312.495     2.65905     3.20055
187     41     31     376.72     2.29267     3.4154
188     34     32     224.75     2.77441     3.78712
189     11     18     201.75     2.47639     3.55693
190     8     35     248.345     4.16994     2.79397
191     13     34     112.19     3.04176     3.38527
192     46     18     129.93     4.82429     3.00012
193     35     32     172.34     1.52051     4.91798
194     24     28     394.055     1.9624     2.86134
195     12     19     252.345     2.68244     3.72494
196     32     33     390.61     3.33604     4.83985
197     11     22     373.425     4.65841     3.6652
198     43     27     355.83     2.18906     4.04706
199     14     19     223.825     4.75069     4.43526
200     34     31     392.61     3.41295     4.69894
201     34     18     102.67     3.93121     4.43091
202     34     15     178.97     2.88806     4.38307
203     21     28     24.815     3.02734     3.92064
204     37     35     292.605     4.01271     3.6391
205     42     18     217.49     4.59442     3.53206
206     38     27     312.68     4.92074     3.35147
207     9     30     230.27     2.9765     3.05109
208     41     33     86.78     1.88485     4.95384
209     37     21     365.09     4.55458     3.03262
210     41     33     48.63     1.90921     3.44722
211     20     15     145.895     4.68191     4.22513
212     8     15     374.24     2.50844     3.23008
213     42     26     358.645     1.80699     4.80628
214     11     25     64.41     1.67411     4.24047
215     14     17     277.235     3.28487     2.93207
216     35     26     210.49     3.02969     3.41151
217     11     16     83.485     1.87374     4.59845
218     37     35     323.125     2.17154     3.93895
219     40     25     326.125     3.42213     4.31448
220     34     22     312.495     3.1991     4.86084
221     41     28     193.6     4.24055     3.58936
222     8     26     225.455     2.43089     3.45058
223     28     30     218.75     2.16279     4.73075
224     24     29     184.23     2.30934     2.92184
225     37     15     113.3     2.79417     4.95636
226     30     34     201.675     2.9922     2.94603
227     27     34     320.755     3.44627     3.31759
228     20     23     103.93     3.13234     2.98265
229     8     16     122.45     3.76073     2.93611
230     38     34     209.675     2.84405     3.42135
231     29     23     318.94     4.51944     3.55258
232     15     21     274.42     1.8574     4.53757
233     27     17     252.085     1.64249     4.3878
234     43     31     191.785     3.36039     3.25983
235     43     27     138.375     3.37439     4.81674
236     28     21     203.49     2.52788     2.74995
237     23     30     400.685     4.15584     2.85462
238     29     32     70.965     1.73862     4.79545
239     39     23     222.12     2.68564     3.9565
240     26     29     83.225     3.47949     2.51465
241     29     35     154.895     4.66802     2.62734
242     22     20     25.815     1.93698     3.37451
243     33     34     338.2     3.24813     4.34706
244     26     21     396.055     4.77718     2.52037
245     30     31     205.49     3.63555     2.80587
246     37     35     155.265     4.61184     3.91873
247     35     16     405.055     4.41433     4.95415
248     15     30     152.34     1.65296     4.31234
249     35     34     96.04     2.04123     3.86258
250     13     22     257.16     4.05501     4.98749
251     13     15     299.125     4.53162     4.39703
252     32     25     43.445     2.44339     3.85449
253     44     23     291.975     1.83166     4.20408
254     14     29     311.57     2.63202     2.84013
255     24     19     130.82     4.88005     2.51053
256     31     29     172.155     4.52713     3.09259
257     44     26     379.72     2.85484     4.23429
258     33     19     86.41     4.21918     2.99913
259     14     32     292.495     3.11002     4.40817
260     36     20     154.265     1.76202     4.01616
261     19     18     270.79     3.2978     2.91642
262     15     15     37.89     4.14046     4.31181
263     32     29     215.12     4.17945     4.54382
264     34     17     308.68     2.4232     2.72103
265     17     34     55.15     3.62348     4.33622
266     17     22     223.01     3.60596     3.01325
267     46     30     389.35     3.29118     3.27509
268     23     19     190.86     1.64003     3.47224
269     17     29     131.45     3.50929     4.26351
270     41     22     212.675     3.14922     4.28884
271     33     33     151.265     3.83091     3.42517
272     31     31     389.61     2.83412     2.76605
273     10     31     284.68     2.28349     4.21552
274     15     19     354.535     3.0642     3.83656
275     19     30     209.75     3.80432     4.34568
276     34     21     243.825     4.15648     3.39282
277     31     20     248.455     2.86349     3.01881
278     44     20     143.19     3.84309     4.42961
279     12     21     301.94     3.27473     3.47896
280     24     16     69.78     2.42491     3.49925
281     39     34     50.445     1.69301     3.37222
282     41     17     254.64     3.11397     4.97894
283     22     15     140.265     4.80068     2.9207
284     18     19     292.68     4.06217     3.15104
285     28     33     108.115     3.17977     3.40899
286     32     35     47.26     3.07819     4.59563
287     17     29     364.165     3.37321     3.48254
288     11     35     381.055     4.53236     3.39534
289     40     16     280.345     2.63245     3.25953
290     33     21     139.82     3.94777     4.15334
291     31     28     195.045     4.35345     3.75431
292     42     31     76.335     2.77964     2.82319
293     34     30     167.525     4.1991     4.11389
294     12     22     225.64     4.38282     2.85127
295     32     24     215.12     2.91028     4.16669
296     25     24     261.53     1.66503     4.13221
297     44     21     269.085     3.80367     4.78401
298     21     28     295.68     1.9295     4.77607
299     30     33     133.005     1.95749     3.55365
300     16     29     374.61     4.90397     3.18873
