1     18     1     488.976     2.4467     3.68427
2     34     20     269.488     2.80976     3.13578
3     30     18     297.6     3.56537     3.95985
4     9     1     153.504     3.9577     2.66938
5     43     30     406.936     4.33689     4.91241
6     30     29     56.76     3.71844     3.51215
7     26     16     165.152     3.3934     3.54526
8     14     15     51.464     3.57231     4.84519
9     47     9     79.112     2.79759     3.57356
10     38     18     455.456     4.60906     3.24976
11     29     6     558.848     2.69654     4.37895
12     34     5     553.144     1.52489     3.06894
13     32     16     433.4     1.66396     2.77772
14     42     11     486.216     3.30955     4.58106
15     41     35     372.824     2.72922     2.60063
16     24     17     462.864     3.6176     4.98589
17     38     7     86.168     4.09432     4.58548
18     19     27     334.768     2.33059     4.70412
19     23     10     172.856     2.53792     4.08185
20     31     23     271.84     4.80389     3.98801
21     25     28     57.112     2.50769     4.06949
22     19     16     142.096     2.30293     4.84565
23     39     25     242.376     2.89874     3.48773
24     34     20     392.584     3.62604     3.27692
25     36     19     89.52     3.52136     3.37825
26     18     6     216.024     2.41487     4.32295
27     19     37     425.752     3.25454     3.3401
28     24     5     24     2.65275     4.9266
29     24     17     489.624     3.88838     3.29752
30     26     19     448.808     4.34993     4.60692
31     20     11     223.376     2.15285     3.07962
32     35     39     382.88     1.91668     3.9452
33     36     28     180.504     4.93506     4.81346
34     27     28     326.712     2.22399     3.38389
35     10     8     143.8     4.68319     3.12845
36     37     23     486.568     2.85174     4.8381
37     11     24     241.136     2.49829     3.17476
38     31     5     405.64     4.02361     3.61888
39     39     9     472.512     1.91423     3.95268
40     13     19     296.656     1.73072     3.17026
41     13     35     382.288     4.8636     4.45555
42     46     28     345.712     4.04219     2.6175
43     28     34     161.8     2.83219     2.62474
44     37     6     133.336     4.10286     4.62882
45     19     17     99.28     1.70156     4.61745
46     18     37     157.152     4.31895     3.58882
47     10     10     74.224     3.2775     4.38627
48     38     15     278.84     4.23115     4.08521
49     30     23     442.104     3.00684     3.57227
50     27     15     257.136     4.5753     4.70756
51     17     28     396.992     3.8825     4.21003
52     41     34     67.76     3.03001     4.65827
53     32     3     85.52     4.53429     4.24474
54     26     20     250.784     2.65275     3.17682
55     43     31     530.032     3.50908     3.36291
56     24     12     98.928     1.50267     4.2761
57     17     9     359.528     2.23702     4.13457
58     9     20     394.344     1.95087     4.29075
59     25     30     153.448     3.18629     3.46828
60     42     34     175.8     4.67891     4.73907
61     33     30     322.008     3.20423     4.37918
62     40     34     66.76     4.86402     2.99638
63     43     39     481.864     3.04743     3.06833
64     33     2     279.192     4.55223     3.28196
65     36     16     458.808     1.59795     3.81619
66     9     4     249.84     2.71897     2.95709
67     19     15     249.136     2.76789     4.18683
68     21     7     256.488     1.5173     4.13694
69     16     35     74.872     3.59122     3.04605
70     28     38     440.104     4.2131     3.11411
71     26     19     545.144     2.00267     3.89142
72     9     16     469.272     4.80816     2.59529
73     47     37     448.4     3.30517     3.49437
74     35     6     345.416     4.35099     4.24978
75     41     15     217.616     4.32365     3.35604
76     13     32     227.08     4.93474     4.07079
77     43     26     289.192     4.24685     3.97427
78     38     17     327.008     2.3825     3.04956
79     32     26     417.344     3.65712     4.42389
80     18     6     499.68     2.12102     3.16141
81     44     16     204.56     2.24632     4.74921
82     31     19     116.632     2.24033     3.66489
83     33     23     38.352     2.22132     3.66932
84     33     14     364.824     3.24247     2.71256
85     11     10     16.352     3.39468     4.09536
86     38     34     359.12     2.47682     4.27549
87     28     37     456.16     3.96443     3.96084
88     42     22     470.16     4.7633     2.87896
89     26     24     432.752     3.48099     4.86412
90     13     19     414.4     3.70231     3.65184
91     20     23     346.472     4.50117     3.52329
92     24     9     307.656     3.67389     2.68746
93     24     28     425.4     2.43004     3.54434
94     44     10     472.16     2.02211     2.71783
95     8     3     136.448     2.05063     2.50053
96     27     13     48.408     4.92897     4.09963
97     40     29     248.728     4.74023     4.32546
98     20     13     474.92     3.47415     3.61309
99     9     30     94.632     4.8746     4.51781
100     11     16     508.736     4.38411     3.57379
101     26     16     31.352     2.42021     3.1592
102     47     40     239.672     3.46657     3.75568
103     18     5     430.104     3.71363     3.24419
104     35     6     286.544     3.23414     3.62812
105     23     24     194.264     3.42737     4.32279
106     37     18     293.896     4.71502     4.90432
107     18     37     135.744     3.72549     3.9555
108     10     3     143.8     4.95022     4.40275
109     32     21     53.408     4.10447     4.48111
110     16     5     433.456     3.6802     4.72114
111     11     27     171.56     3.92267     2.59629
112     43     6     80.464     1.71694     2.72233
113     31     25     480.568     3.6175     4.24894
114     40     1     377.176     1.50545     3.33399
115     45     4     382.176     4.60949     4.8426
116     45     36     483.864     2.87097     3.65886
117     12     19     274.248     4.39361     4.75417
118     47     25     523.328     4.45471     4.89937
119     27     28     203.616     4.31948     2.66427
120     18     16     44.76     3.83732     4.59357
121     8     31     495.032     2.05757     4.19965
122     21     3     245.784     3.34875     4.16425
123     28     2     391.936     3.75368     3.38801
124     12     32     402.696     4.06729     4.27992
125     36     35     148.392     3.37054     4.42595
126     12     27     370.584     2.00406     3.02889
127     17     9     338.12     2.71726     3.75896
128     42     34     127.632     3.97661     4.4058
129     17     19     59.816     2.16642     4.97391
130     44     23     220.616     3.66941     4.60982
131     37     31     315.304     4.05768     4.00403
132     46     26     244.024     1.88176     3.65642
133     25     13     180.208     4.29011     4.6469
134     31     12     159.448     4.46379     4.80132
135     31     25     421.696     3.60147     4.39405
136     25     28     233.728     4.93869     4.27641
137     19     13     297.304     3.53471     3.07367
138     37     30     283.192     4.31382     3.83892
139     40     28     318.304     4.5925     4.30609
140     44     39     482.864     1.57894     3.63247
141     42     32     122.28     3.07894     4.77065
142     23     35     461.864     3.89137     2.86119
143     43     37     337.36     4.12903     3.78636
144     32     32     513.68     3.94884     3.27586
145     15     20     304.008     1.92491     3.20429
146     23     8     322.712     1.55052     2.97266
147     47     25     368.12     4.10126     2.61254
148     14     26     51.464     2.84523     3.00485
149     25     29     83.872     2.33551     4.85397
150     29     25     264.488     4.26618     4.30631
151     14     29     324.416     4.62893     4.35614
152     47     27     352.064     3.15445     4.92767
153     43     40     524.68     3.27174     3.27403
154     27     36     305.304     3.57007     2.58553
155     16     37     123.04     4.49883     2.94511
156     20     1     303.656     3.28893     2.52388
157     12     11     391.992     4.33038     3.15668
158     9     5     46.464     3.98943     3.18751
159     8     8     516.44     1.60201     4.22643
160     22     23     129.04     2.62487     4.70847
161     39     11     328.008     2.68126     4.39436
162     17     26     445.16     2.48419     2.70493
163     21     17     122.688     3.87193     2.52846
164     22     20     525.088     1.94008     4.8928
165     13     11     350.176     4.00555     3.642
166     43     32     556.792     2.88432     3.0089
167     32     38     294.248     1.72111     4.72358
168     20     4     539.144     3.8511     2.54807
169     21     2     117.336     1.93185     3.37985
170     17     4     546.848     2.32728     2.81144
171     36     36     271.488     3.47928     4.29052
172     27     36     428.4     2.7508     4.76783
173     18     5     323.064     2.97522     3.47583
174     35     26     372.176     2.19579     4.22773
175     16     24     326.416     4.33081     2.8769
176     11     18     342.824     2.7461     2.8296
177     43     23     374.824     2.47351     2.74812
178     34     23     173.152     1.55512     4.33874
179     46     15     174.448     4.25155     4.36216
180     20     1     185.912     4.09507     3.75851
181     43     24     567.496     2.52542     3.02751
182     24     26     286.248     4.5909     4.25405
183     38     38     252.08     4.94745     3.91911
184     41     32     255.08     3.64463     4.38894
185     19     18     313.36     1.92811     3.22008
186     46     6     313.6     3.54572     3.1737
187     10     34     464.92     3.29096     4.57755
188     42     18     116.928     2.26843     2.92749
189     42     12     555.792     3.61419     3.36955
190     44     24     300.896     3.65798     4.9514
191     35     23     463.16     2.25945     3.78574
192     31     6     336.064     1.80346     3.01523
193     19     3     452.512     4.58962     3.71975
194     19     31     356.176     2.59848     4.65636
195     42     12     480.864     4.37204     4.97391
196     10     16     534.496     1.98868     2.79054
197     38     10     519.68     3.37107     3.77728
198     37     21     283.192     4.90803     2.63627
199     47     28     293.192     1.62711     4.11573
200     37     5     352.768     4.40141     3.951
201     36     17     292.896     3.92363     3.87402
202     42     10     443.4     4.93516     3.57967
203     20     5     282.248     3.94072     3.79154
204     23     2     92.576     2.39532     3.31652
205     14     18     506.384     2.09774     4.22948
206     44     9     327.656     4.77345     3.0784
207     34     4     178.504     4.58257     4.75082
208     18     37     435.456     2.53845     4.39154
209     37     28     197.56     3.56772     4.01326
210     19     24     516.736     4.199     4.19004
211     17     14     295.304     1.61504     4.97414
212     32     1     545.792     4.04988     3.92743
213     35     3     270.488     3.26789     2.90773
214     8     3     34.76     4.60842     4.00044
215     43     32     96.52     1.82963     3.73608
216     16     5     503.032     2.73734     3.48529
217     40     21     436.048     3.33134     2.6706
218     21     1     186.912     2.45546     2.68654
219     17     23     509.384     3.68511     3.16797
220     12     29     472.272     1.93538     3.49834
221     37     38     513.328     3.0267     3.69716
222     35     4     447.104     3.68938     2.57836
223     36     8     100.224     4.74439     4.81986
224     37     14     224.32     2.44211     4.83421
225     43     12     219.616     2.69579     4.08277
226     26     28     309.656     3.19173     4.7219
227     20     7     367.88     2.11258     3.72303
228     36     29     36     2.95717     2.85752
229     43     27     150.04     4.19152     3.68564
230     35     28     88.52     2.71438     2.94122
231     43     27     492.568     3.37439     4.95323
232     34     7     162.448     4.01901     3.99289
233     23     8     365.528     4.31446     3.18911
234     32     9     48.056     4.31692     2.90147
235     9     39     239.136     2.53119     2.69211
236     24     9     120.336     4.94232     4.78652
237     31     9     234.376     2.25144     3.16424
238     33     34     546.792     3.80357     3.67115
239     41     1     570.848     4.93922     4.29075
240     15     25     336.12     4.25582     3.46934
241     28     18     493.624     3.51228     3.13242
242     8     34     387.992     1.66161     4.28426
243     18     7     183.912     3.24642     4.33126
244     16     19     165.856     3.6395     4.01952
245     23     16     188.912     2.86744     3.12738
246     13     30     269.896     3.49861     2.80335
247     46     20     260.08     2.33038     3.68984
248     12     11     226.08     4.86242     2.72462
249     26     9     224.024     2.28605     2.75842
250     34     4     141.04     2.97906     2.88179
251     29     37     221.672     2.23574     3.59935
252     20     32     314.36     3.21972     4.74441
253     28     17     509.68     4.37268     2.77238
254     31     17     491.272     3.2633     2.82624
255     25     33     351.472     2.1113     4.71137
256     32     14     321.008     1.97052     3.17293
257     16     38     305.008     2.30485     4.11626
258     38     26     252.08     3.44382     4.65934
259     19     36     308.008     4.14847     3.65886
260     11     11     176.912     2.27537     3.10167
261     30     20     260.136     4.77152     4.4998
262     31     35     550.144     2.48323     3.18155
263     12     19     145.8     3.5173     4.61898
264     21     34     342.12     3.63373     3.18155
265     8     40     495.032     4.90931     4.95788
266     43     10     572.848     3.15221     2.53464
267     28     10     386.584     2.8056     3.37504
268     46     25     409.936     4.3213     4.68551
269     37     24     379.528     1.74076     3.91316
270     36     19     46.704     1.96603     2.76368
271     37     15     122.632     1.95524     3.87959
272     17     30     354.176     1.8276     3.07092
273     8     32     505.736     4.11194     3.73844
274     35     20     190.208     3.62294     3.87928
275     23     24     435.104     2.20028     4.81635
276     21     13     374.232     3.79363     4.5426
277     17     38     359.528     3.12903     4.81933
278     24     26     521.736     3.94104     4.92058
279     13     8     478.624     3.00427     3.66321
280     13     27     312.712     3.94937     2.6146
281     17     6     27.704     4.09709     4.61646
282     28     25     349.12     4.2963     3.01729
283     46     21     51.352     2.49754     3.25442
284     24     29     468.216     3.55084     4.6733
285     25     13     554.848     2.45663     4.22811
286     9     31     271.248     1.55939     4.953
287     20     12     453.512     4.9153     3.34315
288     32     24     155.096     4.81831     3.53931
289     19     17     506.032     1.72132     4.95315
290     31     17     223.672     2.53418     3.72639
291     15     2     180.912     3.53407     4.66407
292     39     9     258.432     4.373     4.03073
293     38     38     444.752     3.41572     4.85267
294     47     11     528.68     3.39425     2.61498
295     33     35     91.872     2.11077     2.99562
296     44     14     573.848     4.17539     4.5249
297     45     34     515.976     4.01271     2.81312
298     28     3     231.376     4.12102     4.23704
299     43     22     513.976     4.81863     3.22298
300     9     2     447.864     4.96208     3.5213
