1     19     29     367     4.77804     4.9147
2     27     23     479.4     2.90472     4.54573
3     18     18     331.2     2.37834     3.8728
4     40     34     610.72     2.05362     4.73586
5     13     21     326.2     2.01335     4.72259
6     47     29     513.32     3.90344     4.26222
7     42     30     396.96     4.84939     4.97467
8     36     30     488.4     3.43805     4.66407
9     9     31     224.76     3.00011     3.09969
10     13     19     625.48     2.67475     3.97267
11     33     32     67.8     3.49477     4.67063
12     8     26     307.28     2.47383     4.26016
13     33     30     144.36     1.931     3.81787
14     31     20     573.88     3.53739     4.50079
15     32     21     338.24     3.81777     4.99672
16     19     25     513.16     2.59432     3.74477
17     46     27     554.08     2.60372     2.56767
18     31     15     114.52     4.77387     4.60486
19     41     16     194.12     1.89457     3.18888
20     33     33     429.72     3.16567     4.55466
21     41     17     298.52     4.85751     3.52138
22     20     18     576.8     2.56825     2.54028
23     35     34     717.08     2.31233     3.2461
24     8     22     8     3.42416     3.40442
25     34     35     632.56     1.51132     3.39496
26     40     28     589.84     1.94317     2.622
27     17     20     601.64     4.60617     4.99237
28     43     22     725.08     2.91337     3.84991
29     27     32     347.16     3.30143     3.01096
30     28     31     529.12     3.19814     4.28724
31     11     29     254.6     3.69718     3.13913
32     19     27     46.84     1.92245     2.84997
33     12     25     694.08     4.31799     3.8609
34     26     30     638.48     2.34587     3.65726
35     19     32     144.28     4.32952     3.84846
36     16     16     670.24     1.92277     4.82963
37     8     22     530     3.44339     4.66765
38     17     27     114.44     2.05084     2.60086
39     16     23     280.48     4.00822     3.7949
40     35     31     389.96     2.5062     3.2419
41     30     32     496.32     4.78968     2.94801
42     11     25     651.32     1.56655     2.79641
43     13     24     555.88     3.93655     4.22819
44     38     30     184.16     1.82183     4.63073
45     39     20     387     4.13576     4.07544
46     9     28     231.72     4.1724     4.79415
47     10     24     427.6     2.45343     2.53578
48     18     31     352.08     4.01421     2.69341
49     14     16     278.48     3.36499     2.84204
50     36     31     516.24     3.61205     4.57892
51     32     16     721.04     2.47116     3.80551
52     22     35     286.48     2.16012     4.84313
53     10     24     10     3.9028     2.52159
54     29     21     363.08     2.03012     2.63253
55     8     25     314.24     4.91263     4.88754
56     22     19     370     3.2069     3.77125
57     45     31     72.84     3.65413     3.93178
58     37     30     663.4     3.41081     2.99677
59     36     25     356.16     2.1489     3.45737
60     25     28     533.08     3.90921     4.0099
61     31     31     379     4.44082     4.4966
62     28     21     647.44     3.51389     4.83512
63     35     16     619.64     2.93719     4.57846
64     16     33     475.36     1.76682     3.49483
65     10     19     664.24     1.93912     4.80911
66     37     27     531.16     4.31339     3.99571
67     8     20     460.4     4.85762     4.76417
68     44     33     204.08     2.4624     2.62734
69     15     16     161.16     3.61771     2.69379
70     24     35     170.16     3.93484     4.57381
71     36     15     523.2     1.75091     3.54053
72     15     21     223.8     2.79855     3.33712
73     31     32     427.72     4.67421     4.76913
74     30     18     57.84     4.09218     2.97411
75     30     27     607.68     1.65638     2.50893
76     34     17     368.08     1.63523     3.1447
77     26     26     596.72     2.4734     3.00981
78     47     21     492.44     3.52628     4.47363
79     32     16     122.48     2.74909     4.40863
80     21     29     459.48     3.82814     4.22391
81     26     23     568.88     3.98494     3.80985
82     22     24     265.6     1.94136     4.7837
83     44     34     412.88     4.27697     4.67849
84     9     34     120.36     3.16482     4.96452
85     24     35     93.6     1.71982     4.54444
86     27     15     361.08     3.94339     4.1129
87     42     15     104.64     3.49893     3.02057
88     32     25     66.8     3.80367     4.03432
89     36     26     390.96     2.16909     2.63276
90     14     32     563.84     1.97693     3.72929
91     11     22     338.12     3.1222     4.96216
92     43     21     592.84     3.21021     4.44227
93     24     22     469.44     1.74055     4.60051
94     33     28     589.8     4.7633     2.52297
95     9     20     412.68     4.73969     3.41777
96     26     17     234.8     3.09517     2.60041
97     13     19     597.64     4.69654     2.64214
98     46     25     498.4     2.73702     3.56883
99     27     19     674.28     2.26725     2.75262
100     30     22     273.6     2.85217     4.88685
101     36     30     495.36     2.59111     3.68389
102     36     19     488.4     3.48473     3.1885
103     12     17     631.44     3.38218     2.84433
104     8     31     77.6     3.49466     4.20759
105     13     19     256.6     2.7084     3.44569
106     22     19     571.84     4.18137     2.51335
107     12     24     165.12     1.9592     3.14585
108     11     27     108.44     4.59378     4.05988
109     34     21     145.36     3.99904     3.00386
110     27     20     472.44     2.52852     4.04691
111     12     22     464.4     3.0094     4.24772
112     45     25     420.84     4.71577     2.59407
113     12     16     74.64     4.51827     2.85386
114     45     19     184.2     4.19173     3.2271
115     13     16     521.08     2.11675     4.44075
116     25     20     393.88     1.85954     4.17653
117     43     25     356.2     1.86338     4.47264
118     13     18     528.04     2.23745     4.98909
119     9     24     510.12     3.37609     3.77834
120     32     15     644.48     4.39415     3.45157
121     17     22     114.44     4.1113     4.3807
122     44     35     106.64     2.07157     2.82731
123     32     16     164.24     2.33059     3.13929
124     34     31     75.76     3.49605     4.40474
125     47     26     262.76     2.2555     3.20544
126     43     19     300.52     4.37599     2.85867
127     27     27     555.96     3.90899     3.2899
128     40     31     492.4     1.58716     4.42465
129     13     25     381.88     2.14452     4.74296
130     44     16     593.84     2.04646     2.88446
131     35     27     48.92     1.86328     3.94681
132     44     35     621.68     2.27174     3.36581
133     29     28     606.68     3.9185     2.52075
134     22     21     648.4     1.63031     3.95299
135     25     32     567.88     3.70647     2.83914
136     39     25     477.48     3.77441     2.61101
137     8     28     523.04     2.44702     3.86067
138     42     15     668.4     2.76373     4.42213
139     23     23     447.56     3.14943     4.77157
140     32     29     150.32     2.87695     4.13411
141     47     32     67.88     1.76704     3.9404
142     43     16     446.68     2.10906     4.02196
143     21     17     424.68     1.53899     3.18598
144     11     30     150.2     2.35687     4.56183
145     42     28     139.44     1.51965     4.8571
146     25     35     219.88     4.29267     2.91688
147     44     30     559.04     4.79524     4.22498
148     22     33     425.68     4.42395     4.23696
149     11     33     254.6     4.38816     4.68894
150     29     15     189.08     4.84223     3.26876
151     29     31     175.16     2.84875     3.29341
152     44     30     440.72     4.15798     3.78079
153     19     18     116.44     2.53504     4.05843
154     32     22     59.84     4.62423     3.29875
155     41     27     194.12     1.57883     4.12168
156     30     16     30     3.94659     3.15508
157     10     22     601.6     2.54027     2.69417
158     34     16     458.56     3.28167     3.84999
159     18     22     254.64     2.25005     2.82762
160     12     20     60.72     3.42245     3.2252
161     26     29     394.88     4.83807     3.49414
162     38     16     93.68     3.17133     4.95048
163     32     18     206     1.95033     4.47935
164     24     35     274.56     3.40088     4.82223
165     36     18     237.84     4.15424     4.08727
166     28     23     160.24     2.80143     4.87503
167     20     27     695.12     4.52873     4.65781
168     18     22     700.08     2.81724     2.80541
169     16     15     106.48     3.94478     3.39679
170     12     17     290.4     4.26907     4.2082
171     31     30     420.76     3.53183     3.51886
172     11     21     533     2.66471     2.62505
173     41     32     187.16     2.83219     3.20215
174     17     27     114.44     3.19739     4.90646
175     26     18     325.28     3.6427     4.85633
176     21     29     466.44     2.93121     4.38475
177     13     16     361     2.04379     4.70206
178     42     26     181.2     3.17389     4.36102
179     15     20     488.28     3.61707     2.66404
180     24     30     413.76     3.03771     4.40374
181     24     29     699.12     2.34864     2.57622
182     10     23     525.04     2.18703     4.46005
183     22     17     189.04     3.72175     2.69875
184     14     18     480.32     2.27483     4.27976
185     9     35     120.36     4.49541     4.04866
186     8     28     300.32     3.56452     3.15134
187     40     27     603.76     2.67154     4.04218
188     15     35     599.64     3.7414     4.95125
189     26     15     81.68     2.64954     2.94969
190     46     21     658.48     2.41006     3.50467
191     14     28     292.4     1.5674     3.1637
192     29     35     418.76     4.28071     3.25999
193     12     23     534     2.33145     3.77865
194     46     19     108.64     3.54144     2.77451
195     42     16     410.88     4.33316     2.98318
196     32     22     87.68     1.91914     3.51375
197     32     34     574.88     3.35313     3.26609
198     23     32     106.52     4.42779     3.96237
199     11     19     171.08     4.15349     4.43304
200     10     33     351.04     3.30314     4.04843
201     30     15     266.64     3.75625     4.43693
202     27     17     159.24     2.6269     4.8793
203     28     19     202     4.91124     3.02065
204     19     17     401.8     3.13651     3.7907
205     39     32     233.88     3.74931     3.17209
206     43     31     105.64     3.22335     4.70832
207     13     21     381.88     4.12508     2.8914
208     20     25     159.2     2.11835     3.82084
209     14     24     76.64     2.64538     4.77172
210     32     22     115.52     1.76511     3.06711
211     47     20     715.16     3.88688     3.39091
212     15     28     383.88     3.88047     3.9346
213     26     25     269.6     2.79972     3.01729
214     44     30     545.12     2.20199     4.07056
215     12     26     666.24     4.29951     3.12708
216     13     20     277.48     4.92459     4.20621
217     45     23     580.92     3.04668     4.23437
218     30     26     197.04     3.32237     2.89285
219     35     31     341.24     3.91359     4.03348
220     13     24     695.08     2.06003     4.05087
221     32     21     66.8     2.63811     3.85472
222     15     20     467.4     2.69088     4.83062
223     15     27     119.4     3.66588     2.93107
224     11     34     101.48     3.3417     3.78681
225     11     15     317.24     1.67977     2.97914
226     26     35     227.84     4.08641     4.3646
227     24     19     65.76     3.81628     3.09114
228     38     27     490.4     4.00641     3.69831
229     40     35     694.24     1.56996     4.94018
230     39     17     87.72     3.9388     4.223
231     24     19     295.44     4.38539     3.29768
232     39     21     185.16     4.41166     3.09786
233     16     29     120.4     1.93612     4.36384
234     39     31     310.44     2.26704     4.44327
235     46     15     644.56     2.09197     4.40977
236     39     33     296.52     3.47212     4.38887
237     11     34     519.08     4.57285     3.73287
238     43     25     453.64     3.11643     3.93521
239     21     22     208.92     4.79075     3.42425
240     41     32     173.24     2.59806     4.62783
241     27     21     604.68     3.37909     4.94896
242     44     23     371.12     4.49615     4.54306
243     13     18     632.44     3.90953     2.53815
244     19     26     67.72     2.63192     4.58731
245     25     23     282.52     2.29588     3.39496
246     10     35     65.68     2.3166     2.60811
247     47     34     673.4     2.88678     3.21131
248     24     19     643.44     4.28669     2.81808
249     22     24     495.28     1.74386     4.4982
250     24     18     114.48     4.82728     3.03125
251     44     28     440.72     3.60949     2.72851
252     25     24     700.12     1.58246     4.71191
253     42     24     42     2.56046     2.79191
254     21     23     111.48     1.55373     3.33552
255     21     29     174.12     3.35014     3.26251
256     30     34     308.4     3.28498     4.06346
257     23     19     670.28     2.93762     3.47865
258     20     29     54.8     2.23574     2.72835
259     28     34     257.68     2.20444     3.436
260     8     26     376.88     1.84213     4.6337
261     38     19     225.92     2.35932     3.9922
262     29     25     564.92     2.26426     3.66451
263     9     17     294.36     3.52927     4.88464
264     17     20     594.68     1.82226     4.21163
265     31     34     316.36     2.0392     3.06032
266     32     33     101.6     4.11921     3.408
267     13     19     110.44     3.87909     3.81893
268     9     19     127.32     2.85121     3.67718
269     12     23     401.76     1.85762     4.76737
270     23     21     405.8     3.80656     3.09511
271     9     17     155.16     3.94456     2.58744
272     18     27     442.56     3.54999     3.56357
273     22     30     516.16     4.29962     2.61635
274     36     25     189.12     1.79652     4.2967
275     23     31     322.28     1.98943     3.73875
276     28     22     424.72     1.97191     3.11975
277     37     22     357.16     4.39212     3.5921
278     38     34     121.52     3.46059     3.08054
279     47     24     360.2     4.7884     4.08414
280     41     27     82.76     3.04091     4.37323
281     44     30     433.76     4.14153     4.72312
282     31     27     664.36     2.00897     4.0743
283     41     23     695.24     3.56398     3.76011
284     25     31     407.8     4.98836     3.69205
285     33     32     290.52     2.47137     4.64438
286     25     24     665.32     3.42843     4.52734
287     33     24     513.24     2.4247     2.79069
288     21     22     515.16     3.29032     3.34773
289     24     33     135.36     2.65947     2.65984
290     11     32     212.84     2.41946     3.37374
291     45     25     330.36     4.80261     2.65053
292     15     19     502.2     1.60617     3.07764
293     8     34     335.12     2.27601     2.80503
294     15     17     77.64     3.83412     2.79481
295     23     29     64.76     3.38977     2.82655
296     8     35     265.52     1.71502     4.14754
297     19     31     492.28     4.12017     2.90925
298     38     31     434.72     2.1129     4.78126
299     41     30     361.16     1.57712     4.88105
300     8     30     307.28     3.95364     3.41357
