1     44     30     564.32     3.2398     4.40954
2     14     32     79.04     3.20946     3.63086
3     24     32     858.68     4.65275     3.86235
4     40     15     636.2     4.30656     3.33766
5     23     20     1020.28     1.65798     3.7138
6     18     31     289     3.81201     4.953
7     46     30     750.6     1.51752     4.50621
8     8     24     1059.48     3.08908     4.93957
9     27     27     37.84     4.70391     2.89293
10     43     22     736.76     4.81297     3.51306
11     42     16     649.04     4.14826     3.24999
12     33     26     672.56     4.5612     2.65931
13     42     29     659.88     4.17614     4.59944
14     35     29     848     2.09389     4.46478
15     30     31     886.36     3.1301     2.84608
16     38     16     699.24     4.32055     4.75852
17     28     26     494.12     2.68084     3.32636
18     35     35     750.44     2.45343     4.56809
19     17     17     103.72     1.82482     3.66924
20     23     17     890.2     3.85057     4.38627
21     19     27     951.24     3.56975     4.47035
22     36     20     523.8     3.04433     3.75195
23     21     34     432.92     2.80795     2.77825
24     22     19     802.48     3.95824     3.642
25     31     15     605.52     4.37674     3.39351
26     30     15     344.36     2.31147     4.17684
27     11     19     238.64     4.80634     2.97945
28     42     29     930.88     1.71075     2.63771
29     17     18     764.96     4.25582     4.48668
30     35     33     165.08     3.9294     4.29708
31     36     30     849     3.13576     4.38864
32     14     31     393.4     4.87417     3.56075
33     43     28     975.24     4.41903     2.73118
34     28     24     689.24     3.23948     2.92344
35     17     27     1003.44     4.13854     3.49345
36     34     17     88.2     4.3496     4.73609
37     29     33     137.4     1.57306     2.76185
38     41     33     1038.28     1.68757     3.28578
39     27     16     81.2     4.62049     4.71648
40     39     17     776.12     2.61205     4.68886
41     41     15     496.28     2.35762     2.9294
42     20     20     822.16     3.7617     4.59525
43     19     18     907.88     2.78904     4.47691
44     14     25     176.6     3.64687     3.70685
45     8     25     463.28     2.7822     4.36262
46     22     19     217.12     3.42918     3.60691
47     26     21     481.28     2.19056     2.75391
48     25     23     25     2.88784     2.90315
49     17     24     353.04     2.66407     2.53121
50     40     18     766.28     2.07434     3.68244
51     41     33     160.24     1.64751     4.64866
52     24     35     826.16     1.65424     3.2786
53     31     16     312.84     2.56558     3.8084
54     10     25     638.72     1.93612     3.85243
55     17     32     60.36     2.69643     4.4467
56     19     30     951.24     4.08898     4.78416
57     11     21     54.36     4.23179     4.53291
58     38     30     666.72     3.0455     2.87866
59     34     30     88.2     3.02521     4.68078
60     30     18     203.44     3.59517     2.88324
61     29     30     343.36     4.02777     2.57195
62     20     24     150.08     3.66268     3.31721
63     47     29     57.84     3.9106     2.69311
64     47     17     719.08     4.27483     2.61483
65     39     16     104.04     3.87609     3.88371
66     15     33     383.56     4.21502     3.08039
67     8     22     886.04     3.65552     4.69825
68     24     28     728.6     3.86509     2.65549
69     17     24     428.92     4.69483     4.07941
70     38     20     243.96     4.23446     4.49957
71     37     20     676.56     1.52702     4.84497
72     27     27     276.32     4.67689     4.382
73     20     21     1082.32     3.33412     4.98619
74     34     26     445.92     2.7947     3.38748
75     25     19     274.32     1.69355     4.27938
76     16     35     156.92     3.5313     3.43356
77     26     28     58.52     3.51485     3.7096
78     38     16     970.24     2.44916     3.10076
79     43     18     736.76     3.16214     2.70699
80     8     34     680.08     2.69803     3.77499
81     43     27     476.6     2.26501     4.19591
82     41     29     463.76     2.66823     3.60263
83     38     24     590.84     3.71641     4.9556
84     37     26     1066.8     3.33273     4.25848
85     25     15     903.04     4.35804     3.79475
86     45     35     532.8     3.77665     3.02515
87     41     30     940.72     3.85366     2.53723
88     14     24     144.08     2.4138     2.68647
89     29     26     766.12     1.74952     4.82154
90     34     15     565.16     3.89116     4.232
91     23     30     337.36     3.72282     2.71134
92     14     29     957.08     3.68062     4.87449
93     30     27     311.84     2.01592     3.62011
94     27     23     178.76     2.85815     3.88043
95     47     27     719.08     3.56142     2.54669
96     37     24     904.2     4.07082     3.7125
97     31     17     713.92     4.29075     4.625
98     30     28     615.36     2.69088     3.9845
99     19     22     626.04     4.13363     2.98425
100     12     18     456.44     4.65777     3.22893
101     33     33     694.24     3.20273     4.42404
102     15     24     112.56     4.50716     3.47713
103     44     17     846.16     3.66717     2.89956
104     44     21     466.76     4.08802     2.65183
105     28     33     396.56     3.31318     3.3211
106     21     35     595.52     1.96667     4.77256
107     28     20     49.68     1.7915     3.16515
108     39     16     515.96     2.51891     2.97243
109     34     15     391.72     2.05362     4.39825
110     10     33     1083.16     2.70882     2.82899
111     42     16     844.16     3.47458     3.21314
112     45     20     1020.6     2.05597     3.50665
113     11     27     11     4.16332     2.57813
114     23     23     857.68     4.28979     4.2114
115     8     18     994.44     1.96101     2.59774
116     31     27     507.96     3.69077     3.45859
117     32     32     454.76     4.62647     3.68717
118     37     22     828.32     1.62027     3.65314
119     23     33     456.6     3.70904     2.55783
120     38     33     590.84     4.23756     3.48209
121     35     32     1108.16     3.1097     3.51718
122     36     33     599.68     4.90323     3.11953
123     24     19     566     4.32856     2.5792
124     43     31     780.12     3.77174     4.74418
125     28     28     797.64     4.40034     4.38871
126     14     20     946.24     1.5705     3.36947
127     36     35     968.24     3.01794     4.4573
128     24     26     414.24     2.56676     2.98646
129     37     18     763.28     4.84277     4.2127
130     19     19     636.88     2.22175     3.01851
131     36     23     36     3.00224     3.8596
132     45     30     391.88     1.53215     2.58896
133     22     29     412.24     3.27654     3.05368
134     46     34     306.16     2.56035     2.60117
135     9     21     681.08     4.97052     4.3881
136     19     24     430.92     2.6504     3.13135
137     25     29     740.44     4.97436     4.69207
138     46     22     371.2     4.83241     3.63323
139     27     15     980.92     4.0125     4.14205
140     43     20     346.52     2.41455     3.45614
141     14     19     631.88     4.5784     3.18621
142     44     15     813.64     4.26266     2.67457
143     37     16     329.68     4.05768     4.78019
144     38     30     851     2.76629     3.23115
145     31     20     345.36     4.03877     4.43587
146     11     29     596.36     3.49359     2.8914
147     47     25     816.64     4.31126     3.08306
148     46     28     642.2     4.5329     4.51178
149     28     21     981.92     2.55063     2.74346
150     42     26     1071.8     2.52179     3.11907
151     17     31     1079.32     3.19248     2.51625
152     11     31     542.16     4.36477     3.30363
153     14     26     469.28     3.99188     4.87777
154     18     22     364.88     2.63608     4.42419
155     14     28     512.64     2.27216     4.79217
156     22     20     683.24     2.17304     3.62514
157     23     30     825.16     3.36039     4.13564
158     22     16     921.72     3.35452     4.16723
159     22     32     650.72     3.20989     3.93269
160     16     21     688.08     1.56751     4.06972
161     40     16     126.72     4.7116     4.40474
162     29     17     571     2.86221     2.56539
163     17     33     830     4.69141     2.83181
164     26     26     437.92     3.29321     4.36857
165     33     18     943.56     4.09613     4.2262
166     9     20     843.68     1.94894     4.25466
167     26     20     719.76     2.86648     4.81841
168     14     33     1076.32     2.16855     4.45318
169     35     28     360.2     3.99744     3.35665
170     43     26     205.6     4.44638     4.85252
171     40     26     1037.28     2.28626     2.7179
172     12     30     933.4     1.52286     3.51756
173     40     23     430.24     3.26864     4.33157
174     35     29     761.28     3.66546     2.52014
175     37     27     112.88     2.34085     2.91581
176     21     28     270.32     3.13363     4.08116
177     40     27     386.88     4.57103     4.02669
178     11     18     932.4     3.83444     4.52574
179     27     31     894.2     4.69665     4.41931
180     34     18     1042.12     4.16385     3.5509
181     45     16     641.2     4.31051     2.72149
182     36     27     1054.96     3.036     3.80581
183     17     18     504.8     3.2336     2.92032
184     13     29     836.84     4.60019     3.28394
185     39     26     700.24     3.57573     3.16103
186     38     35     645.04     4.14473     3.02858
187     33     30     33     1.98344     4.85794
188     37     33     806.64     4.1896     2.65023
189     31     25     215.28     1.57573     4.61875
190     35     25     999.76     4.76479     3.65642
191     13     34     1010.28     1.56687     3.98061
192     37     18     481.44     2.87759     3.09481
193     40     30     809.64     3.07701     4.45898
194     12     23     543.16     4.66717     2.50778
195     12     27     651.56     3.13053     2.90895
196     45     23     337.68     4.74546     4.70046
197     32     32     75.36     4.84106     4.69924
198     18     15     169.76     2.72741     3.32034
199     16     23     525.48     1.78498     4.69825
200     30     21     84.2     4.44745     2.7501
201     34     28     576     3.06195     3.57295
202     21     30     367.88     4.36328     3.31294
203     18     28     429.92     4.54262     4.40062
204     34     22     402.56     1.64858     4.28961
205     22     26     813.32     4.30421     4.59197
206     39     35     234.12     4.4718     4.74876
207     43     24     682.56     2.75401     3.12792
208     40     21     1048.12     4.96272     4.68963
209     38     23     742.6     4.93976     3.10862
210     40     32     636.2     1.86691     3.99701
211     44     17     922.04     4.04689     4.61425
212     27     29     1013.44     4.38849     4.20881
213     35     21     782.96     2.08535     2.87904
214     35     25     425.24     3.21747     3.0961
215     38     30     710.08     4.76202     4.27786
216     27     30     493.12     3.24845     4.55588
217     12     21     44.52     4.54102     2.62474
218     39     31     39     2.48376     3.81581
219     10     20     96.72     4.39222     3.2844
220     42     26     421.4     4.62583     2.95228
221     45     26     229.28     1.72634     2.59583
222     29     32     473.44     2.35591     4.21995
223     8     29     734.28     2.51869     2.60887
224     15     34     47.52     4.80175     3.69472
225     44     29     260.8     2.61878     3.63308
226     8     30     517.48     4.19098     2.72858
227     27     18     449.76     2.74931     4.59868
228     45     25     337.68     4.19355     4.71747
229     12     27     998.44     4.69098     3.73074
230     31     29     367.04     4.95054     4.68101
231     35     31     804.64     2.65574     4.53536
232     28     27     732.6     4.29139     4.15517
233     14     28     761.96     4.8479     4.59868
234     12     20     120.4     4.638     3.8976
235     25     35     707.92     4.71107     4.69787
236     29     32     1080.48     4.59645     4.40489
237     18     19     50.52     3.36467     3.2252
238     23     32     88.04     3.23649     4.24299
239     21     35     638.88     2.72687     3.42441
240     9     22     583.52     3.058     3.68923
241     41     16     84.36     4.3245     3.43944
242     43     29     1029.44     4.64602     3.68801
243     26     27     914.88     3.29171     4.17569
244     25     21     881.36     3.51122     2.61811
245     13     20     338.2     2.05512     4.97398
246     15     33     199.28     3.12091     3.37275
247     47     19     697.4     1.70743     4.59662
248     31     29     518.8     2.11429     3.25213
249     47     19     849.16     2.56729     2.52678
250     28     31     916.88     4.70786     4.16852
251     31     19     887.36     3.42779     3.07932
252     27     15     970.08     1.78626     3.16408
253     15     28     687.08     2.99167     4.82475
254     21     22     400.4     3.18276     3.24053
255     33     17     206.44     3.49487     2.82548
256     14     31     306.68     2.14463     4.50224
257     22     32     477.28     2.51656     3.68503
258     41     15     864.84     4.98868     3.1106
259     24     31     154.08     4.47768     3.40884
260     33     20     444.92     3.44221     3.05246
261     38     30     168.08     2.82557     3.0784
262     41     31     940.72     1.67283     3.2194
263     35     16     696.24     2.90835     4.83772
264     46     34     403.72     3.50534     4.80094
265     47     32     578.16     1.5345     3.19147
266     16     24     243.64     1.82504     3.98907
267     12     35     499.8     3.72121     4.1174
268     21     23     996.6     1.67101     4.99641
269     19     27     333.36     3.12978     4.48912
270     21     20     443.76     3.5141     3.38565
271     21     33     411.24     3.18896     4.31303
272     47     33     686.56     2.72452     4.71282
273     42     28     909.2     1.90515     4.27694
274     26     29     351.2     1.72591     3.4817
275     13     26     446.6     3.36082     3.61148
276     37     26     633.2     3.337     4.91195
277     21     25     823.16     3.39959     3.26395
278     40     30     1015.6     2.8009     4.51872
279     46     16     859     1.99968     4.38444
280     40     16     386.88     3.00246     3.00562
281     38     30     341.52     3.83444     4.625
282     31     19     1028.28     3.87161     3.96954
283     17     22     363.88     3.52008     4.75059
284     41     25     1049.12     4.47607     4.41847
285     38     24     124.72     4.55159     3.06314
286     25     25     653.72     3.79994     3.10106
287     31     35     475.44     1.92523     2.63802
288     42     18     139.56     3.71096     4.15014
289     29     24     885.36     1.95012     3.87249
290     15     22     784.64     3.61472     3.53664
291     17     29     981.76     2.24493     4.84725
292     43     33     259.8     4.2962     3.33819
293     20     31     800.48     1.92459     4.50026
294     25     15     968.08     3.44937     3.81848
295     40     32     430.24     3.47255     3.61293
296     37     17     177.92     3.89383     3.32026
297     37     23     817.48     2.80197     3.60942
298     25     28     458.6     2.97928     3.47034
299     37     16     893.36     2.50299     3.16721
300     18     25     1047.8     1.67699     4.6968
