1     22     2     32.98     4.90654     4.54108
2     9     1     272.52     2.01656     3.34239
3     10     7     141.76     4.75892     4.48294
4     39     6     207.36     1.70508     2.93153
5     20     3     364.04     2.62604     4.10985
6     47     13     215.36     2.02211     4.85252
7     34     1     92.56     1.86007     4.99886
8     40     9     127.84     3.50075     2.50359
9     20     6     118.82     3.04999     3.71014
10     14     7     303.14     1.62102     4.17379
11     31     12     356.74     1.7383     4.17959
12     23     15     334.1     4.87086     4.34111
13     45     3     85.26     2.32621     2.92413
14     47     9     277.58     2.49327     2.78428
15     18     5     292.5     2.66417     4.55916
16     12     14     165.72     4.42277     4.00647
17     32     2     64.94     1.8323     2.62825
18     43     8     251.62     2.90782     4.47157
19     44     10     292.88     3.10649     3.24656
20     33     5     106.2     2.82151     2.65305
21     8     1     15.32     1.6128     4.05515
22     10     1     346.72     1.65979     4.39535
23     31     11     378.7     2.16973     3.4888
24     30     13     315.48     3.22709     3.58753
25     28     7     86.56     4.31692     2.8563
26     47     15     149.48     2.00855     3.14982
27     19     4     70.24     3.53204     3.7328
28     13     15     181.36     4.732     3.83236
29     30     11     381.36     1.63533     3.16492
30     26     6     143.12     1.61451     3.32644
31     33     10     109.86     1.88165     4.18836
32     38     5     246.62     2.79908     3.18834
33     22     1     106.18     2.73894     4.15799
34     35     8     133.82     3.47703     3.57593
35     42     1     235.98     4.35569     3.3903
36     10     1     182.02     3.69878     3.29714
37     39     5     49.98     3.21502     4.11885
38     37     5     296.86     2.37182     2.67136
39     8     2     172.7     2.9765     4.76142
40     11     2     267.2     3.94649     4.20362
41     39     9     86.58     3.00555     4.50011
42     31     11     133.48     2.78851     3.57036
43     35     4     386.36     3.08994     3.17431
44     33     10     54.96     4.74033     3.41861
45     42     5     342.12     3.34458     3.98549
46     36     1     149.46     1.86808     4.97734
47     11     1     139.1     2.80271     4.01471
48     14     11     32.3     1.89842     4.98115
49     40     7     179.08     3.69568     2.5528
50     35     13     250.94     3.84053     2.90651
51     36     6     94.56     3.91946     4.74319
52     27     15     228.3     3.79684     3.521
53     33     9     237.96     2.18917     3.03636
54     31     11     133.48     2.96176     4.74426
55     36     7     270.24     1.88069     3.95817
56     23     7     275.54     3.80645     3.32163
57     38     10     330.8     3.06014     2.68929
58     31     4     342.1     4.95204     3.31118
59     45     9     209.7     3.70038     2.95824
60     30     4     77.58     1.73061     4.88197
61     18     6     255.9     3.08556     4.74632
62     37     2     289.54     2.93281     3.42532
63     33     5     245.28     3.90291     4.80483
64     46     12     239.98     4.24332     3.97931
65     44     1     186.74     2.52179     4.98589
66     19     8     319.12     2.36435     3.46416
67     32     7     394.34     2.46101     3.38427
68     42     1     162.78     4.32579     3.23191
69     22     11     267.22     2.04241     3.29302
70     8     15     176.36     3.98334     4.42717
71     43     4     43     1.73318     4.97085
72     27     11     327.12     2.70423     3.66123
73     32     6     207.68     3.17518     2.72179
74     22     14     179.38     4.24033     3.99846
75     27     3     312.48     3.4013     4.78881
76     17     2     93.86     4.78808     3.75469
77     21     15     134.46     1.74012     3.55762
78     14     2     325.1     2.73713     3.10907
79     34     9     341.44     1.90782     3.57532
80     13     9     97.18     3.60617     3.52779
81     36     9     394.68     2.2868     4.87983
82     25     12     87.22     2.66482     5
83     24     14     75.24     2.3934     4.14266
84     25     2     325.12     4.74535     3.58707
85     46     14     346.12     4.53151     3.62415
86     8     4     355.7     4.24023     4.28381
87     45     8     231.66     3.63448     2.94076
88     22     14     285.52     2.28755     4.19225
89     38     4     257.6     3.79502     3.64544
90     28     13     28     1.64452     3.50803
91     29     5     347.42     1.98088     4.11992
92     19     6     132.46     3.74738     4.31906
93     11     11     333.08     1.94029     4.77989
94     14     11     90.86     4.46005     4.71702
95     14     8     57.92     2.29299     3.59279
96     28     3     232.96     2.50929     3.22123
97     31     13     195.7     4.30998     4.40764
98     39     7     159.78     3.1081     3.51482
99     26     9     66.26     4.37973     3.09748
100     31     1     364.06     2.76565     4.4937
101     26     3     55.28     2.66311     4.01517
102     16     12     166.06     4.28626     3.12754
103     11     13     234.26     3.43516     4.25985
104     24     7     34.98     2.45386     2.63428
105     14     1     204.32     3.61376     3.25808
106     18     7     340.08     3.406     3.46591
107     9     15     371.34     4.47725     2.65572
108     45     7     184.08     4.19376     4.60723
109     44     5     135.5     4.56783     4.02341
110     29     5     61.94     2.53012     2.68746
111     13     6     353.38     1.78413     4.37384
112     33     3     296.52     1.72538     3.90439
113     45     14     235.32     4.66054     4.49202
114     28     9     342.76     3.81051     3.75973
115     17     4     167.06     3.83294     2.5779
116     13     6     324.1     4.84683     4.60898
117     25     1     358.06     1.69419     3.20124
118     15     10     337.08     2.92502     3.52199
119     44     6     336.8     2.23563     4.06957
120     25     14     83.56     4.85046     2.95724
121     34     3     260.92     3.07595     3.10755
122     38     12     213.68     3.51581     4.2481
123     33     8     36.66     3.67817     3.3504
124     46     1     97.24     2.96197     3.90141
125     33     7     76.92     1.75433     3.14852
126     12     2     290.16     3.62604     2.70913
127     40     14     80.26     2.35676     4.185
128     38     4     59.96     3.77686     2.67197
129     22     11     54.94     4.65787     4.80598
130     40     5     164.44     3.138     4.23574
131     10     1     64.9     4.91626     3.66291
132     42     13     279.9     1.69836     3.84022
133     20     7     122.48     1.6317     3.66794
134     21     9     141.78     4.21032     4.28045
135     32     10     123.5     2.88678     3.76141
136     33     10     80.58     2.37481     2.88064
137     9     6     305.46     4.37588     3.4917
138     42     3     107.88     4.71523     4.98062
139     12     5     301.14     4.6222     2.90803
140     23     8     323.12     2.13704     2.73392
141     9     3     89.52     4.88197     2.76559
142     10     15     361.36     2.17656     4.2204
143     22     2     322.12     4.23659     2.54295
144     26     4     366.38     2.43612     2.86866
145     35     5     53.3     3.8714     3.77224
146     36     12     105.54     4.70711     4.69375
147     39     13     60.96     3.04273     3.68168
148     22     7     245.26     3.28071     3.34452
149     25     9     317.8     4.23243     4.15059
150     34     4     286.54     3.44574     2.96648
151     32     10     207.68     2.989     3.47713
152     9     10     367.68     3.67454     3.8744
153     44     9     380.72     4.45781     3.45836
154     38     6     162.44     4.49551     3.53931
155     18     10     39.96     3.59699     4.28274
156     14     7     361.7     2.05394     2.88697
157     28     13     38.98     2.58235     4.73502
158     39     11     148.8     4.8605     2.90963
159     39     6     247.62     2.39895     2.71432
160     30     15     70.26     3.72559     4.08933
161     11     15     146.42     3.62038     3.5638
162     47     8     47     3.38389     3.63468
163     31     7     283.54     2.37545     3.71326
164     25     7     54.28     3.80357     3.02927
165     26     6     99.2     2.50299     4.63439
166     31     13     298.18     4.68522     3.39358
167     18     8     113.16     1.89286     4.60829
168     40     13     127.84     1.64687     3.6581
169     25     11     123.82     2.01613     3.30538
170     16     2     195.34     2.09774     4.05026
171     44     2     186.74     2.14089     4.17852
172     21     5     222.3     4.7978     4.8928
173     43     13     394.36     2.73745     4.66712
174     27     3     312.48     2.60628     3.21543
175     19     4     297.16     4.06964     4.21567
176     9     6     345.72     4.91786     4.67864
177     22     6     380.68     3.47415     2.60331
178     33     10     102.54     2.78445     3.30958
179     10     6     185.68     1.82749     3.58676
180     35     14     239.96     2.72687     4.05171
181     30     7     282.54     1.70038     3.85479
182     43     1     79.6     3.23222     3.12517
183     16     13     374.68     4.19921     4.79644
184     47     4     76.28     4.93965     3.70159
185     10     6     357.7     4.49519     4.58075
186     26     9     73.58     2.01325     4.3894
187     24     5     207     3.54198     3.04949
188     35     4     104.54     3.70327     3.03354
189     44     10     84.26     4.47906     4.42221
190     46     15     108.22     2.09293     3.32621
191     11     8     25.64     4.2241     2.8135
192     26     10     300.5     1.53525     4.23116
193     45     6     59.64     4.75208     3.06383
194     10     14     247.9     4.77526     4.71953
195     32     3     123.5     2.06206     4.38131
196     45     2     374.4     4.76084     3.81886
197     13     3     232.6     1.83155     4.29716
198     14     8     328.76     3.14057     3.47484
199     18     10     204.66     2.25828     2.93321
200     28     12     306.16     2.9499     4.22445
201     46     11     357.1     3.5893     2.58209
202     27     9     213.66     3.48323     3.68274
203     8     14     88.52     2.33818     2.5998
204     33     9     205.02     4.35548     2.84143
205     17     11     295.16     1.68885     4.61066
206     25     10     120.16     4.74909     2.68052
207     45     13     110.88     3.08791     3.02461
208     12     12     169.38     4.85035     3.5918
209     31     8     279.88     3.5235     3.3681
210     11     11     212.3     2.47223     2.61521
211     10     6     240.58     1.9921     3.42601
212     46     1     291.22     2.36499     3.48811
213     8     12     234.92     4.65328     4.6968
214     8     6     330.08     3.21395     4.50598
215     14     15     211.64     4.1709     4.16021
216     33     6     179.4     4.32536     4.19652
217     38     5     356.42     3.2429     3.85754
218     11     13     267.2     3.99893     4.80628
219     12     2     48.6     1.81767     3.28364
220     21     8     196.68     3.5893     3.59882
221     17     12     49.94     3.99893     4.59281
222     19     12     194.68     3.25326     4.46684
223     20     6     309.14     2.63683     3.11548
224     20     7     159.08     3.38549     4.85527
225     28     3     339.1     4.60778     3.18903
226     35     7     228.98     4.74194     2.99791
227     23     14     118.16     2.28071     4.29998
228     14     7     262.88     3.74973     2.96663
229     14     11     306.8     3.17219     2.53899
230     10     14     269.86     4.0062     2.53197
231     14     7     105.5     2.28744     4.86908
232     29     1     76.58     1.96326     3.83747
233     8     11     212.96     2.15007     3.70464
234     42     10     104.22     2.80143     4.38589
235     26     13     40.64     3.51869     4.30502
236     25     14     244.6     3.48985     3.33781
237     13     7     166.72     1.79096     4.97909
238     36     13     112.86     2.53429     3.12349
239     45     13     132.84     3.09635     2.60269
240     20     2     63.92     4.91327     3.86616
241     28     1     269.56     4.07413     3.44935
242     26     7     194.36     4.70017     3.11853
243     31     5     320.14     1.84095     4.33225
244     30     14     51.96     4.87481     3.41174
245     23     8     77.9     2.64538     4.05934
246     19     3     234.94     4.32087     2.61643
247     41     10     103.22     4.70882     2.70135
248     16     5     206.32     4.51132     4.61715
249     38     2     210.02     4.2555     3.67145
250     9     15     56.58     4.38208     2.79756
251     44     7     252.62     3.72912     3.61805
252     28     15     130.48     4.39201     3.84075
253     11     7     336.74     4.69697     2.6297
254     29     9     296.18     2.27088     4.3392
255     25     9     240.94     2.942     4.75295
256     35     7     166.76     4.95599     2.71935
257     47     12     153.14     3.24194     3.82206
258     16     8     81.88     4.21342     3.97794
259     42     9     100.56     4.83615     4.60196
260     28     3     181.72     3.45022     4.73052
261     35     4     265.58     3.07947     4.24299
262     43     8     46.66     4.71171     3.57288
263     15     9     212.64     3.7853     4.04866
264     35     14     192.38     4.86691     4.25504
265     47     1     197.06     4.75326     4.05576
266     15     8     22.32     4.48206     4.16746
267     17     6     331.76     3.98708     2.92673
268     38     1     213.68     4.88069     3.13967
269     21     5     379.68     3.09859     3.15516
270     45     4     228     3.8919     2.55211
271     33     7     366.06     2.39949     4.08277
272     25     7     175.06     4.28616     4.75951
273     38     10     297.86     1.68062     2.72988
274     46     2     64.3     3.39778     2.82716
275     41     4     352.1     3.17891     4.93828
276     18     4     259.56     2.43591     3.08023
277     42     14     184.74     2.73147     4.32531
278     34     14     85.24     3.98238     2.96464
279     8     5     352.04     4.1176     4.05263
280     45     8     301.2     4.67742     4.22109
281     12     3     15.66     4.0877     3.90538
282     20     9     272.54     4.09239     3.87135
283     9     14     342.06     4.08065     2.68532
284     8     5     70.22     1.79075     3.01698
285     42     6     386.04     3.12764     3.41571
286     20     3     327.44     3.57584     3.45103
287     36     15     248.28     3.44424     3.85876
288     22     13     40.3     1.9263     4.58136
289     8     14     198.32     4.20957     4.84588
290     10     1     247.9     4.11953     3.16721
291     35     4     133.82     4.53279     3.92018
292     16     6     136.78     3.04187     3.36818
293     13     1     185.02     1.6081     4.29174
294     17     11     350.06     2.68671     4.60532
295     13     7     338.74     1.55618     4.10482
296     22     6     278.2     3.84042     4.73495
297     19     15     183.7     4.45332     3.51825
298     16     3     305.14     2.4545     3.53526
299     21     8     134.46     2.04796     4.59792
300     25     10     306.82     4.20754     4.00494
