1     36     9     603.29     2.43004     3.96153
2     22     1     581.3     4.82247     3.90301
3     42     25     145.87     4.94424     3.62125
4     9     13     304.63     4.09774     3.53984
5     10     7     265.68     3.29022     4.34324
6     37     15     428.51     4.25326     2.60552
7     9     37     152.82     2.72976     2.98708
8     11     3     746.08     3.01506     4.88853
9     40     38     127.89     3.9843     2.70409
10     28     38     187.8     3.09175     2.56363
11     44     20     667.22     3.57669     4.70511
12     9     4     224.73     4.85922     4.36644
13     46     11     749.12     3.36061     2.84021
14     37     3     716.15     4.73403     4.07872
15     28     20     739.11     4.73713     3.49185
16     45     5     324.65     2.73414     4.32814
17     14     35     285.66     1.55928     3.27921
18     47     1     574.34     1.72698     3.19895
19     42     9     465.47     3.22378     4.57663
20     16     34     87.91     1.86467     3.65635
21     9     11     576.29     3.95022     3.84274
22     27     14     34.99     4.20711     3.28234
23     8     8     423.48     3.24781     2.76383
24     33     17     416.52     2.53269     4.32493
25     8     23     295.64     4.07007     4.70862
26     44     32     723.15     1.83657     4.05896
27     30     39     197.79     2.65595     3.99571
28     20     14     811.01     4.01559     2.9606
29     11     14     354.57     1.55992     2.97388
30     10     19     489.4     2.74183     3.19315
31     45     19     764.1     3.86819     4.41458
32     47     15     670.22     1.52297     4.90631
33     36     35     283.69     2.60318     4.2169
34     22     11     645.22     2.45054     2.84677
35     38     15     781.07     3.81532     4.42541
36     21     25     364.57     4.13501     3.2831
37     44     4     427.52     2.86242     4.06003
38     9     7     272.67     1.8292     3.74104
39     34     10     577.32     4.87652     2.75849
40     15     1     654.2     3.73905     3.05292
41     43     22     202.8     1.91743     4.73197
42     43     27     818.03     4.02094     4.21903
43     11     1     378.54     4.81628     3.03186
44     21     3     468.44     3.46785     2.58103
45     43     38     442.5     3.70252     4.13053
46     23     13     62.95     4.38229     4.30876
47     33     16     528.38     4.2226     2.81343
48     25     20     688.17     4.13672     2.69852
49     13     17     556.32     2.9435     4.88479
50     37     32     372.58     4.9216     4.78507
51     21     28     420.5     3.44446     2.68426
52     35     27     786.06     4.68105     3.26479
53     17     36     416.5     3.09635     3.41792
54     21     19     724.12     4.23585     3.73249
55     32     2     63.96     3.02863     2.80023
56     20     3     515.38     2.59389     4.72999
57     34     28     73.95     2.78359     4.00945
58     42     33     137.88     4.94841     3.10747
59     43     32     586.32     4.15809     4.45509
60     38     33     189.81     4.86338     4.69764
61     14     21     237.72     3.23254     2.85791
62     19     17     186.79     3.64655     2.80129
63     24     35     79.93     2.08844     4.14274
64     9     12     296.64     3.91028     4.48714
65     9     14     664.18     1.71213     4.64331
66     27     15     258.71     1.81884     4.70214
67     39     31     790.06     4.08673     2.61979
68     39     38     814.03     2.52532     3.19613
69     26     2     633.24     2.47116     4.08933
70     9     32     560.31     2.79299     4.25771
71     9     25     464.43     1.86755     3.96809
72     40     7     535.38     3.80731     4.26313
73     19     23     98.9     3.17518     2.52647
74     47     9     166.85     1.67272     4.5378
75     23     6     446.47     3.53204     4.65705
76     46     18     541.38     4.59955     4.52994
77     29     2     804.03     2.34437     4.4541
78     47     40     750.12     3.2758     2.79687
79     19     36     114.88     2.50374     2.60636
80     9     37     472.42     2.92843     3.30416
81     9     24     568.3     3.29086     4.10268
82     8     16     791.02     1.57125     4.5365
83     20     8     315.63     2.46764     3.74859
84     35     13     218.77     1.94029     3.92186
85     23     30     30.99     4.05629     4.49713
86     12     16     139.84     4.61718     2.5676
87     37     37     388.56     3.80645     3.59111
88     36     22     491.43     3.33914     2.80961
89     24     1     295.66     4.84918     4.01845
90     12     12     779.04     3.49776     3.57341
91     46     2     413.54     4.03888     3.77926
92     37     29     820.02     4.32397     3.54778
93     47     22     814.04     4.98259     2.96663
94     33     17     448.48     4.26127     4.67154
95     32     4     735.12     1.75668     3.65864
96     8     17     439.46     1.52638     3.43204
97     43     9     714.16     3.31169     2.62337
98     45     12     620.28     3.8573     4.97673
99     45     39     300.68     4.06291     4.33721
100     46     37     429.52     1.94841     2.53662
101     14     25     589.28     2.1709     4.3141
102     15     10     702.14     4.57434     4.6633
103     12     40     755.07     2.50801     2.74842
104     14     38     653.2     2.39938     2.7768
105     17     33     376.55     4.31222     3.47056
106     32     16     599.29     3.97703     4.02776
107     40     5     519.4     1.52884     3.21345
108     28     19     211.77     3.93399     4.47081
109     20     7     163.82     2.84117     3.69366
110     11     12     242.71     2.34416     2.55097
111     25     18     712.14     4.88539     4.00342
112     15     7     686.16     1.78904     2.90277
113     17     9     800.02     2.65616     3.31576
114     16     18     383.54     3.10575     2.96113
115     41     12     616.28     2.09795     3.90233
116     32     23     575.32     3.32226     4.8854
117     41     34     72.96     3.38464     4.4631
118     16     14     271.68     2.78071     2.79565
119     39     1     686.19     3.88571     3.76926
120     16     2     503.39     3.94819     2.82182
121     28     24     91.92     3.32109     4.61829
122     36     7     683.19     1.91423     3.46438
123     30     21     405.53     4.10297     3.10114
124     18     2     481.42     1.57701     3.76881
125     12     39     75.92     3.36467     3.18293
126     29     33     460.46     2.01559     4.3115
127     14     22     565.31     4.67785     4.09497
128     20     7     163.82     4.05138     3.49879
129     34     14     553.35     3.95631     3.0401
130     35     26     370.58     2.4953     4.17837
131     24     40     687.17     2.0486     3.21047
132     17     20     704.14     1.58396     3.06261
133     31     25     94.92     2.01656     4.61699
134     33     21     192.8     4.60265     2.96571
135     37     32     212.78     1.60233     2.73255
136     26     39     633.24     2.19526     2.85188
137     19     36     218.75     1.88293     4.9469
138     22     8     725.12     4.86338     3.19674
139     22     4     197.78     4.11162     4.83398
140     47     36     310.67     4.15072     4.1615
141     24     6     735.11     1.74738     4.23223
142     37     25     780.07     2.51698     4.07888
143     37     8     620.27     2.67197     3.1373
144     25     17     128.87     3.39831     3.2522
145     47     34     438.51     4.594     4.90692
146     30     4     165.83     3.45471     3.06673
147     10     34     145.83     4.14035     4.27831
148     10     19     121.86     4.50641     2.91314
149     16     22     479.42     4.63619     3.19864
150     33     14     264.71     3.15627     4.92454
151     14     22     53.95     1.57114     4.46753
152     34     22     529.38     3.60073     4.02425
153     21     31     652.21     1.75433     3.19178
154     40     4     79.95     4.62786     3.28837
155     34     1     225.76     2.6552     3.55342
156     43     40     306.67     2.80239     4.61867
157     39     26     734.13     1.93356     3.38946
158     45     3     796.06     4.83956     4.72922
159     40     9     287.69     2.15616     4.0846
160     37     6     180.82     3.66482     3.94536
161     38     20     485.44     3.70092     3.27631
162     15     8     590.28     2.16268     2.8148
163     32     18     191.8     3.34864     2.87233
164     34     36     225.76     4.11173     4.0318
165     45     26     676.21     2.06259     4.88098
166     24     9     135.86     3.80784     4.67284
167     10     10     345.58     4.45535     2.55318
168     26     16     473.44     2.37449     3.74615
169     42     32     465.47     2.94232     4.33836
170     18     25     137.85     1.76138     2.55257
171     42     21     193.81     2.5846     3.15119
172     46     23     605.3     4.4295     2.85981
173     25     21     320.63     2.61771     3.45248
174     12     23     459.44     4.7242     2.88827
175     22     16     85.92     4.66855     3.64093
176     40     21     559.35     3.4358     3.61026
177     9     20     736.09     2.15905     3.75881
178     40     39     327.64     3.54796     2.86111
179     32     17     479.44     3.39927     3.50932
180     9     8     768.05     4.67261     4.76318
181     36     27     451.48     4.36552     3.08664
182     23     14     46.97     3.17347     4.46181
183     18     36     137.85     2.1677     4.31867
184     41     28     712.16     4.97661     3.17469
185     27     23     50.97     3.70359     4.62188
186     34     33     497.42     2.06783     3.55304
187     12     6     459.44     1.50021     3.76896
188     17     16     600.27     3.67956     2.85493
189     38     14     325.64     4.24418     3.46912
190     10     30     689.15     3.16236     3.93231
191     47     13     278.71     2.9968     4.76043
192     43     22     82.95     3.04625     4.02936
193     39     18     798.05     2.60009     3.21467
194     16     8     375.55     3.78915     3.89409
195     36     22     371.58     2.76757     4.45578
196     39     38     478.45     1.71117     4.70199
197     39     27     566.34     2.36392     4.98871
198     45     6     468.47     3.11942     2.79229
199     37     20     228.76     2.3715     3.34307
200     47     3     542.38     2.11664     4.7174
201     23     37     590.29     4.04497     4.02776
202     18     27     209.76     2.60094     2.60308
203     10     22     521.36     2.25283     4.29823
204     43     34     778.08     3.95012     4.82368
205     39     21     390.56     2.00694     3.7373
206     15     22     278.67     2.89521     4.48721
207     20     9     331.61     2.17934     4.14708
208     37     18     236.75     4.58129     3.23481
209     25     31     248.72     2.406     4.7544
210     23     19     166.82     4.315     2.85211
211     36     1     59.97     1.67934     2.7282
212     45     22     812.04     3.00032     4.69298
213     46     10     517.41     2.62732     4.0099
214     42     8     497.43     3.76202     4.41542
215     27     3     498.41     3.97981     4.45555
216     12     35     675.17     3.75518     4.53116
217     22     33     309.64     2.22324     3.79124
218     16     24     463.44     2.16428     4.7663
219     11     28     418.49     2.44275     4.8806
220     44     40     427.52     3.38838     2.73568
221     11     18     634.22     3.35078     3.3047
222     20     1     387.54     4.91401     4.92882
223     11     18     546.33     2.00406     4.75509
224     30     7     781.06     4.87567     3.00874
225     14     34     141.84     4.20861     2.73812
226     22     1     77.93     4.80421     2.92383
227     38     10     109.91     2.11023     4.09337
228     18     24     441.47     4.06227     4.33088
229     31     14     46.98     2.97501     4.82315
230     46     12     525.4     3.46721     2.83204
231     45     32     212.79     4.15563     3.73516
232     33     14     808.03     4.10169     2.52327
233     24     11     447.47     1.74546     3.89782
234     47     6     126.9     4.81169     3.85609
235     15     9     782.04     4.92085     4.40771
236     37     23     108.91     1.89201     4.31074
237     42     14     649.24     3.46977     4.96941
238     32     6     391.55     4.95984     4.38322
239     14     34     733.1     4.0094     3.28852
240     14     7     101.89     2.51431     3.88356
241     45     3     45     1.88955     2.77635
242     35     9     322.64     3.18554     3.54755
243     44     1     299.68     4.28562     3.0678
244     30     21     685.18     2.16952     4.46051
245     20     25     59.95     2.97639     3.35116
246     18     10     41.97     2.35142     2.79313
247     17     27     224.74     1.81211     3.51093
248     29     27     412.52     2.61632     4.85122
249     14     35     605.26     4.3684     3.08275
250     12     31     619.24     2.34661     4.93599
251     14     20     125.86     3.78744     3.0211
252     45     1     628.27     4.60852     3.51856
253     28     8     747.1     2.80827     2.77909
254     35     30     50.98     4.02403     3.22626
255     21     17     220.75     4.48302     2.70142
256     22     10     333.61     4.83241     2.6413
257     9     19     264.68     1.58097     4.22941
258     24     19     207.77     2.63768     2.91185
259     29     31     396.54     3.18116     2.9181
260     33     35     640.24     3.34458     4.6765
261     28     18     347.6     3.95076     4.26695
262     12     18     555.32     2.28092     2.79984
263     17     20     240.72     4.61248     4.86213
264     8     35     527.35     4.00908     3.92193
265     46     26     429.52     3.0987     3.83152
266     9     18     728.1     2.32311     4.31936
267     17     4     136.85     1.89329     4.61249
268     44     29     651.24     4.43516     3.07886
269     10     40     441.46     3.56078     4.53169
270     46     40     485.45     4.84779     3.0842
271     14     29     253.7     4.96326     4.6981
272     21     30     52.96     3.41476     4.81437
273     39     33     150.86     4.1646     2.7076
274     29     31     708.15     4.5894     2.95526
275     18     27     681.17     2.52243     3.16088
276     28     12     307.65     4.85975     3.32354
277     15     33     318.62     1.96731     3.4933
278     30     37     245.73     3.37172     2.60292
279     20     20     683.17     4.46956     2.61773
280     27     20     802.03     4.2398     3.39282
281     27     23     410.52     3.19333     4.87938
282     44     8     155.86     3.54476     4.56977
283     31     4     350.6     3.83892     4.32333
284     26     27     377.56     3.01955     4.4615
285     11     6     586.28     2.67133     4.27503
286     23     12     446.47     4.92224     4.33279
287     27     24     794.04     1.73798     4.73251
288     43     21     482.45     2.09635     4.68482
289     17     37     424.49     1.77206     2.57134
290     40     29     191.81     1.71929     4.36613
291     41     29     584.32     4.28509     4.56275
292     38     32     789.06     2.23766     4.99657
293     21     15     172.81     1.84555     3.20307
294     16     2     143.84     3.99017     3.20345
295     43     25     178.83     2.04657     2.85684
296     45     24     60.98     4.51859     3.17095
297     42     18     65.97     4.65926     3.71158
298     8     39     351.57     3.06516     4.50072
299     32     1     423.51     1.9749     3.54526
300     16     3     279.67     3.75913     2.88591
