1     24     26     612.636     4.95354     4.27572
2     43     30     645.82     2.58428     3.9919
3     27     24     672.372     4.91188     2.70913
4     40     27     344.956     2.02574     4.70183
5     31     29     435.244     2.3025     3.12563
6     13     35     573.268     2.68244     4.02036
7     32     18     592.268     4.91989     4.30189
8     40     30     401.692     3.53813     2.88476
9     43     33     525.256     2.47565     2.82456
10     25     30     663.28     3.65723     3.62186
11     13     17     417.244     3.47276     4.0775
12     29     20     170.84     3.40194     4.84054
13     20     22     715.016     4.2649     3.53954
14     14     33     56.552     4.33625     4.13671
15     12     25     423.336     2.30517     3.39679
16     9     22     108.288     4.31767     3.61095
17     19     15     607.636     4.58193     4.46577
18     14     29     28.184     1.77665     3.19872
19     13     29     254.128     3.24087     3.4302
20     43     27     262.852     2.18361     4.31295
21     26     27     82.736     2.3965     2.88949
22     34     29     452.428     2.20284     3.79864
23     11     35     237.944     1.62967     4.22025
24     30     22     498.072     4.0345     3.20109
25     25     30     67.552     2.67336     3.25014
26     18     26     124.38     3.9436     3.34567
27     38     21     733.016     4.28552     3.74401
28     34     16     388.6     3.97757     4.2304
29     18     33     131.472     2.80976     3.70296
30     32     26     110.012     4.86958     2.73087
31     47     33     664.004     1.92341     4.47562
32     40     18     89.644     4.63106     3.11823
33     29     30     411.968     3.57317     2.68166
34     36     35     234.576     2.8307     2.88896
35     47     28     692.372     4.59763     4.94873
36     10     27     584.452     3.56153     3.90751
37     28     32     240.76     2.53856     2.9606
38     17     28     704.924     3.09453     3.86135
39     47     17     628.544     3.63843     3.81916
40     47     27     685.28     4.22132     3.0285
41     15     34     702.924     1.52617     3.21757
42     22     35     610.636     4.78263     3.85807
43     23     30     448.52     3.59026     3.92727
44     18     34     443.52     2.38581     3.362
45     47     30     82.46     3.53888     4.59616
46     45     20     321.588     4.80869     3.32095
47     18     17     145.656     1.64858     3.86044
48     11     32     209.576     4.09133     3.30126
49     14     21     709.016     2.69942     4.76821
50     46     31     726.832     1.81574     3.98549
51     15     19     327.048     2.09806     4.51567
52     35     28     113.012     1.57231     3.31477
53     29     30     546.716     2.18842     4.49637
54     11     17     443.612     3.61419     2.94382
55     41     19     601.268     2.74963     3.16202
56     36     30     426.06     1.699     2.5087
57     27     26     140.472     4.18169     4.19675
58     37     29     242.668     3.11856     4.2069
59     15     30     135.564     2.37802     2.50313
60     29     21     376.508     1.91487     2.6896
61     20     15     20     3.28712     3.00119
62     21     31     524.532     3.28552     2.76719
63     20     23     225.668     4.65947     4.73975
64     25     32     138.472     4.67421     4.9266
65     47     19     578.9     4.48344     2.81991
66     43     29     383.416     3.55116     3.66115
67     39     35     712.74     4.60874     3.13196
68     24     34     38.184     3.8793     3.61377
69     21     33     574.176     2.55629     4.90387
70     41     31     544.532     3.76864     3.53145
71     19     34     345.232     3.0172     3.56235
72     35     24     439.244     2.81831     3.03323
73     47     18     656.912     3.53717     3.90728
74     24     27     172.932     4.6457     4.69008
75     15     30     249.036     3.3903     3.59767
76     36     23     213.3     4.10297     3.91728
77     16     28     299.68     4.13961     4.45044
78     8     30     213.668     4.6818     4.18012
79     21     34     318.864     1.88453     4.05194
80     26     23     564.992     3.10511     2.51068
81     38     25     314.588     2.69739     2.68166
82     11     29     188.3     4.10617     2.83868
83     22     25     468.796     1.74535     3.04865
84     32     28     422.06     2.39532     4.63363
85     36     26     355.14     3.10211     2.84028
86     42     33     361.14     1.81478     4.35965
87     11     19     628.004     3.24471     2.58354
88     38     24     59.276     1.67977     4.74372
89     35     19     730.016     4.74033     3.81901
90     30     18     115.104     2.80837     4.35537
91     21     28     609.636     4.11814     2.58675
92     14     25     113.288     1.73788     4.99908
93     19     17     557.992     2.9311     3.22604
94     47     35     195.932     4.62946     4.41984
95     46     30     648.82     3.50278     4.98558
96     31     32     45.184     4.85975     4.32035
97     21     26     716.016     3.36392     3.94818
98     23     20     306.68     4.80015     3.69114
99     13     31     601.636     2.3746     2.76673
100     44     34     228.392     4.78381     4.95338
101     11     15     436.52     1.53557     3.21306
102     23     15     342.14     4.75945     2.9136
103     44     29     526.256     3.9859     4.03928
104     45     27     193.932     4.63405     4.03172
105     29     18     362.324     4.18831     4.15151
106     31     22     165.748     3.301     3.50063
107     35     19     432.152     3.80282     3.59653
108     43     22     574.9     3.35794     2.63909
109     13     21     161.932     1.74664     4.86023
110     33     29     664.188     4.01036     4.09688
111     29     32     411.968     3.94285     4.47913
112     39     20     599.268     3.16364     4.87213
113     35     17     559.808     3.75539     4.96422
114     14     16     162.932     1.70241     4.64125
115     18     29     209.484     3.11248     4.53719
116     26     33     600.452     2.95738     4.40222
117     25     34     649.096     4.31703     4.67933
118     22     33     631.912     3.85943     2.92879
119     19     22     699.832     4.04444     2.9928
120     46     34     322.588     2.28146     3.53885
121     31     25     201.208     3.52884     3.87463
122     11     24     493.256     3.06783     3.67374
123     17     15     343.232     3.43548     4.50285
124     27     32     615.636     1.75101     4.79156
125     15     16     596.544     4.42128     3.63521
126     46     24     166.564     1.9561     2.57157
127     36     19     99.828     2.88336     3.221
128     18     20     464.796     3.49231     4.93255
129     25     29     500.164     2.89436     2.82434
130     40     28     281.128     3.13245     2.86187
131     47     26     351.956     2.32514     4.36087
132     20     20     55.46     4.57958     4.05919
133     22     32     312.772     2.15606     4.64621
134     33     22     642.912     2.62166     4.39062
135     34     33     55.276     3.97415     3.2577
136     35     30     517.256     4.47287     4.65674
137     8     18     568.268     2.65937     3.20803
138     35     17     531.44     4.30335     2.67251
139     13     33     140.656     2.25721     4.43167
140     46     18     67.276     1.95546     3.16034
141     39     35     251.76     2.53984     2.58324
142     22     23     631.912     2.84886     2.95419
143     19     29     47.368     1.75304     3.14974
144     40     31     68.368     2.57146     4.01822
145     37     32     171.748     1.55319     3.37344
146     21     35     155.748     1.65937     4.27587
147     35     26     361.232     3.62903     4.48881
148     25     17     585.268     1.56323     3.7534
149     35     31     269.036     1.51282     4.27099
150     47     24     117.92     2.80282     3.5342
151     15     24     348.324     2.57862     4.89746
152     43     22     99.736     1.80869     2.52686
153     8     24     156.932     3.2272     3.62156
154     30     25     540.624     3.95161     4.54497
155     17     21     17     4.75967     3.75896
156     29     17     497.072     3.75924     3.19971
157     32     32     407.876     3.43741     3.48666
158     42     23     566.808     2.32023     4.60524
159     16     33     611.728     3.73083     4.95392
160     10     17     307.864     2.37674     2.89575
161     9     16     306.864     2.25443     3.70624
162     37     18     568.9     2.10265     3.55609
163     38     35     605.36     1.89009     3.42204
164     34     20     225.484     1.57146     4.56397
165     38     34     413.876     3.59731     3.46095
166     32     23     613.544     4.40996     2.84509
167     13     24     296.68     3.91166     4.22552
168     38     23     257.852     4.13971     3.54099
169     24     35     300.588     1.62989     2.83471
170     12     28     26.184     4.20722     4.58876
171     36     16     163.656     3.18351     4.11084
172     31     27     704.74     1.70028     4.11382
173     39     26     691.464     2.19878     4.37757
174     33     18     125.196     4.75219     3.13486
175     29     15     326.864     3.24514     3.07176
176     39     20     280.128     3.13352     3.58188
177     28     30     347.14     2.27046     4.66742
178     9     21     462.888     4.03172     4.12542
179     9     29     335.232     4.22474     3.41144
180     13     31     13     3.51752     3.82
181     33     28     153.564     4.36947     3.37329
182     21     20     510.348     2.19964     3.55861
183     17     17     66.644     3.27697     3.80535
184     36     26     262.944     2.06623     2.84066
185     31     32     307.588     3.01495     4.8175
186     21     25     84.828     2.01442     4.35179
187     22     26     397.876     2.02029     3.36314
188     20     19     34.184     2.56687     3.85655
189     14     19     694.832     2.65905     4.53818
190     43     29     723.832     2.27644     2.90361
191     41     34     431.06     3.47479     3.19193
192     23     22     689.648     3.31756     4.34301
193     31     15     527.44     4.12391     3.35162
194     32     18     556.808     1.76565     3.15668
195     19     23     54.46     1.99893     2.95808
196     44     31     363.14     4.5643     2.60056
197     44     17     299.312     1.53909     3.91522
198     45     26     179.748     3.17891     3.16012
199     13     25     644.188     4.72816     4.95048
200     46     17     265.852     1.93901     4.31753
201     21     27     21     3.77975     4.78942
202     18     26     145.656     3.06751     4.13198
203     31     28     66.46     4.01122     3.14188
204     37     34     575.992     4.39714     4.13228
205     43     25     482.704     3.40323     4.50072
206     41     15     189.932     2.77494     4.5217
207     20     18     76.736     2.34843     4.75288
208     34     24     310.588     3.15435     4.69596
209     32     19     585.176     1.58695     3.10366
210     42     17     580.992     1.87396     4.0727
211     28     20     240.76     2.3292     4.31303
212     38     24     229.484     3.62487     3.23481
213     29     31     575.084     1.56633     3.74393
214     32     28     344.048     2.10446     2.88491
215     23     26     23     3.569     2.72423
216     11     29     408.152     4.85879     3.11304
217     42     21     580.992     2.07178     4.22033
218     18     34     514.44     4.31094     2.97708
219     40     23     430.06     3.1473     3.82305
220     25     24     216.484     3.47896     2.89483
221     32     26     656.096     4.76608     3.5474
222     25     25     337.048     1.87941     4.84954
223     39     23     698.556     3.04486     3.44295
224     41     19     501.98     4.61953     2.90704
225     9     16     150.84     4.18233     3.51825
226     32     28     422.06     2.17592     4.04637
227     12     21     90.012     3.58161     3.47697
228     44     16     561.716     4.86253     4.30189
229     38     23     697.556     2.16118     2.76666
230     14     23     489.164     2.48334     2.71836
231     42     25     467.52     3.85324     3.44035
232     19     20     231.76     3.17571     3.11899
233     23     19     164.84     4.78861     3.3298
234     29     24     497.072     4.4389     3.68503
235     40     34     727.924     2.16984     4.53269
236     24     26     719.016     4.85057     4.34851
237     29     19     298.496     1.83273     4.71061
238     13     19     374.692     3.9718     4.49744
239     16     28     271.312     3.49284     3.70083
240     42     31     283.128     4.43858     3.49315
241     42     30     240.576     2.18233     2.94015
242     16     29     342.232     2.24097     4.00052
243     12     15     316.956     2.37225     2.70112
244     12     26     565.176     3.69013     3.13067
245     30     30     647.004     2.78349     4.6408
246     23     33     725.108     2.57221     3.89584
247     11     22     628.004     4.38464     4.66208
248     15     32     50.46     4.99092     4.47684
249     34     31     629.728     3.07744     3.58776
250     19     29     160.84     3.89575     2.80358
251     39     24     521.256     2.07018     3.14661
252     10     24     577.36     4.79994     3.94734
253     24     35     541.716     1.93805     4.77241
254     20     19     62.552     4.68394     2.82571
255     17     20     712.016     3.37097     3.71487
256     24     25     577.176     4.58727     4.72068
257     41     26     133.196     1.60938     3.46408
258     12     32     125.472     3.38838     3.60805
259     10     22     236.944     4.06751     2.98639
260     24     32     222.576     4.27088     3.3005
261     29     27     43.184     4.64324     4.27335
262     20     35     402.968     2.37791     3.90263
263     36     31     213.3     2.21662     2.70302
264     45     30     371.232     2.65445     3.57822
265     13     24     346.324     3.83593     2.71378
266     13     31     466.888     4.87599     3.13074
267     30     29     30     2.0894     3.79093
268     31     35     640.912     4.86531     3.39541
269     27     18     608.544     3.66717     4.26504
270     31     30     506.164     4.89756     2.94488
271     10     16     208.576     4.10799     2.92352
272     8     31     589.544     1.79096     3.60637
273     40     19     210.208     3.23617     3.43471
274     20     29     544.808     1.68735     3.7917
275     16     35     583.36     1.78338     4.08376
276     47     33     302.312     2.01773     4.64042
277     35     31     680.372     3.70028     2.82167
278     44     21     703.556     3.65734     3.9742
279     27     22     360.324     3.15328     2.62658
280     47     26     628.544     4.26725     3.06482
281     32     23     549.716     1.71149     4.6778
282     18     17     713.016     4.32365     3.71418
283     27     26     729.108     3.21876     4.34164
284     16     15     235.852     4.83465     3.14692
285     29     31     532.532     3.85473     4.97078
286     21     15     205.392     3.7445     4.21522
287     17     21     265.22     1.88261     4.51544
288     43     16     532.348     1.52542     3.4167
289     30     20     639.912     2.58492     4.9469
290     46     17     457.336     1.95738     4.22445
291     38     30     165.656     4.38646     4.49423
292     34     35     225.484     4.594     3.22947
293     17     29     80.828     4.66471     2.69288
294     16     33     505.348     2.91733     4.09581
295     35     16     361.232     4.24813     3.24625
296     28     28     91.828     2.17977     4.32814
297     25     26     358.324     3.60158     4.69924
298     42     29     531.348     4.43335     4.85191
299     8     34     674.648     4.69953     3.92453
300     44     22     653.912     2.74599     4.90585
