1     39     35     481.26     2.85206     3.05399
2     12     22     454.26     2.82942     2.79153
3     37     33     413.74     4.18725     4.79728
4     11     33     131.12     4.18714     3.34849
5     35     7     368.06     4.01431     4.5687
6     45     7     214.26     4.28722     3.8625
7     28     28     49.84     3.55373     4.45036
8     45     15     585.54     4.25913     4.89212
9     35     31     389.9     4.42106     4.73991
10     26     3     364.52     3.99338     3.71265
11     19     6     450.34     4.15638     3.53069
12     32     33     277.7     4.01506     2.80259
13     41     16     516.02     4.44136     4.10443
14     29     38     487.64     2.54433     3.64193
15     37     10     550.24     4.00278     2.63619
16     45     38     449.04     1.74429     3.32385
17     44     29     584.54     4.2053     3.71197
18     31     30     107.44     2.1567     3.97847
19     33     38     71.22     2.82984     3.65879
20     21     10     343.14     2.82514     2.50908
21     15     37     320.76     4.04112     4.18729
22     16     15     349.06     3.605     3.14119
23     16     23     26.92     2.54144     3.84671
24     9     27     385.74     2.66225     2.78359
25     26     5     353.6     4.91284     4.79278
26     41     39     95.6     3.15841     4.20248
27     13     11     40.3     4.14602     4.86724
28     18     4     94.44     4.62412     4.50735
29     38     9     360.14     1.8574     4.99107
30     20     3     271.16     3.51901     3.95024
31     23     13     257.78     4.69387     4.36903
32     25     3     407.2     2.98056     2.537
33     20     6     20     1.9232     3.50757
34     17     39     77.06     3.75892     4.45105
35     8     18     193.64     4.71502     2.54479
36     39     6     93.6     4.34042     2.78939
37     30     2     232.02     3.60617     4.89296
38     42     18     440.58     3.25785     4.61211
39     32     9     348.68     1.65616     3.69358
40     21     17     184.8     3.58876     3.80299
41     36     17     396.36     4.28829     3.58524
42     15     30     102.36     2.14068     4.24398
43     17     38     126.2     4.31895     2.78336
44     44     9     448.04     1.82461     3.30096
45     46     8     526.48     4.17475     2.97296
46     34     3     558.16     1.71502     3.12304
47     44     37     453.5     1.79652     4.51376
48     29     19     504.02     3.29833     4.75356
49     40     21     487.72     3.23147     4.45738
50     11     12     174.8     4.90835     2.55394
51     34     29     132.28     2.41188     4.87808
52     32     20     113.9     1.84907     3.94047
53     16     12     54.22     1.62252     4.01471
54     20     22     560.54     2.70573     4.43236
55     43     25     124.9     2.65477     2.72614
56     24     1     84.06     2.34245     3.01363
57     25     35     161.5     3.64815     3.75896
58     37     31     446.5     2.5878     2.80686
59     33     7     174.96     1.61963     3.82702
60     45     32     214.26     3.60799     4.55954
61     34     30     394.36     4.18116     3.50444
62     31     28     309.46     4.46742     2.94244
63     37     36     102.52     4.94285     4.93072
64     39     28     514.02     2.37642     3.16164
65     38     26     130.82     3.10553     4.82803
66     36     26     396.36     4.62743     2.88186
67     47     5     270.86     4.24001     2.83143
68     17     20     186.26     4.21747     4.4631
69     29     13     372.98     2.25347     2.63169
70     44     21     508.1     3.15873     2.509
71     41     15     62.84     2.04411     3.42998
72     10     12     250.24     2.97703     4.22895
73     25     11     57.76     2.34288     4.2056
74     33     3     213.18     4.39714     2.61101
75     36     7     227.1     1.74247     3.29592
76     12     33     132.12     2.21523     4.90905
77     9     10     538.62     3.41476     3.28936
78     11     24     191.18     3.36093     3.94086
79     9     17     331.14     4.51442     3.7302
80     25     16     57.76     1.64335     4.70008
81     40     38     525.94     1.77099     4.13594
82     12     34     99.36     3.68874     3.77964
83     40     36     564.16     2.76864     4.82788
84     40     6     176.5     4.56163     4.1084
85     22     20     131.2     4.41198     3.07314
86     28     6     44.38     4.07669     4.99962
87     35     3     253.4     1.58097     4.54039
88     35     17     247.94     4.2963     2.51244
89     28     26     186.34     4.97319     2.56653
90     37     16     228.1     2.21598     2.62604
91     43     29     43     1.6317     2.73797
92     36     36     538.32     2.13779     4.72541
93     28     28     530.32     1.66364     2.78199
94     39     6     290.16     2.23061     2.90033
95     40     13     61.84     3.14324     2.77261
96     18     38     394.74     4.27815     2.55707
97     29     16     323.84     4.7037     3.14791
98     44     5     562.7     4.61461     4.84191
99     12     17     448.8     2.81713     3.0401
100     31     35     265.78     4.74781     3.8773
101     34     10     154.12     1.76095     3.91804
102     27     1     414.66     3.16952     4.31112
103     40     22     143.74     4.77227     3.54251
104     12     16     410.58     3.35366     4.17768
105     35     23     253.4     3.88945     2.73362
106     24     16     34.92     2.942     3.07169
107     20     25     101.9     3.48184     4.95109
108     26     26     64.22     2.61675     3.13456
109     9     29     150.96     3.96614     3.68641
110     10     7     506.86     3.16161     2.85318
111     18     15     280.08     1.71107     2.66839
112     10     22     190.18     4.70936     3.6713
113     45     16     230.64     1.62882     3.8805
114     18     18     514.86     4.67763     4.41336
115     11     4     524.24     3.95482     3.39099
116     37     34     168.04     4.89233     3.52077
117     25     13     330.76     3.71374     4.9955
118     10     31     479.56     3.39724     4.10085
119     32     23     255.86     2.8746     4.17196
120     12     9     312.3     2.45311     4.28808
121     37     10     189.88     3.69248     4.84848
122     26     26     260.78     4.72271     2.91765
123     25     3     221.56     4.23692     3.98305
124     32     18     414.2     4.64335     3.01256
125     18     11     247.32     3.11002     3.95665
126     36     10     456.42     2.98857     3.08161
127     40     31     400.36     2.84982     2.77779
128     34     17     55.84     2.61547     3.73112
129     9     30     249.24     1.52222     4.60036
130     40     33     575.08     2.90013     4.58884
131     46     6     56.92     4.00096     3.05345
132     34     11     498.1     3.36114     4.03989
133     11     7     311.3     3.93324     4.88464
134     24     15     94.98     2.46977     4.2761
135     35     30     324.38     2.89511     3.91392
136     11     5     480.56     2.14826     4.157
137     34     19     372.52     3.73264     2.80236
138     12     7     22.92     3.95524     4.8838
139     17     36     279.08     2.59143     2.63169
140     45     20     192.42     3.95877     3.48544
141     46     32     258.94     4.13352     2.79687
142     37     39     413.74     3.79684     4.11794
143     17     21     366.44     3.94125     3.7112
144     24     5     247.86     2.92555     4.67513
145     8     2     526.7     4.60959     4.82391
146     21     3     233.94     3.5548     3.71296
147     19     6     537.7     2.52499     2.9503
148     31     6     172.96     3.77078     2.68548
149     41     7     374.06     4.83273     3.41441
150     37     17     189.88     3.34725     3.49399
151     26     3     544.7     3.09047     4.0038
152     41     3     357.68     4.743     3.84808
153     42     3     315     1.61066     4.23727
154     21     30     53.76     2.28733     2.93962
155     29     19     558.62     2.48985     4.94499
156     9     16     314.76     1.55405     4.92912
157     37     27     249.94     3.32472     3.16118
158     46     38     220.72     2.42096     2.74422
159     13     9     133.12     4.11718     4.82894
160     30     36     90.06     1.81809     4.69169
161     10     37     479.56     2.36605     2.81785
162     42     15     424.2     2.16375     3.8805
163     36     4     319.92     4.34629     2.75445
164     11     35     453.26     4.4874     2.95862
165     18     5     291     3.57509     4.16417
166     25     21     549.16     3.73948     4.16181
167     11     31     404.12     3.46753     4.42694
168     39     35     284.7     3.79064     4.67475
169     46     9     56.92     3.67731     3.04453
170     29     38     236.48     3.11653     4.80506
171     11     32     92.9     2.62626     3.72066
172     44     31     393.44     3.6708     3.96947
173     32     37     113.9     2.22153     4.25367
174     30     39     466.8     4.44617     4.49286
175     21     20     408.66     4.25956     4.24139
176     28     38     197.26     4.22196     3.21924
177     47     6     380.06     2.01762     3.09885
178     13     29     367.9     2.99979     3.43616
179     33     24     245.94     2.03397     3.38862
180     46     19     559.24     2.1269     4.61028
181     14     18     379.82     2.5736     4.46287
182     28     20     137.2     3.10639     4.93675
183     25     1     489.1     2.28317     3.91873
184     44     5     458.96     1.59517     4.20049
185     45     21     186.96     4.03279     4.3659
186     20     18     500.48     4.59004     4.44968
187     37     35     118.9     3.4452     3.00661
188     39     32     503.1     4.30004     3.48262
189     45     5     181.5     4.11237     4.02837
190     21     19     261.24     3.20733     3.64597
191     15     29     408.12     3.50011     3.80879
192     8     17     248.24     2.81574     3.44646
193     24     6     471.72     2.03984     3.93353
194     40     37     192.88     1.58513     4.4747
195     40     3     416.74     3.90761     4.52582
196     32     13     223.1     2.05586     3.64132
197     29     21     127.28     2.49113     2.88965
198     15     5     468.18     2.65809     3.22604
199     33     9     142.2     3.04411     4.96452
200     32     18     119.36     2.21032     3.73867
201     31     39     167.5     2.02788     4.59288
202     18     7     28.92     3.10543     4.59334
203     18     37     340.14     3.64089     3.10068
204     33     35     103.98     2.68276     2.59438
205     46     19     198.88     3.53504     4.1895
206     19     1     406.66     4.28947     3.23572
207     45     4     83.22     2.72079     4.14174
208     44     7     71.3     2.52809     4.8117
209     44     35     306.08     2.65809     4.83833
210     10     8     190.18     2.19248     2.84082
211     35     19     575.54     2.53642     4.58876
212     26     10     69.68     4.39041     4.80293
213     24     6     198.72     2.24097     4.27358
214     33     24     551.7     1.8543     2.68693
215     12     15     448.8     4.00737     3.79955
216     35     9     84.14     4.43986     3.35292
217     45     32     361.68     2.26319     3.86715
218     8     39     89.9     3.81019     4.20568
219     27     5     283.62     3.65766     3.05071
220     18     25     99.9     3.31051     4.18096
221     43     39     206.8     3.77783     2.69097
222     17     25     284.54     4.52756     2.54448
223     38     18     43.46     4.5533     4.60036
224     47     31     522.02     3.03792     3.00333
225     11     31     393.2     2.34811     4.07994
226     28     20     93.52     3.84416     3.12929
227     41     18     526.94     2.7398     3.25037
228     43     32     234.1     3.99669     4.09589
229     38     21     523.94     2.48611     4.69382
230     18     21     236.4     1.90526     3.22665
231     19     36     100.9     1.67956     2.90933
232     30     10     363.06     1.83711     4.35667
233     30     7     221.1     4.0894     3.58028
234     45     17     115.98     3.10169     3.50642
235     14     11     472.64     2.18992     3.15462
236     11     16     475.1     1.92427     4.86816
237     34     9     383.44     2.87855     3.73714
238     22     12     387.82     2.5063     4.60448
239     27     6     168.96     2.87951     3.29501
240     17     9     175.34     2.27387     4.96002
241     37     17     495.64     4.83551     3.67496
242     12     27     153.96     3.81243     3.6848
243     42     16     244.02     4.08705     3.93345
244     35     1     384.44     4.49081     3.77132
245     23     27     339.68     2.13961     3.97946
246     43     37     348.76     2.27088     3.50238
247     45     23     520.02     4.81788     3.52908
248     8     21     472.1     3.70626     4.31333
249     33     36     469.8     1.60671     3.87387
250     9     5     363.9     2.62754     3.96542
251     45     32     285.24     3.18191     4.96017
252     34     26     476.26     3.01538     2.53197
253     13     18     204.1     4.12561     2.78199
254     34     8     525.4     2.06099     3.69785
255     42     23     566.16     3.83134     4.58625
256     35     22     329.84     3.41455     3.87005
257     11     33     158.42     1.5956     4.39009
258     20     37     134.66     4.62017     4.10215
259     15     19     238.86     4.39746     3.81092
260     34     12     126.82     4.23916     4.83009
261     28     23     98.98     1.86467     3.20948
262     18     23     252.78     4.16097     3.42143
263     43     16     539.86     2.92875     3.14425
264     41     19     466.88     3.60073     4.5365
265     33     40     398.82     4.6662     3.63956
266     21     3     452.34     2.28509     3.30218
267     15     18     506.4     1.82803     3.76522
268     25     30     254.32     2.32493     3.79841
269     11     25     382.28     2.05683     4.02959
270     37     31     228.1     1.77644     2.85676
271     21     8     348.6     4.79054     4.08422
272     19     36     226.48     4.38881     4.17211
273     11     8     344.06     3.3543     3.24168
274     27     8     163.5     3.53941     2.72591
275     22     5     300.46     3.24044     3.80558
276     32     17     414.2     3.35783     4.52322
277     11     1     420.5     4.07424     4.7132
278     9     11     96.36     3.53557     4.1409
279     11     31     524.24     4.76928     2.9902
280     33     35     33     3.8244     2.5895
281     11     9     213.02     3.86808     3.01889
282     8     36     237.32     3.72185     2.98662
283     44     27     142.28     2.07274     3.61774
284     47     5     238.1     4.34437     4.04347
285     12     22     252.24     3.46059     2.93405
286     8     25     111.74     1.98772     3.86364
287     44     22     207.8     4.88902     3.6494
288     27     37     365.52     4.87524     4.05454
289     8     20     362.9     1.58705     3.49658
290     10     14     244.78     3.09293     4.15098
291     9     21     90.9     1.93527     3.59035
292     14     33     194.18     3.7131     3.85166
293     14     17     161.42     2.43142     4.56954
294     8     1     231.86     1.60457     3.0681
295     31     21     156.58     3.34608     3.05216
296     33     29     349.68     4.93078     4.78599
297     41     25     406.82     2.06313     3.4035
298     18     23     203.64     3.33518     3.2384
299     37     2     419.2     2.61013     4.81544
300     45     14     563.7     4.81468     4.89311
