1     47     26     318.383     1.58438     3.24763
2     36     14     115.987     3.61963     3.84007
3     26     4     237.393     1.74044     4.82643
4     27     21     175.547     4.01848     4.70275
5     40     24     277.103     1.96945     3.32057
6     17     19     25.57     4.19344     2.61406
7     30     40     201.4     4.97073     4.20606
8     30     26     181.403     4.29833     4.28549
9     45     24     319.24     1.6019     4.89509
10     35     1     197.83     2.60575     4.52185
11     19     25     190.4     3.59709     4.62882
12     18     3     43.71     3.06793     2.52052
13     9     15     268.957     4.96977     4.6823
14     11     6     228.107     4.0642     3.48277
15     43     28     311.527     1.60532     3.88241
16     24     36     175.403     3.337     3.03697
17     26     10     254.533     2.54027     4.43747
18     10     21     98.5567     1.61483     4.47592
19     13     4     81.56     4.92907     3.07993
20     10     27     224.25     4.92277     3.80451
21     12     38     283.383     2.69793     2.52197
22     33     37     310.097     4.58043     2.60224
23     12     24     189.113     4.38763     3.22222
24     8     29     113.697     4.88752     3.69617
25     38     8     212.257     4.18159     2.96655
26     25     34     179.26     3.99722     4.64759
27     8     29     239.39     4.1238     4.26023
28     27     6     189.83     4.97639     4.0508
29     26     28     257.39     3.52211     4.53314
30     43     25     68.71     4.55341     3.14455
31     42     31     70.5667     4.54102     4.15746
32     21     12     203.827     1.55416     2.73568
33     41     17     98.1333     2.47981     4.7776
34     31     39     290.957     4.02532     2.9355
35     35     3     160.693     2.74076     2.95274
36     15     36     160.69     3.54401     3.20872
37     19     26     104.7     4.98227     4.11229
38     8     17     16.57     4.21641     2.73476
39     29     6     291.813     3.4608     4.32287
40     33     2     50.14     4.86338     3.58142
41     26     37     283.1     3.56088     4.86869
42     38     5     272.247     4.3934     4.19141
43     47     14     286.96     2.01143     4.64423
44     44     36     269.677     2.36285     3.18087
45     39     31     141.84     4.2899     2.85928
46     41     6     306.67     1.72452     3.45119
47     36     40     313.097     2.21427     4.55641
48     42     6     176.263     3.26298     4.11252
49     10     37     207.11     2.7225     3.94101
50     44     11     226.827     2.21726     2.71989
51     29     8     80.42     2.83892     3.024
52     28     39     93.7033     4.59207     2.82266
53     21     12     95.2733     1.82888     3.07688
54     38     24     66.5667     3.6551     4.32524
55     9     3     151.833     1.54059     3.89935
56     26     1     145.98     4.12326     4.16105
57     17     1     294.097     1.9341     3.39915
58     9     2     63.2767     3.03525     4.7792
59     42     6     216.257     2.29823     4.98497
60     13     36     27.2833     4.31254     2.9429
61     39     40     278.96     4.65499     2.77116
62     15     22     117.84     4.00673     3.84121
63     26     15     100.273     1.85089     4.59593
64     15     35     240.677     2.23585     3.01225
65     23     24     282.957     2.83743     2.85051
66     47     25     72.71     3.30699     3.58013
67     17     3     105.557     4.1364     3.12273
68     40     36     191.403     4.02702     3.80352
69     35     20     266.39     1.99509     3.15119
70     35     25     112.13     1.70017     4.93698
71     40     21     262.82     3.22794     4.59349
72     25     27     84.99     4.31468     4.40466
73     35     11     189.26     3.24567     2.6059
74     45     9     219.257     4.41433     4.28701
75     33     29     224.397     4.77227     3.23641
76     36     38     78.85     4.16022     2.61925
77     10     40     189.97     3.74899     3.62911
78     28     24     302.24     4.0784     2.50298
79     11     5     116.697     1.92651     2.5425
80     10     34     10     4.49519     4.02966
81     39     25     201.83     4.1442     3.67908
82     18     34     286.527     2.16065     4.01708
83     41     12     295.243     3.79641     4.32806
84     27     11     115.557     3.05875     3.55846
85     43     3     265.82     1.9875     4.32043
86     16     28     207.397     2.40558     3.38343
87     11     6     228.107     4.37332     2.79672
88     8     15     65.1333     1.83497     4.532
89     41     19     283.817     2.68992     2.7868
90     31     3     262.39     4.27163     4.3408
91     34     9     253.963     3.97159     3.60279
92     35     11     280.673     3.99103     2.74216
93     16     6     53.1367     2.45396     3.5435
94     8     36     150.833     3.3683     3.87509
95     40     9     128.557     2.66663     2.91284
96     21     35     112.413     3.8135     3.00935
97     10     16     24.2833     2.71192     4.84939
98     44     21     281.103     2.39436     3.7817
99     28     12     176.547     4.23211     3.96901
100     29     13     154.693     4.6473     3.24473
101     24     40     272.53     3.56313     2.81999
102     12     33     160.547     4.57488     4.72823
103     41     13     172.407     2.57701     3.65078
104     47     13     241.253     1.83187     3.51276
105     10     25     209.967     4.21117     2.98975
106     41     39     226.683     3.59838     2.81655
107     39     12     281.817     3.18426     4.03813
108     41     1     169.55     4.13971     2.59369
109     10     2     32.8533     3.40173     4.37468
110     12     19     43.4233     1.55522     3.64597
111     47     11     244.11     2.54678     3.97351
112     31     38     259.533     2.7132     4.54627
113     40     6     254.25     3.36018     3.53435
114     29     26     263.247     2.37449     3.87509
115     19     25     296.097     2.60628     3.12471
116     31     24     139.553     3.00246     2.76963
117     23     19     188.687     3.22848     3.63529
118     15     33     292.097     1.76159     2.78474
119     42     19     261.963     4.19002     3.54724
120     28     38     93.7033     4.20263     4.06682
121     30     38     301.383     3.00363     3.51253
122     18     13     192.257     1.63576     3.84022
123     47     29     47     3.94841     3.74653
124     23     10     131.553     3.19152     2.70623
125     23     36     57.28     3.97404     4.23292
126     22     3     144.837     3.56783     3.75401
127     18     28     112.27     1.79267     2.7411
128     16     4     73.1333     1.96689     4.48485
129     26     10     111.7     2.15798     3.15683
130     46     17     265.963     2.21715     4.04813
131     44     37     278.247     4.83241     4.12442
132     32     15     177.69     4.58449     3.29035
133     33     20     267.247     2.74065     3.00157
134     41     11     306.67     3.26971     2.61643
135     39     30     156.123     3.31265     2.62757
136     25     8     164.977     3.59474     2.66373
137     45     25     213.543     3.01175     3.40297
138     18     38     275.1     2.87524     2.78779
139     42     36     59.14     2.55202     3.18216
140     19     5     67.5633     4.9812     4.86198
141     23     20     177.26     3.30282     4.97864
142     8     22     199.397     2.08481     4.88784
143     16     27     273.1     2.37973     4.9823
144     24     19     158.263     4.09688     4.92004
145     39     4     110.417     3.92502     3.38977
146     46     3     294.53     3.78861     2.80175
147     33     24     132.983     4.57328     3.04704
148     40     7     319.953     3.60308     4.71412
149     23     36     288.67     2.10649     3.40426
150     43     23     157.267     2.65285     3.03697
151     38     40     220.827     2.79566     4.78362
152     29     21     220.397     3.40579     4.52338
153     16     26     201.683     2.92982     2.959
154     17     24     296.953     3.05779     3.78529
155     9     9     288.953     4.03343     4.04912
156     23     27     160.12     4.59378     4.59304
157     18     35     143.693     2.26981     4.72221
158     26     28     165.977     2.03504     3.98587
159     25     8     76.42     4.53375     2.71348
160     24     29     149.693     2.87567     4.19652
161     47     12     326.953     4.7304     2.6558
162     13     30     30.14     3.70508     4.88708
163     9     8     80.4167     4.24204     4.72182
164     16     1     258.817     3.01827     3.19803
165     16     10     175.973     3.08267     3.57875
166     44     13     63.9967     2.2147     4.10962
167     25     40     64.9933     3.73948     2.65671
168     8     4     93.7     1.78295     3.6153
169     38     1     266.533     3.20231     3.72845
170     40     5     205.687     3.17464     4.7087
171     27     5     218.397     4.68052     4.30151
172     26     11     194.543     2.36402     3.68168
173     25     40     56.4233     3.50694     2.82388
174     18     11     217.967     3.09699     4.2365
175     30     11     244.25     3.23008     4.20148
176     47     18     141.27     4.32589     4.40893
177     43     18     160.123     2.39351     3.12799
178     27     28     272.673     3.83273     3.80497
179     37     7     282.673     4.50192     2.72767
180     23     30     257.247     4.04016     3.64956
181     13     38     207.253     2.17614     3.51032
182     28     14     230.823     2.50897     4.64789
183     8     31     285.097     1.99477     2.63871
184     35     6     46.4267     2.12401     2.65938
185     39     39     53.2833     2.52339     3.50909
186     30     36     101.417     2.4671     4.6839
187     32     23     40.57     2.5313     3.14325
188     45     37     284.96     3.87738     2.66022
189     35     35     203.543     4.39596     4.89418
190     26     5     251.677     3.19953     2.57828
191     22     20     79.1333     2.19451     3.96283
192     45     32     316.383     2.21961     3.9021
193     10     31     58.5633     3.48366     3.22909
194     33     37     164.407     4.28776     4.30639
195     11     20     50.9933     4.26586     4.39398
196     20     5     42.8533     2.6285     4.72571
197     12     16     63.42     4.64377     4.43434
198     19     33     193.257     2.33935     4.71534
199     9     20     274.67     2.16214     4.87114
200     13     9     141.55     2.57627     3.12532
201     43     19     120.13     4.83753     3.84884
202     11     22     39.5667     1.92619     4.08681
203     24     39     283.957     4.37407     3.5287
204     22     17     64.85     2.46828     3.31088
205     32     13     229.11     4.06879     2.79321
206     41     9     41     2.02126     4.69977
207     17     28     154.12     3.40259     2.76406
208     42     17     230.54     2.57968     4.77073
209     44     2     44     2.32023     2.63199
210     21     31     266.673     3.43634     4.89242
211     29     40     114.7     4.19697     3.29958
212     18     7     229.393     3.49338     3.83381
213     47     33     192.69     3.4922     3.83618
214     10     22     132.837     2.25967     3.12532
215     22     22     56.28     3.59218     3.24541
216     38     39     77.9933     3.03717     2.73278
217     11     29     276.67     1.83892     2.54555
218     40     1     125.7     4.29342     4.54367
219     35     22     240.68     4.74685     4.66185
220     47     15     146.983     3.72196     3.66581
221     40     28     208.543     3.40707     4.63164
222     31     39     165.263     4.49103     2.53922
223     47     2     284.103     3.57979     2.62185
224     47     4     47     2.67838     2.85943
225     17     28     194.113     1.97255     4.75951
226     26     20     305.953     4.89489     2.81396
227     34     25     251.107     3.20829     4.27374
228     22     34     201.97     2.59464     4.63118
229     45     8     227.827     3.97842     2.95106
230     24     37     286.813     4.5736     4.94156
231     46     8     214.543     3.88549     2.9033
232     22     15     93.4167     1.65424     2.95152
233     46     30     314.527     4.47212     3.64704
234     11     15     150.977     3.55971     3.93017
235     10     34     18.57     3.43762     4.49675
236     23     24     242.963     4.4734     3.00729
237     20     18     239.963     1.54283     4.76951
238     21     32     138.123     3.28744     4.28541
239     9     38     217.537     4.70177     4.3028
240     11     1     119.553     1.53813     2.76315
241     9     3     37.5667     3.75999     4.28449
242     37     3     268.39     3.52937     4.07201
243     43     33     65.8533     1.96294     3.39549
244     10     32     38.5667     4.64238     4.52483
245     30     37     218.54     2.60927     4.26458
246     45     31     179.263     2.83465     3.97717
247     41     7     206.687     2.39254     2.73637
248     21     34     58.1367     1.82493     4.00136
249     28     28     53.71     4.43121     4.95125
250     38     16     300.813     2.46646     3.87249
251     12     29     80.56     1.98451     4.73762
252     46     19     134.557     3.30741     4.3675
253     27     31     224.11     2.85804     3.81733
254     9     34     140.407     3.33914     4.37651
255     14     9     279.67     3.49402     4.82353
256     38     33     292.243     3.43153     2.8264
257     29     33     60.4233     3.75187     4.62981
258     47     37     189.833     2.9561     3.41754
259     46     15     328.81     2.87417     2.99387
260     21     40     140.98     2.09645     4.67215
261     11     40     130.98     4.64164     4.01196
262     25     19     253.533     2.84672     2.79588
263     31     21     302.383     3.71406     2.88629
264     28     14     213.683     1.69665     4.85191
265     13     25     64.42     2.16054     3.00592
266     8     2     193.683     2.00481     4.74654
267     41     30     92.42     3.67582     3.33842
268     29     32     88.99     4.05918     4.52872
269     45     33     236.397     2.98419     3.63552
270     37     15     194.117     4.32504     3.50116
271     38     10     309.383     1.93228     4.95056
272     40     35     262.82     3.88101     2.64405
273     36     37     87.42     3.26746     2.96831
274     41     40     289.53     1.54123     4.35156
275     45     11     210.687     3.10489     4.14815
276     23     11     222.967     3.16695     4.98032
277     19     2     258.96     3.08214     4.67849
278     21     17     260.96     1.66353     2.71111
279     25     40     293.527     3.70049     4.74464
280     18     37     252.247     4.66695     3.22283
281     18     20     232.25     3.35462     3.10892
282     34     23     273.96     4.91604     3.1782
283     42     38     247.68     3.04924     4.50339
284     43     40     205.83     1.81329     4.0231
285     27     10     109.843     2.80335     4.83428
286     9     39     17.57     4.17379     3.59783
287     41     9     280.96     3.74215     4.20049
288     26     31     177.403     3.65894     3.06085
289     30     31     252.82     1.87609     2.72286
290     18     22     160.833     2.90109     4.12496
291     39     22     230.397     1.56825     4.18729
292     33     23     92.99     3.81371     4.10657
293     14     34     68.2767     3.18778     4.99962
294     24     17     58.28     1.58876     3.78643
295     38     27     132.27     3.45257     3.45286
296     16     22     104.557     1.88314     3.08397
297     10     30     292.81     4.95781     4.30822
298     11     14     222.393     1.69109     4.5436
299     46     4     80.28     3.39319     3.68648
300     8     1     119.41     3.90515     4.63302
