1     32     6     62.36     1.66898     3.64902
2     29     7     173.21     4.01068     3.58585
3     40     2     141.2     4.47639     4.00884
4     42     11     287.41     3.80293     3.46767
5     45     1     184.15     3.77612     3.51756
6     22     12     54.89     3.77921     3.92842
7     31     5     273.88     2.95375     3.36734
8     11     5     36.3     1.95653     3.44562
9     12     2     52.48     3.54828     2.77062
10     42     3     234.28     2.49648     3.89302
11     36     14     223.22     2.53044     4.79034
12     44     1     54.12     1.8276     2.77696
13     14     14     155.68     2.27067     4.98222
14     17     1     17     4.95653     3.28532
15     25     7     217.28     1.69248     2.8502
16     44     13     198.33     1.96529     4.64873
17     44     8     279.29     3.61461     3.61393
18     44     7     81.95     2.69793     2.81434
19     15     1     78.25     3.28018     2.78855
20     29     6     180.8     3.63256     3.93239
21     39     7     140.2     3.57402     3.57776
22     29     13     274.41     2.44232     3.15485
23     38     12     240.4     4.42608     4.57831
24     8     2     18.12     4.24375     3.74676
25     8     6     68.72     4.90408     2.79817
26     21     5     182.92     2.03151     4.01006
27     24     15     271.94     3.9921     4.48622
28     22     9     226.93     4.80229     4.52002
29     41     12     228.22     3.55789     3.77499
30     12     13     108.14     4.86477     3.17385
31     22     9     249.7     3.00705     4.13564
32     32     9     201.51     3.33775     3.05239
33     26     7     114.55     3.12455     2.64565
34     11     1     117.26     2.83625     3.09359
35     24     5     137.85     1.60436     4.56885
36     23     7     230.46     2.34362     4.07888
37     20     3     73.13     4.76618     3.24786
38     44     13     145.2     4.77323     4.93233
39     40     5     176.62     2.95952     2.80953
40     20     1     65.54     2.21491     4.33142
41     41     10     288.94     4.15584     3.68198
42     31     12     248.58     1.87257     2.63138
43     23     1     48.3     3.22741     3.42532
44     8     3     129.44     1.68532     4.10146
45     16     4     180.45     2.41455     2.87355
46     30     8     229.87     3.13929     4.47325
47     21     6     48.83     2.47981     2.59026
48     20     12     143.97     1.7649     3.80261
49     28     11     35.59     3.04946     4.63584
50     17     8     234.58     4.32311     4.64331
51     21     5     114.61     1.64313     4.64751
52     41     9     124.49     2.67763     3.03301
53     45     5     57.65     1.89062     4.23215
54     42     11     102.72     2.35644     4.79293
55     37     7     59.77     2.93591     3.67138
56     39     8     185.74     4.29897     4.63805
57     20     9     68.07     1.52905     4.93881
58     9     3     132.97     2.79203     3.10182
59     25     11     222.34     3.30581     2.53037
60     33     3     192.39     3.09304     3.77232
61     42     14     133.08     4.7539     4.60707
62     31     3     51.24     2.74012     3.34063
63     24     3     56.89     1.86766     4.44945
64     39     12     117.43     3.05052     4.4628
65     41     8     86.54     4.49007     4.72594
66     14     14     186.04     1.80581     3.93315
67     36     13     182.74     3.84106     4.57236
68     41     9     76.42     2.12561     3.67092
69     8     7     182.57     1.73553     4.48469
70     15     10     138.97     2.52734     4.51903
71     30     6     131.2     3.48708     4.02425
72     18     12     30.65     3.17454     2.85516
73     18     8     25.59     2.49947     4.8352
74     42     11     163.44     3.81265     2.5161
75     47     14     125.43     2.04657     3.97443
76     41     6     175.09     3.89169     4.53368
77     40     10     57.71     4.23894     2.55448
78     24     15     84.72     4.87727     4.68345
79     31     5     122.08     4.67763     4.69855
80     33     15     250.58     4.24824     3.84648
81     17     12     62.54     3.29673     4.30769
82     19     10     84.78     2.18212     3.68297
83     23     7     235.52     3.39222     4.64125
84     25     5     199.57     3.42897     2.61841
85     31     4     165.09     2.33892     3.2094
86     43     7     280.82     3.87075     4.6427
87     34     4     109.9     1.99477     4.47844
88     12     3     173.92     3.77035     3.4212
89     12     6     12     3.79257     2.88759
90     26     11     79.13     2.20647     4.21896
91     39     2     147.79     2.51923     3.68015
92     41     4     213.04     4.19739     3.63628
93     16     1     51.42     3.28274     4.04515
94     8     7     51.01     2.01057     4.65873
95     40     8     229.75     2.1662     4.57297
96     18     5     66.07     4.16172     4.51712
97     28     10     76.07     4.07018     3.52252
98     23     10     83.72     3.59934     2.86241
99     46     11     58.65     4.24108     3.90202
100     32     11     123.08     4.07872     2.75147
101     42     7     117.9     3.48889     3.36062
102     31     5     218.22     3.22153     4.44632
103     9     12     145.62     4.59111     4.39428
104     29     14     130.2     2.26501     4.52475
105     33     10     162.03     3.884     4.8629
106     17     1     80.25     3.99637     2.80496
107     11     12     16.06     2.54294     3.82054
108     8     9     223.05     2.37631     4.58144
109     44     1     54.12     2.54839     2.65793
110     47     14     181.09     2.35014     3.1737
111     45     1     244.87     4.84053     4.05789
112     27     12     219.28     3.3448     2.78809
113     43     10     78.42     2.66086     3.76225
114     42     14     130.55     2.45492     4.19126
115     31     3     86.66     1.58193     2.65259
116     23     12     152.03     3.31606     3.19628
117     15     14     80.78     3.22356     4.14235
118     42     10     148.26     2.66482     4.46204
119     44     1     122.43     1.65755     4.38223
120     13     6     66.13     3.58737     3.10419
121     26     5     167.68     2.99925     2.77741
122     24     1     218.81     2.9545     4.11901
123     34     1     127.61     1.68703     2.81823
124     14     4     158.21     2.04486     4.61982
125     43     12     194.8     4.44905     3.22207
126     22     6     214.28     1.8558     3.88569
127     37     11     234.34     3.95717     4.38887
128     11     4     236.17     4.10115     3.72303
129     37     14     198.92     3.66962     2.66839
130     36     15     89.13     3.89628     4.13915
131     36     2     228.28     2.85911     4.94079
132     37     2     44.59     2.13224     4.32859
133     8     9     235.7     4.83102     3.50864
134     44     8     256.52     2.53546     3.97214
135     41     13     213.04     2.82621     3.80253
136     20     12     245.17     3.91615     4.84802
137     37     10     201.45     3.11397     4.89807
138     30     7     217.22     1.6034     2.75567
139     45     9     252.46     4.77099     2.84631
140     19     2     256.82     1.56911     4.75249
141     22     1     24.53     2.64762     4.31669
142     19     2     178.39     1.73766     4.20194
143     24     6     228.93     3.02318     3.05109
144     18     10     250.76     3.48441     3.63536
145     18     7     184.98     2.9467     4.13251
146     37     3     52.18     4.32098     2.92589
147     28     13     48.24     3.26704     3.56441
148     41     8     66.3     3.26853     2.77444
149     12     5     55.01     2.84918     3.1637
150     29     7     223.81     4.9185     3.50879
151     18     3     40.77     1.97874     3.26556
152     19     2     264.41     4.67988     4.19469
153     44     13     243.87     4.45386     3.24107
154     27     12     191.45     4.21566     4.55992
155     35     2     37.53     4.36402     4.82757
156     8     3     187.63     4.56537     4.73052
157     43     1     149.26     3.05747     3.27067
158     8     2     258.47     4.95567     2.77947
159     39     12     211.04     3.79534     3.78002
160     16     6     167.8     3.79833     2.5885
161     11     5     218.46     1.59293     3.29623
162     22     8     264.88     1.87631     4.52124
163     32     4     87.66     3.25005     2.57141
164     30     10     265.29     4.21619     3.90988
165     43     7     172.03     4.06644     3.56159
166     46     1     283.82     3.14869     4.8542
167     14     6     193.63     1.74706     4.63172
168     33     15     76.01     2.05736     4.33271
169     38     2     55.71     1.99413     3.57334
170     15     11     30.18     2.81361     4.12626
171     12     15     70.19     1.78541     3.43478
172     43     1     240.34     2.39959     3.05475
173     44     11     109.78     2.84149     3.66337
174     37     3     262.17     2.2194     4.5259
175     33     10     96.25     2.78039     4.06095
176     14     15     186.04     2.09667     4.39604
177     14     9     165.8     2.45898     4.05118
178     30     14     75.54     3.45994     4.14479
179     30     11     83.13     1.50224     4.75959
180     9     7     251.88     4.2163     4.36079
181     38     7     53.18     3.02051     3.90637
182     29     9     158.03     2.81126     3.54068
183     46     6     144.67     3.01314     3.51131
184     22     5     82.72     4.47757     4.70054
185     27     9     272.41     2.9608     2.91131
186     27     10     97.84     1.66973     4.79949
187     8     4     94.02     3.60468     4.59082
188     47     13     211.45     2.18831     4.4763
189     16     1     228.52     4.41284     2.82372
190     32     5     219.22     3.48943     3.09801
191     14     12     186.04     1.73531     2.62925
192     19     12     69.6     4.18319     4.1213
193     29     6     211.16     3.14516     4.0389
194     22     7     123.2     3.71929     3.26632
195     32     1     173.68     1.96828     4.17676
196     12     14     247.29     4.26009     4.50316
197     44     2     137.61     2.99979     4.65217
198     13     13     238.17     4.24108     3.85037
199     32     9     97.78     4.90867     4.26473
200     27     5     262.29     4.61878     3.48659
201     20     15     27.59     2.32931     4.52177
202     14     5     160.74     3.30656     3.67435
203     39     13     226.22     4.141     2.96854
204     9     11     57.07     2.29759     4.99611
205     40     8     115.9     4.93463     4.33103
206     19     5     36.71     2.97522     3.40327
207     14     1     122.79     4.16684     4.47035
208     23     3     45.77     3.61141     3.07787
209     8     4     114.26     3.00224     4.6511
210     12     15     125.85     2.5517     4.6057
211     21     10     195.57     3.34234     3.62079
212     46     7     228.16     3.58887     3.46301
213     29     14     102.37     2.04219     2.50305
214     43     3     91.07     2.52297     3.81558
215     30     1     214.69     4.81553     2.50221
216     47     14     213.98     3.90996     2.62947
217     16     7     203.22     3.82514     2.921
218     8     11     86.43     4.99648     4.09558
219     26     12     106.96     2.96379     4.49087
220     42     3     67.3     2.84362     4.36506
221     34     11     188.33     3.3198     3.01416
222     21     10     187.98     3.63704     4.09894
223     26     3     235.99     4.83187     3.31942
224     10     10     144.09     2.68511     3.82923
225     13     11     23.12     3.13074     3.52916
226     26     7     213.22     1.60468     4.63248
227     22     3     145.97     2.56868     4.63958
228     31     10     220.75     3.19366     4.11634
229     41     2     278.82     3.43602     2.91322
230     24     4     104.96     4.9921     2.71844
231     24     6     127.73     1.86531     2.58423
232     26     4     225.87     2.02969     2.81762
233     23     5     159.62     2.42395     3.87593
234     41     1     278.82     2.26191     3.15783
235     40     6     65.3     4.89244     3.83061
236     11     8     122.32     2.19259     3.58417
237     40     9     77.95     3.73157     4.95239
238     14     2     102.55     3.18468     2.59209
239     16     7     208.28     3.73713     4.16204
240     13     3     53.48     1.95813     2.68876
241     14     13     107.61     2.88133     4.56496
242     39     13     241.4     4.2758     3.56639
243     41     5     276.29     1.84181     2.5309
244     47     7     173.5     2.31585     3.08901
245     8     4     104.14     1.71897     2.58667
246     45     6     77.89     3.23328     3.59127
247     20     12     47.83     3.94029     2.62116
248     44     11     264.11     3.90686     3.48949
249     41     10     235.81     1.85131     4.40298
250     34     4     107.37     2.87545     4.20591
251     9     5     140.56     2.49605     4.41061
252     27     3     269.88     3.96091     4.90448
253     9     2     16.59     1.58289     4.97467
254     14     12     213.87     4.57819     2.54013
255     10     2     70.72     2.63961     3.23328
256     39     2     66.83     3.73414     4.72007
257     34     12     246.52     3.35441     2.89995
258     43     11     217.57     1.71224     2.87721
259     16     9     190.57     1.60585     3.84266
260     15     6     83.31     1.94659     3.25709
261     27     7     70.01     3.67956     4.4776
262     9     5     153.21     4.58161     3.21619
263     20     15     204.69     3.17197     4.47325
264     21     1     114.61     2.22004     2.83357
265     47     3     289.88     4.08289     2.76879
266     10     8     164.33     2.35943     4.33447
267     14     7     21.59     4.09421     3.40358
268     43     6     43     3.01442     4.32691
269     38     5     217.63     4.53717     4.16013
270     30     12     270.35     2.02745     3.85014
271     24     9     213.75     1.54604     3.01874
272     24     6     246.64     1.56665     3.73653
273     41     8     121.96     3.90077     4.92576
274     23     5     55.89     4.3119     2.78474
275     42     1     262.11     4.05544     3.87272
276     22     13     87.78     4.82728     3.7466
277     25     6     207.16     3.85559     2.78993
278     21     14     119.67     4.12188     4.62561
279     31     8     187.86     3.94232     3.75095
280     38     11     167.03     1.89789     2.78832
281     32     2     140.79     2.34405     3.48994
282     9     14     16.59     4.98654     4.38833
283     22     12     133.32     2.25614     4.23269
284     9     2     155.74     2.96966     4.10237
285     29     12     180.8     4.50705     4.83802
286     21     12     162.68     1.99242     2.67937
287     24     1     233.99     2.2132     4.75379
288     40     14     146.26     4.75967     4.80171
289     11     11     66.66     2.12081     3.28394
290     33     5     98.78     3.22185     4.75868
291     40     14     161.44     2.63469     4.16898
292     12     8     135.97     4.94873     4.93347
293     10     11     235.17     2.03525     2.978
294     15     12     25.12     2.18906     4.60158
295     21     3     236.05     1.88314     4.81452
296     30     5     275.41     2.61931     4.04225
297     44     3     124.96     2.11066     4.83314
298     24     8     34.12     2.77879     3.96214
299     33     4     248.05     1.80122     4.07048
300     39     11     162.97     2.1928     2.73194
