1     13     18     690.73     4.00182     4.16555
2     10     19     313.81     4.45962     4.84031
3     32     30     748.68     2.88507     4.92027
4     10     1     181.38     2.10575     2.69372
5     11     7     275.86     4.38144     2.91894
6     45     38     45     4.61686     4.18165
7     47     32     459.87     2.31115     3.6008
8     44     8     534.77     1.72965     4.2745
9     26     35     244.12     3.03087     4.60479
10     16     33     522.35     2.8338     4.89357
11     44     27     324.44     3.46187     2.84974
12     11     24     641.99     3.84341     3.39755
13     42     35     657.41     2.80763     4.42763
14     21     23     130.06     1.75806     3.88127
15     46     22     303.07     2.45781     4.80789
16     24     30     179.8     4.41177     3.78704
17     44     5     324.44     4.58011     4.3553
18     20     6     495.19     3.90707     3.32842
19     22     4     411.5     2.39938     4.16005
20     12     23     308.02     4.73916     2.7266
21     42     37     88.74     4.16471     4.6804
22     47     10     117.11     1.60564     4.75944
23     15     3     497.98     3.30367     4.69749
24     47     8     413.13     4.90579     2.62215
25     11     32     782.21     3.26373     3.08329
26     46     17     170.64     1.92416     3.10198
27     24     32     148.64     2.5423     3.38046
28     20     38     728.89     4.20594     2.56386
29     18     28     571.09     2.90269     3.6948
30     26     16     688.15     2.61536     3.24976
31     11     8     377.13     2.279     4.40062
32     19     38     50.16     1.58535     4.88937
33     39     29     755.68     3.86787     3.6581
34     21     35     122.27     3.05213     4.12458
35     8     16     670.15     2.90707     3.24358
36     12     30     323.6     3.07872     4.24551
37     27     33     595.67     3.64356     4.69184
38     40     40     468.45     4.66514     2.73919
39     17     5     710.31     3.48665     3.25137
40     10     33     625.41     4.74674     4.15128
41     24     12     320.02     3.85014     4.65217
42     18     4     758.05     4.37973     3.25961
43     31     19     264.7     2.18212     4.68513
44     20     14     549.72     3.61419     3.56044
45     13     27     597.25     3.68116     4.09543
46     31     27     661.99     2.05437     3.56769
47     11     33     236.91     3.70049     3.78712
48     29     17     511.98     1.60714     3.42364
49     13     28     176.59     3.84053     2.84074
50     13     11     675.15     4.41743     4.32356
51     13     10     612.83     2.22762     4.34378
52     20     7     526.35     2.49081     3.25121
53     16     3     584.67     3.48099     4.03256
54     40     33     694.36     4.50491     3.02828
55     39     20     264.91     2.86691     4.24802
56     11     30     307.02     1.80645     2.67541
57     47     22     280.7     4.14068     3.20276
58     14     33     294.44     3.09774     3.08611
59     34     20     509.19     4.57584     4.5616
60     12     17     752.05     4.80934     3.01309
61     20     33     27.79     3.18084     4.8336
62     43     9     362.39     2.1599     2.86721
63     46     15     474.45     4.10393     3.57761
64     30     23     419.5     2.40579     3.82847
65     46     25     653.62     4.72388     3.9198
66     45     21     146.27     1.77515     4.77012
67     21     18     59.95     3.43036     3.38343
68     43     27     206.59     3.09175     4.49484
69     40     28     741.1     2.59015     2.53159
70     15     3     614.83     4.08502     4.28388
71     24     2     101.9     3.20135     3.92262
72     12     12     463.82     1.88859     3.25793
73     10     6     781.21     1.73563     3.87684
74     42     8     602.88     3.22591     4.05126
75     16     12     771.63     3.16738     4.55763
76     26     22     244.12     1.78242     3.79795
77     29     20     122.48     4.69013     3.86334
78     22     24     232.33     3.26714     2.93062
79     37     36     333.02     2.62113     3.13257
80     38     22     170.43     3.66012     4.29212
81     27     12     167.22     4.99348     2.66182
82     36     17     238.54     4.64805     2.55875
83     9     9     569.88     4.33465     2.5354
84     17     25     305.23     3.24749     3.97732
85     12     34     152.22     1.63395     3.7682
86     46     16     754.89     4.61547     3.91324
87     12     22     237.91     4.4969     4.76058
88     28     5     59.16     2.04711     4.71236
89     8     28     623.41     2.98601     3.06597
90     20     9     175.8     4.66161     3.87478
91     9     25     71.32     3.65146     4.97124
92     8     37     156.01     4.27494     2.54082
93     35     6     50.58     2.74685     2.88888
94     8     18     327.39     3.96091     4.29022
95     39     15     264.91     3.63405     3.0623
96     30     32     660.99     3.29865     4.25321
97     35     6     128.48     4.87471     3.58341
98     18     16     438.66     3.30837     3.5345
99     40     6     320.44     4.50961     2.72256
100     31     2     85.53     3.07445     3.94955
101     26     8     407.71     3.02574     2.57126
102     28     23     604.46     2.05618     3.07344
103     36     24     152.85     1.51015     2.99715
104     28     23     152.64     4.58545     4.60219
105     18     1     602.25     1.9921     3.41166
106     38     5     450.87     2.05213     4.02638
107     37     37     481.03     2.97233     4.85023
108     14     15     224.33     2.77793     4.61776
109     19     38     361.76     4.13939     4.86427
110     34     15     711.73     4.57627     3.72806
111     20     25     261.49     2.77451     2.72713
112     21     20     620.83     4.50021     4.40016
113     38     13     443.08     2.8433     4.95125
114     32     25     382.55     3.77857     4.79194
115     18     9     625.62     1.77473     3.61774
116     28     20     59.16     4.4389     2.91269
117     28     11     370.76     3.92843     2.51991
118     17     25     351.97     4.61728     4.17203
119     23     33     435.87     4.74824     3.61782
120     10     21     757.84     3.05736     4.24085
121     47     4     195.01     1.60468     3.80566
122     15     11     692.73     2.29513     4.72579
123     29     7     714.52     3.32418     4.49232
124     18     34     204.96     3.53269     4.15479
125     14     5     722.89     3.40547     3.99365
126     18     37     563.3     3.69793     4.27648
127     20     33     619.83     4.42438     2.73751
128     19     2     299.44     1.69333     4.17142
129     36     35     316.44     2.62487     3.78178
130     12     4     323.6     3.33123     4.67574
131     15     2     435.66     2.69942     3.64383
132     32     25     218.96     3.95674     3.11754
133     25     28     500.19     3.25507     3.44348
134     38     12     263.91     4.75849     3.36589
135     37     8     691.36     1.96764     2.85791
136     16     12     86.11     3.2665     3.6919
137     39     5     85.74     2.92416     4.38948
138     31     35     443.87     3.53813     4.9427
139     8     16     716.89     1.65146     2.94549
140     22     16     660.78     4.03034     4.02776
141     13     2     605.04     3.83348     3.23099
142     35     38     525.77     1.66108     2.71767
143     16     31     148.43     4.21534     4.95376
144     17     27     258.49     1.55693     4.25558
145     38     40     645.62     2.69494     3.34178
146     16     1     210.75     4.48878     2.78069
147     31     25     584.09     1.60297     4.97368
148     43     8     300.07     3.49445     3.06513
149     26     28     127.27     1.66887     3.92079
150     9     26     717.89     3.68992     3.06238
151     14     5     21.79     3.6756     3.20276
152     21     30     550.72     2.26682     4.2687
153     34     12     182.01     1.80122     4.05477
154     23     6     132.06     2.17827     4.89692
155     46     23     279.7     3.64858     3.0076
156     17     32     141.64     3.51218     3.36276
157     47     37     54.79     3.46133     4.28053
158     18     25     695.73     4.05074     4.58388
159     39     27     693.36     3.02927     4.98611
160     22     37     434.87     2.01976     4.09093
161     11     34     478.4     3.27911     3.14768
162     11     1     18.79     4.52371     4.95155
163     27     23     27     1.55458     3.53
164     46     33     412.13     3.16813     2.50649
165     45     2     535.77     1.58278     3.78109
166     28     10     518.77     4.3715     4.41885
167     43     32     113.11     4.62871     3.38771
168     34     1     174.22     2.36178     3.53481
169     32     10     772.05     2.83647     2.94305
170     14     18     613.83     3.36338     3.55808
171     47     35     93.74     2.75967     3.72646
172     11     3     743.26     2.96924     2.53571
173     12     6     292.44     2.07723     2.59629
174     32     6     281.28     4.20167     4.15731
175     33     37     204.38     3.49808     4.69497
176     42     34     548.35     2.76041     4.36613
177     35     19     517.98     2.85302     3.96626
178     22     18     325.81     2.45824     3.28295
179     10     11     695.52     3.87385     3.98579
180     40     13     94.53     4.84416     4.94263
181     28     15     269.49     3.66012     4.10344
182     14     12     489.19     4.51314     4.84237
183     26     10     719.31     4.8338     3.39816
184     45     8     68.37     4.10532     2.80366
185     18     22     430.87     1.88037     4.94606
186     20     1     308.23     3.49081     3.64597
187     28     23     713.52     4.67934     2.89995
188     44     7     456.87     1.64292     3.17263
189     37     29     169.43     4.71918     4.8825
190     38     21     482.03     4.199     4.4702
191     39     14     132.48     3.00363     4.69077
192     21     2     574.09     1.70754     4.51956
193     30     10     785.63     1.64217     2.81396
194     15     38     435.66     2.56516     3.6198
195     20     38     596.46     4.62989     4.76394
196     9     11     780.21     1.63833     2.62429
197     38     1     630.04     3.31382     4.71694
198     24     25     577.09     3.57477     2.9902
199     30     34     770.05     2.54775     4.46936
200     32     16     756.47     2.80079     4.63889
201     31     8     716.52     3.53375     2.70516
202     41     34     477.24     4.20786     4.1303
203     28     24     74.74     2.85153     4.57587
204     29     6     99.11     4.02446     3.14943
205     17     11     48.16     4.17528     4.09314
206     35     39     665.99     4.37759     4.80483
207     23     5     622.83     4.17774     4.33378
208     23     19     552.72     2.04006     2.73972
209     21     7     535.14     1.6222     2.95755
210     40     37     717.73     3.86691     3.05658
211     26     30     493.4     1.64206     3.03713
212     17     3     203.96     2.41733     4.05278
213     44     18     815.21     4.7069     4.20064
214     17     32     429.87     2.7664     3.76957
215     20     40     97.9     4.7774     4.08673
216     42     19     174.43     2.50235     2.85363
217     31     32     288.07     3.64698     2.61216
218     13     22     98.69     1.91209     2.7308
219     31     40     404.92     2.97095     4.05209
220     29     24     348.39     2.35495     4.09223
221     32     31     141.06     1.98355     4.43228
222     32     27     187.8     3.32237     3.1933
223     27     26     307.44     4.40226     4.23437
224     41     23     492.82     1.6865     3.46515
225     22     19     762.05     3.0188     3.91346
226     32     37     639.62     3.63565     4.93828
227     10     21     25.58     4.97981     4.72839
228     33     5     702.94     3.79716     3.97885
229     36     17     324.23     3.25251     4.8838
230     17     1     219.54     1.54807     3.33773
231     13     20     425.87     2.77953     3.4856
232     36     23     160.64     2.01335     2.51167
233     35     31     525.77     3.32066     4.80873
234     33     3     617.25     1.75101     3.41723
235     45     6     481.24     1.98184     2.87652
236     20     27     495.19     4.62572     3.87684
237     18     33     641.2     4.93239     3.85411
238     43     25     58.58     4.8684     3.91789
239     26     30     789.42     2.8088     3.75286
240     34     29     228.75     3.82568     4.88426
241     27     5     206.17     4.30741     3.94841
242     16     16     701.52     4.39415     3.85937
243     38     10     653.41     1.96229     4.51041
244     31     18     802.21     4.14399     3.4035
245     32     6     538.35     3.11376     2.84532
246     8     36     327.39     4.62978     4.10192
247     34     39     275.49     3.5611     2.65137
248     20     31     191.38     1.88774     4.92645
249     17     20     87.11     1.90536     3.18621
250     12     27     175.59     3.62209     3.90927
251     31     26     194.59     2.0784     3.84693
252     10     25     25.58     3.07765     4.12931
253     15     17     661.57     4.0595     4.0627
254     14     2     691.73     4.10062     2.51091
255     21     16     59.95     3.77953     3.49971
256     42     13     680.78     2.88614     3.93544
257     20     21     339.39     2.21342     2.57889
258     23     37     326.81     3.41465     3.16469
259     22     13     99.9     2.65905     3.30615
260     13     40     254.49     3.57413     4.57778
261     47     26     646.83     3.2037     2.91444
262     30     26     53.37     4.47127     4.71931
263     18     8     103.69     1.87887     2.81938
264     36     8     43.79     4.42918     2.66129
265     43     15     580.51     4.00192     2.88636
266     15     37     373.34     2.17272     3.1766
267     27     4     143.85     3.70519     3.51123
268     8     25     483.19     2.20241     2.72553
269     8     40     124.85     2.65296     3.0121
270     40     36     795.63     4.85398     3.25449
271     34     24     111.9     2.94606     2.83517
272     18     15     687.94     2.04668     3.80726
273     15     27     334.39     2.21288     3.07169
274     12     36     720.89     3.21972     4.94911
275     40     39     546.35     4.88945     3.28845
276     43     17     759.68     3.95375     3.50261
277     18     36     18     4.18554     3.67023
278     12     34     58.74     2.28263     2.59713
279     14     31     302.23     4.7398     3.97496
280     27     36     291.86     3.1912     4.52979
281     32     40     242.33     1.96059     2.80084
282     16     34     312.02     4.30047     3.9391
283     20     13     393.92     2.05629     4.66727
284     13     11     597.25     4.74097     3.7917
285     36     29     589.09     2.25123     4.90661
286     10     25     368.34     2.21331     4.18096
287     11     22     423.87     4.69034     4.86969
288     33     20     648.41     2.73617     3.93826
289     14     39     200.96     4.53108     4.94324
290     18     38     493.19     4.58182     2.55699
291     22     31     403.71     4.7225     2.88011
292     39     21     584.3     1.89895     4.92897
293     15     36     599.25     4.97223     4.94186
294     9     20     437.45     4.52382     3.89271
295     44     28     90.74     3.40034     4.85344
296     18     33     251.7     3.97768     3.09534
297     9     8     211.54     3.88218     3.07115
298     9     24     538.72     4.65264     2.66633
299     31     12     584.09     4.57627     3.8628
300     9     7     297.23     4.68458     2.70356
