1     23     5     72.875     3.78605     3.51512
2     37     2     80.3125     3.62476     3.07749
3     28     9     41.125     4.57392     4.26229
4     16     6     55.375     2.91818     2.99089
5     24     12     81.75     2.63822     3.01004
6     46     1     133.938     2.94232     2.92199
7     31     7     34.9375     1.58203     4.39154
8     12     3     51.375     2.68693     3.17034
9     32     10     70.0625     2.10169     3.3301
10     35     12     56     1.96091     3.84289
11     46     8     169.375     2.98526     2.90185
12     32     9     47.75     1.73382     4.12152
13     33     2     42.1875     4.29759     2.50847
14     37     7     47.5     3.16556     4.34332
15     27     6     88.6875     2.25358     3.86418
16     14     10     44.1875     1.82269     3.3929
17     27     2     86.0625     3.77911     4.79423
18     36     9     131.813     1.58321     3.9079
19     29     13     68.375     4.75849     3.34628
20     22     3     123.063     2.72805     2.79588
21     40     12     68.875     1.97009     4.71465
22     43     9     102.063     2.72036     4.56526
23     38     7     137.75     3.71021     3.47575
24     32     4     59.5625     2.67261     4.96704
25     16     5     121     4.10212     3.63796
26     16     4     46.1875     2.00043     4.95041
27     40     6     148.938     1.59539     4.00204
28     24     12     50.25     2.26479     4.93027
29     28     11     83.125     2.15114     3.83564
30     31     1     147.813     2.70124     4.36728
31     10     13     71.6875     3.61483     3.85922
32     20     10     81.6875     4.93666     4.16021
33     30     8     95.625     3.27665     2.54501
34     47     13     53.5625     2.39297     4.35133
35     30     6     119.25     4.12027     2.72851
36     46     12     73.5625     3.38026     4.64385
37     15     5     81.9375     2.25753     3.53191
38     42     4     114.188     3.87481     2.73186
39     13     14     125.875     4.55245     2.60063
40     24     15     63.375     4.48665     2.94336
41     23     13     130.625     2.93068     3.65246
42     9     2     16.875     1.61322     2.69478
43     32     1     87.125     3.37844     4.33844
44     26     12     61.4375     1.78199     4.25893
45     39     2     90.1875     4.62786     4.41672
46     44     15     86     3.17924     4.34484
47     32     14     156.688     3.52959     4.23917
48     21     7     38.0625     3.86648     3.9906
49     25     2     97.1875     2.61365     3.55007
50     45     10     80.4375     1.68554     3.76812
51     22     12     149.313     2.33796     3.0974
52     34     7     65.5     3.35014     4.3012
53     37     8     136.75     2.52275     4.05667
54     13     8     26.125     4.22484     4.59487
55     11     10     70.0625     2.4749     2.76711
56     27     4     99.1875     1.79192     3.17873
57     29     9     102.5     3.29737     3.28104
58     13     5     13     4.30624     4.56168
59     32     12     38.5625     1.88806     2.72439
60     8     3     51.3125     3.13619     3.4991
61     25     1     78.8125     4.62497     4.47134
62     13     11     97     3.29363     4.57396
63     13     6     56.3125     4.73905     4.12999
64     26     3     121.813     3.65061     4.58823
65     19     14     29.5     3.87524     3.34147
66     31     9     146.5     3.84309     2.76872
67     45     15     52.875     4.34042     3.89142
68     18     4     41.625     2.86349     3.7846
69     43     13     75.8125     3.53845     4.63363
70     20     7     33.125     3.33978     3.577
71     24     2     26.625     4.5941     3.72616
72     9     5     131.063     4.00182     3.00211
73     34     14     57.625     4.66247     3.68076
74     12     7     75     4.83615     4.2861
75     46     11     105.063     2.92801     4.22353
76     33     2     132.75     3.92769     2.79237
77     18     13     39     3.78979     2.9693
78     33     15     147.188     3.489     4.1023
79     26     7     65.375     4.73435     3.90751
80     41     7     157.813     4.07691     3.90713
81     44     14     135.875     3.89618     3.70136
82     28     14     75.25     4.49722     3.21345
83     12     4     34.3125     2.80613     3.29905
84     12     15     46.125     3.89596     3.86067
85     8     1     8     4.32696     4.85748
86     13     5     136.375     2.53899     4.35118
87     44     8     131.938     2.2758     3.97877
88     43     14     159.813     4.77921     3.49269
89     47     4     113.938     4.73553     4.7589
90     22     14     87.625     3.20989     4.35362
91     45     8     131.625     3.55191     2.64924
92     21     1     98.4375     3.50726     3.53046
93     43     9     123.063     2.01997     2.63024
94     24     12     24     2.45952     3.22787
95     14     7     80.9375     2.75668     2.69784
96     36     14     47.8125     3.18372     3.65154
97     20     10     34.4375     4.76148     2.66205
98     27     2     112.313     4.5298     3.21261
99     9     7     36.5625     2.66407     3.25869
100     42     12     77.4375     3.17283     4.04607
101     20     9     79.0625     2.16076     3.07298
102     10     13     111.063     4.89201     2.84013
103     32     13     84.5     2.63662     3.27578
104     47     4     152     3.03728     4.47943
105     35     8     59.9375     2.97671     2.67266
106     20     7     113.188     4.68436     3.49948
107     26     5     86.375     2.56345     3.06505
108     44     2     109.625     2.97543     3.35482
109     43     8     75.8125     4.46304     4.92409
110     18     5     105.938     4.14965     3.49857
111     33     8     143.25     3.29748     3.37687
112     19     4     121.375     4.25892     4.27541
113     28     11     75.25     3.30602     4.50583
114     39     9     159.75     3.07274     4.62661
115     14     11     108.5     3.59282     4.45898
116     11     7     35.9375     2.66994     2.60727
117     15     1     71.4375     3.06238     3.87494
118     26     12     33.875     4.7179     3.71685
119     42     13     144.375     4.04273     2.61841
120     31     10     130.75     2.93912     4.54154
121     14     9     63.875     4.09603     4.8294
122     20     7     136.813     2.26618     4.20919
123     47     14     111.313     4.01656     4.28442
124     31     11     122.875     1.68287     3.65711
125     42     14     97.125     4.01624     2.57027
126     8     1     105.125     3.75368     2.71203
127     20     7     62     2.09774     2.57073
128     44     14     72.875     1.84063     4.98299
129     27     7     133.313     1.61493     4.76478
130     29     12     72.3125     4.5079     3.06574
131     35     8     61.25     3.52104     3.83831
132     32     8     140.938     2.6128     4.06102
133     10     1     11.3125     4.3041     3.10793
134     13     11     91.75     1.58599     2.90414
135     36     9     144.938     3.11002     4.25748
136     18     5     107.25     3.39778     3.5081
137     25     5     81.4375     4.0533     4.88624
138     41     8     50.1875     4.71245     2.7179
139     18     6     108.563     3.2147     3.87074
140     29     11     76.25     4.23008     4.57892
141     24     13     97.5     2.32717     4.53887
142     17     3     144.313     1.71577     4.91638
143     13     14     78.625     3.64879     3.15523
144     41     4     159.125     2.71705     3.72829
145     41     9     60.6875     3.52318     2.72111
146     15     15     91.125     4.46699     2.89041
147     14     8     140     2.12754     4.5851
148     39     5     132.188     4.97704     4.17379
149     12     5     132.75     4.90867     2.86683
150     19     2     30.8125     3.81585     2.57485
151     38     11     47.1875     1.70498     4.19393
152     25     8     43.375     1.57637     4.95819
153     43     2     140.125     4.05864     2.75025
154     24     2     113.25     1.5298     4.01112
155     38     14     56.375     4.21171     3.13761
156     22     6     29.875     2.96764     2.51175
157     46     10     77.5     2.79331     3.54923
158     45     5     72.5625     3.73061     2.90918
159     46     4     46     3.69184     4.25649
160     17     11     145.625     4.92619     4.71542
161     46     7     124.75     4.11557     3.90728
162     28     4     63.4375     3.83187     4.71099
163     9     3     81.1875     4.34106     3.63788
164     26     15     137.563     2.98804     4.96231
165     37     2     140.688     2.14815     3.99632
166     13     15     36.625     3.97671     3.65184
167     46     5     144.438     3.44382     4.67887
168     34     1     137.688     3.38806     3.72089
169     28     15     84.4375     3.57178     4.579
170     26     13     110     4.97533     4.32409
171     24     11     43.6875     2.31115     4.6485
172     19     1     50.5     2.49615     2.59743
173     18     7     21.9375     3.56206     3.57135
174     44     8     112.25     3.24236     3.23847
175     46     1     70.9375     3.2179     3.75034
176     20     9     83     4.75603     3.39846
177     35     11     115.063     3.72709     2.60529
178     44     5     100.438     1.73446     2.88766
179     43     10     123.063     2.8401     4.18516
180     8     11     73.625     2.12166     4.69306
181     22     5     28.5625     2.0454     3.59104
182     26     10     62.75     3.38784     3.30798
183     46     15     110.313     3.19269     4.21316
184     23     10     92.5625     2.49573     3.37535
185     36     2     37.3125     3.80293     2.7794
186     16     11     124.938     4.55554     3.64216
187     26     15     75.875     1.56697     4.71679
188     34     15     39.25     2.1662     3.72745
189     38     1     61.625     4.53087     4.8249
190     47     5     86.375     2.4452     3.70212
191     14     4     112.438     4.96849     3.26281
192     19     12     66.25     3.74482     3.9816
193     47     12     102.125     4.44285     4.34751
194     31     13     62.5     2.5565     3.03102
195     36     13     155.438     2.55351     3.1653
196     25     10     70.9375     2.6034     2.88263
197     21     5     68.25     1.87268     4.9958
198     26     4     29.9375     1.61856     4.96605
199     37     13     153.813     4.56772     2.54776
200     23     7     53.1875     4.81265     3.75065
201     27     3     57.1875     4.21203     3.50887
202     17     13     48.5     2.02745     3.20078
203     10     5     49.375     4.28285     3.40594
204     13     2     14.3125     3.07851     3.54335
205     26     8     61.4375     3.84725     3.77956
206     45     14     93.5625     1.7837     3.34788
207     28     14     37.1875     2.93452     3.16988
208     29     11     64.4375     1.68052     4.41885
209     34     5     44.5     3.09763     3.41609
210     38     8     114.125     1.92993     4.50125
211     13     15     41.875     3.16001     3.7669
212     38     9     154.813     2.90878     2.79771
213     36     13     46.5     4.15253     2.80519
214     14     3     111.125     3.48836     3.2989
215     36     1     62.25     2.43516     3.18384
216     27     7     104.438     4.00182     3.42586
217     26     5     45.6875     2.50876     4.17463
218     46     9     140.5     4.39788     2.98524
219     27     7     32.25     4.01228     4.52963
220     36     3     80.625     4.58353     3.43684
221     12     3     65.8125     4.90857     3.155
222     30     6     52.3125     3.45215     4.97368
223     10     14     17.875     3.35751     2.59758
224     18     5     39     3.60137     3.91438
225     44     3     139.813     1.77644     2.84318
226     24     6     76.5     4.2367     2.90872
227     20     15     65.9375     2.58834     2.9284
228     22     10     106     3.26351     3.95497
229     10     6     97.9375     2.65723     2.86416
230     29     14     145.813     1.56644     4.22948
231     41     9     161.75     3.91134     3.37222
232     41     10     69.875     2.47618     4.73022
233     16     1     67.1875     1.65339     3.43379
234     45     10     147.375     2.92363     4.23093
235     26     1     32.5625     3.05907     3.15111
236     45     15     159.188     4.28178     3.54946
237     14     3     96.6875     2.36232     4.42114
238     26     13     129.688     4.39479     2.62719
239     40     13     117.438     3.72848     4.4219
240     34     12     56.3125     2.29524     2.92222
241     22     8     86.3125     4.31436     4.41122
242     45     5     118.5     1.6082     2.61391
243     11     15     20.1875     4.0172     3.83831
244     9     15     121.875     2.14292     4.62088
245     40     9     121.375     3.40953     4.76737
246     39     7     107.25     4.17229     4.93065
247     46     5     52.5625     3.86232     4.11389
248     35     9     95.375     4.39917     3.74264
249     29     3     31.625     2.8558     3.69366
250     16     15     26.5     4.61173     4.4232
251     33     12     86.8125     1.97703     3.08397
252     42     13     127.313     1.52382     2.77276
253     31     5     44.125     3.10617     2.79748
254     42     5     153.563     3.30602     4.10649
255     44     10     45.3125     3.28851     2.76864
256     37     11     38.3125     2.80047     3.14653
257     22     4     91.5625     2.2962     3.65223
258     21     4     60.375     1.92673     4.22704
259     26     14     124.438     1.87513     3.43501
260     47     13     141.5     3.27291     4.31204
261     12     14     61.875     3.68169     4.35942
262     44     13     97.8125     3.87503     3.82504
263     42     9     57.75     2.4044     2.65976
264     24     10     131.625     1.68361     2.79229
265     18     12     146.625     2.07584     3.61141
266     38     11     64.25     4.21865     4.79728
267     38     6     49.8125     3.06986     4.39169
268     26     10     112.625     4.4106     3.74844
269     23     10     40.0625     1.78723     4.75402
270     13     1     90.4375     4.1301     3.45935
271     16     13     80.3125     3.02916     3.01393
272     20     4     136.813     4.90504     2.54135
273     31     8     66.4375     3.05704     4.84863
274     41     14     83     4.32397     4.60852
275     47     14     83.75     2.84117     4.90715
276     33     1     84.1875     1.62893     3.79505
277     16     9     103.938     2.49615     3.73516
278     44     5     72.875     1.99402     3.08573
279     45     3     59.4375     4.90387     2.51099
280     33     7     132.75     1.99263     2.95831
281     37     9     73.75     4.02361     3.09435
282     23     11     36.125     1.75144     2.8386
283     28     14     147.438     3.39116     3.38771
284     29     3     115.625     1.79225     2.86798
285     47     8     61.4375     1.80325     3.01012
286     19     6     147.625     2.06142     3.48361
287     43     13     82.375     2.19131     4.28381
288     14     8     109.813     3.14687     2.81091
289     22     11     27.25     1.68169     3.53244
290     32     8     156.688     2.68159     4.36865
291     44     1     142.438     4.84384     2.69295
292     38     15     152.188     4.43655     2.5866
293     35     1     96.6875     4.12551     3.73928
294     40     2     63.625     1.5988     3.63552
295     32     2     129.125     4.47671     3.41838
296     44     15     72.875     4.23948     4.06987
297     16     1     101.313     4.65905     3.29966
298     12     10     40.875     2.46699     4.78263
299     16     2     131.5     1.74471     2.6355
300     43     11     161.125     1.7696     2.77314
