1     14     15     796.8     4.11953     4.85664
2     43     25     836.1     4.1943     4.56709
3     45     18     189.2     3.25678     4.01791
4     33     32     651     2.09229     2.53357
5     36     29     108.1     3.03461     4.18622
6     16     25     1015.1     2.72079     3.63483
7     15     17     560.9     1.94168     2.82823
8     19     35     812.1     3.82461     2.71325
9     36     29     592.2     4.83006     2.83822
10     11     18     423     2.29951     2.99272
11     32     30     907.5     2.03728     4.77432
12     47     27     211.8     4.15947     4.72167
13     40     18     967     3.19793     4.40725
14     39     15     306.8     1.69013     4.1274
15     33     20     661.3     3.24108     3.08206
16     32     29     722.1     1.79128     2.68448
17     32     27     907.5     3.07573     3.39145
18     11     18     495.1     4.0063     4.19439
19     26     30     345.3     4.46454     2.66228
20     14     22     848.3     1.73788     4.67788
21     14     31     487.8     3.58353     4.25474
22     9     19     513.7     3.15392     2.58049
23     22     16     526.7     4.27056     4.1728
24     18     34     182.8     1.77761     4.29022
25     42     20     660     1.96112     2.98914
26     26     32     736.7     1.76832     4.96689
27     45     24     755.7     4.81094     3.08069
28     45     21     137.7     3.3872     4.68543
29     22     19     1041.7     4.50652     3.67786
30     14     21     384.8     4.652     4.89074
31     24     22     405.1     1.76362     3.72547
32     33     23     342     1.67881     2.66503
33     34     20     1012.5     2.51239     2.55715
34     47     17     953.4     1.7116     2.80839
35     47     24     1015.2     2.27067     3.38107
36     46     28     159.3     3.33839     2.73087
37     15     31     159.2     4.20423     4.57923
38     14     31     755.6     3.39618     2.65778
39     13     30     878.2     4.37535     3.81848
40     29     33     152.6     2.56217     3.64727
41     15     15     633     3.67763     4.97452
42     27     31     686.2     2.63384     3.42044
43     33     31     228.7     4.45984     2.86821
44     23     30     538     2.49487     2.50381
45     26     17     458.6     2.33572     3.31431
46     32     28     361.6     3.27013     3.18453
47     14     35     384.8     4.68276     3.483
48     13     32     579.5     1.66684     3.77789
49     26     20     726.4     2.32685     2.57332
50     14     26     487.8     3.0047     3.20719
51     35     29     1054.7     2.91636     2.80007
52     25     32     869.6     4.93175     3.39686
53     23     34     84.8     3.48195     3.19201
54     30     26     627.4     4.32942     4.47707
55     34     22     600.5     3.68468     3.70365
56     42     35     484.9     2.90387     2.80114
57     35     35     364.6     3.75198     4.63904
58     40     26     678.6     4.46561     4.27641
59     29     35     348.3     4.60019     3.88768
60     19     27     791.5     3.89586     3.00592
61     46     25     87.2     3.14559     4.47401
62     14     16     117     2.80143     2.74422
63     27     27     315.4     3.80197     4.91813
64     29     27     482.2     2.85601     3.66451
65     42     16     83.2     4.16663     4.90989
66     25     28     622.4     4.82984     4.43861
67     30     15     431.7     3.89297     3.79528
68     47     18     788.6     2.80602     4.62996
69     23     29     239.3     1.75134     4.37536
70     25     33     45.6     1.58545     4.8986
71     31     25     195.8     1.87727     4.51697
72     43     19     1021.5     4.77815     2.51839
73     47     22     737.1     4.70647     4.07743
74     40     23     503.5     1.58257     4.70756
75     16     22     994.5     3.59816     4.64019
76     35     15     745.7     4.75304     4.77096
77     18     26     903.8     4.64602     4.56404
78     31     35     525.4     3.25272     3.55525
79     40     21     349     3.17518     4.34423
80     47     28     541.4     4.59688     3.71654
81     17     25     686.5     4.42907     4.78637
82     38     20     1037.1     2.38122     4.30029
83     41     28     401.5     4.44157     2.9928
84     24     30     497.8     1.99925     3.1341
85     14     15     549.6     4.59774     3.66138
86     39     26     1017.5     3.04614     4.53284
87     12     35     382.8     3.88197     3.19681
88     24     21     1043.7     4.9107     4.81567
89     17     22     459.9     3.81371     4.13442
90     19     22     225     4.05469     3.13677
91     34     30     652     1.57007     4.87671
92     22     16     207.4     3.97949     2.6278
93     28     24     738.7     2.79684     4.74174
94     11     33     196.4     2.88079     4.35286
95     12     20     825.7     1.60596     4.32485
96     45     34     127.4     4.49007     4.07559
97     23     22     836.7     4.7618     3.6726
98     39     18     893.9     3.1035     4.34027
99     10     24     267.5     2.0533     3.26846
100     21     32     772.9     2.29972     4.36361
101     36     34     633.4     1.85559     2.83235
102     17     33     871.9     4.34341     2.73995
103     47     16     314.8     2.37738     2.93161
104     31     29     947.7     1.77708     2.95938
105     11     25     474.5     3.59613     4.40481
106     26     17     376.2     2.70071     4.23696
107     19     31     616.4     3.88218     3.09801
108     29     26     132     2.23841     2.6558
109     14     18     456.9     2.30816     4.91417
110     26     27     46.6     1.69259     2.62223
111     39     27     203.8     3.14815     3.67351
112     46     32     1034.8     1.88603     3.63323
113     29     26     677.9     1.56195     4.28823
114     27     34     1026.1     2.19077     4.85633
115     35     24     405.8     2.96956     3.74836
116     45     19     55.3     1.74535     2.52228
117     17     31     202.4     2.61045     4.92065
118     22     32     135.3     2.859     2.63062
119     10     34     473.5     2.29214     3.15996
120     26     16     757.3     2.60286     3.96641
121     28     26     1006.5     4.82632     3.23321
122     11     31     165.5     4.09037     3.93086
123     20     22     751.3     3.6505     4.05538
124     14     34     611.4     1.94275     4.68398
125     15     35     715.4     2.64003     3.73867
126     21     19     21     4.94499     4.59914
127     41     31     628.1     3.10532     4.95369
128     11     27     773.2     4.8856     2.53113
129     34     23     229.7     3.47746     3.10305
130     26     27     664.6     3.58748     4.89631
131     28     15     419.4     4.68159     4.80842
132     16     32     798.8     3.62444     3.06452
133     14     15     312.7     3.69686     4.20827
134     46     27     46     4.72474     3.56494
135     12     18     897.8     3.30517     4.5703
136     24     26     436     2.3637     3.60309
137     45     31     209.8     3.02638     2.71439
138     32     25     938.4     2.54262     4.39138
139     19     18     956.3     2.74129     3.74958
140     11     26     742.3     3.75582     4.79133
141     39     26     80.2     1.50224     3.62247
142     18     33     151.9     2.14452     2.76849
143     19     34     606.1     2.0313     4.47874
144     43     21     310.8     2.33903     4.66094
145     14     33     14     3.40558     2.83677
146     37     18     572.6     2.48793     4.75814
147     35     32     168.9     2.93036     3.07451
148     31     31     144.3     2.47468     2.69425
149     10     35     71.8     3.69985     3.72753
150     41     24     978.3     3.82247     3.65329
151     21     27     62.2     3.34512     4.101
152     18     18     296.1     4.7852     3.8863
153     44     23     1053.4     2.46913     3.69312
154     33     33     259.6     4.62732     4.04141
155     42     27     248     4.77099     4.43167
156     27     35     469.9     3.09058     2.80694
157     46     35     818.5     1.85484     3.22275
158     35     35     931.1     2.04828     3.36596
159     28     26     306.1     2.22976     4.81223
160     38     23     182.2     2.34725     2.66404
161     41     30     92.5     2.99359     4.95926
162     35     15     436.7     2.83647     3.48956
163     10     18     463.2     2.20722     3.92277
164     25     15     138.3     1.58449     4.36567
165     13     29     425     2.9545     2.7607
166     16     17     314.7     2.78402     4.75616
167     22     32     949     2.09047     4.94064
168     14     27     786.5     4.84277     3.08237
169     27     18     253.6     2.17689     3.26403
170     36     26     97.8     4.66332     2.55371
171     9     18     606.4     4.60553     4.60265
172     15     25     900.8     4.11002     4.8101
173     29     17     1007.5     4.90793     4.9469
174     32     16     299.8     4.66321     3.87677
175     28     23     161.9     4.25443     4.76768
176     44     23     888.6     4.26063     2.93229
177     35     25     426.4     2.13918     4.68993
178     36     15     798.2     3.32739     3.88852
179     40     17     925.8     1.75347     3.97916
180     38     18     779.6     2.49199     4.78286
181     15     16     972.9     3.54572     4.33996
182     18     21     739     2.49124     4.98375
183     21     17     268.2     4.47031     4.02768
184     22     22     907.8     2.76202     3.20811
185     9     21     266.5     2.92224     4.77203
186     27     16     665.6     2.22015     3.35124
187     30     35     143.3     2.36114     4.01341
188     21     28     237.3     2.2273     3.12975
189     11     29     41.9     3.12102     4.95193
190     47     33     407.5     4.74589     3.03621
191     19     22     142.6     3.40889     4.40847
192     45     26     168.6     2.17988     3.10709
193     13     20     445.6     2.48975     3.49872
194     16     28     664.9     4.40504     2.50275
195     45     29     930.8     2.56014     3.61957
196     46     30     797.9     4.98505     4.39985
197     33     35     1032.1     2.30848     2.74751
198     23     23     362.9     2.07605     3.69648
199     12     20     53.2     3.163     4.55061
200     9     29     730     4.0188     2.52991
201     15     29     962.6     3.72752     2.81159
202     21     20     278.5     2.11707     3.60683
203     43     35     84.2     3.40419     3.66497
204     47     25     932.8     1.60553     3.8451
205     24     20     168.2     4.70455     3.14509
206     10     26     422     2.30314     3.32972
207     26     17     438     3.74706     2.54807
208     42     31     299.5     2.45546     4.58022
209     46     19     272.6     3.94275     4.10535
210     16     31     870.9     4.76373     4.63027
211     25     31     921.1     3.86862     4.47005
212     10     15     803.1     3.60179     4.9208
213     34     21     930.1     4.82771     3.51566
214     24     16     116.7     2.42021     4.00464
215     19     24     163.2     3.09741     3.44783
216     47     16     232.4     1.83839     3.06467
217     44     22     322.1     1.86499     3.22764
218     10     25     607.4     3.92373     4.24322
219     23     30     280.5     4.35089     3.30828
220     37     25     830.1     4.65787     4.28518
221     13     30     332.3     2.11824     3.18369
222     16     32     603.1     2.59207     3.49269
223     32     19     691.2     4.07253     4.25008
224     18     16     18     2.68799     4.99321
225     23     25     888.2     4.6457     2.97952
226     19     18     616.4     4.8479     4.31883
227     21     32     566.9     3.16994     4.40649
228     32     35     577.9     1.63021     4.29975
229     42     19     557     4.43837     3.42662
230     35     31     86.5     2.65552     2.76864
231     8     30     162.5     3.95236     3.90797
232     33     18     908.5     1.69654     3.07871
233     39     16     461.3     3.35762     3.11487
234     11     20     968.9     1.95898     4.93339
235     18     20     842     3.56719     3.94444
236     45     16     405.5     1.54721     3.02904
237     41     31     1019.5     3.5721     4.97505
238     41     26     535.4     2.11921     3.51039
239     21     23     257.9     4.93901     3.32789
240     29     31     986.9     2.22816     3.23748
241     30     23     565.6     4.49594     2.84089
242     25     30     86.8     3.35174     4.36628
243     40     27     1039.1     3.20551     2.55493
244     26     22     561.6     4.10884     4.24093
245     41     34     731.1     3.22538     3.01256
246     26     30     314.4     3.66385     3.09885
247     21     25     113.7     3.65627     2.86935
248     38     32     759     3.81895     4.58884
249     43     19     228.4     1.97736     3.31797
250     38     19     851.7     2.79257     4.10009
251     29     16     616.1     4.66973     2.82418
252     25     22     241.3     1.68682     4.906
253     28     22     532.7     1.52606     4.67612
254     30     26     287.5     2.64164     4.61821
255     25     26     344.3     1.65007     4.84497
256     11     26     1030.7     2.17646     4.45494
257     21     17     93.1     1.64089     2.65931
258     18     34     213.7     4.21972     3.82046
259     26     26     149.6     4.96646     4.29144
260     24     23     157.9     3.82525     2.69822
261     8     21     100.7     1.52382     4.05568
262     44     33     291.2     4.57712     4.35568
263     33     22     774.6     1.88806     3.52046
264     46     15     334.4     3.18084     3.36138
265     45     20     446.7     3.74706     3.43165
266     45     33     343.7     4.24354     3.91629
267     47     17     932.8     2.52425     3.44874
268     23     29     311.4     2.23969     3.4949
269     30     21     771.6     4.19024     4.69443
270     22     32     372.2     4.1661     4.30151
271     29     22     80.5     1.75977     2.61483
272     13     29     826.7     1.88357     2.53693
273     11     30     824.7     2.97821     2.65442
274     39     20     481.9     2.64612     2.97929
275     35     18     725.1     4.19376     3.7418
276     8     21     564.2     2.31777     3.876
277     30     26     926.1     4.91861     4.58838
278     10     21     360.2     2.77686     4.64927
279     28     25     450.3     3.57659     2.79992
280     41     18     144     3.50812     3.91331
281     39     31     945.4     2.4389     4.30067
282     47     20     1035.8     2.38144     2.80465
283     16     27     88.1     4.24728     3.06902
284     26     28     1035.4     2.11888     3.62499
285     15     29     87.1     4.02435     3.68694
286     17     34     326     4.94948     3.79559
287     16     22     943     4.07167     4.20095
288     10     31     40.9     2.4499     2.6252
289     24     28     116.7     3.15531     4.29609
290     31     32     927.1     2.5753     3.39061
291     20     30     421.7     1.87898     3.78208
292     12     27     794.8     2.87449     3.22825
293     19     31     297.1     3.24461     3.89264
294     11     28     989.5     4.39543     3.3401
295     15     18     571.2     4.90024     3.89607
296     8     35     904.1     3.27633     4.51094
297     16     21     757.6     4.07552     3.01965
298     29     32     286.5     2.02542     2.93825
299     16     20     325     4.70498     2.68586
300     47     24     1025.5     1.9875     3.87539
