1     44     34     82.43     4.51271     4.5452
2     25     26     569.425     3.44424     3.53641
3     43     21     139.075     2.75668     2.62978
4     36     35     593.235     4.09784     4.57495
5     34     26     155.695     3.32482     4.47096
6     13     19     160.315     1.62006     3.76011
7     33     29     33     4.60991     4.92874
8     45     18     141.075     1.71961     3.55724
9     11     35     164.72     3.7523     3.1093
10     9     15     245.985     4.92149     4.10054
11     23     29     432.92     3.32579     3.03842
12     11     32     164.72     2.09741     2.77284
13     33     23     308.415     2.71043     4.6482
14     23     30     29.405     3.68233     4.09856
15     39     25     327.225     2.15328     2.57523
16     30     18     587.235     4.57851     4.9485
17     37     19     338.035     2.01624     2.77268
18     22     35     41.215     3.7476     2.55753
19     42     16     426.3     4.21149     4.43365
20     24     30     280.2     4.98964     2.85485
21     16     32     509.185     1.82504     4.72755
22     33     27     289.2     2.41017     4.10634
23     8     19     456.35     2.42694     3.84907
24     34     28     226.15     3.07456     3.3694
25     44     33     626.855     4.56911     2.87935
26     8     27     334.655     2.84918     3.26113
27     26     17     557.615     4.47137     4.46005
28     28     25     469.945     2.93142     4.03806
29     8     35     232.175     4.89415     3.77941
30     28     27     335.44     4.06644     3.48865
31     34     30     636.07     1.6991     4.87129
32     24     26     427.515     2.95065     4.63858
33     46     22     142.075     4.09741     4.72617
34     14     34     270.2     4.82482     3.76804
35     41     34     201.125     4.5847     2.71546
36     15     19     27.81     3.25198     3.74233
37     23     20     605.855     3.56494     2.82746
38     32     33     595.64     4.08534     2.65381
39     14     21     590.45     4.66022     3.71632
40     42     31     394.275     2.62188     2.77749
41     19     26     159.91     1.70914     4.06331
42     18     29     248.58     4.94478     4.83818
43     13     16     198.745     2.95279     3.25076
44     9     16     66.645     2.45183     2.59087
45     21     33     174.72     4.90675     4.84832
46     29     33     125.075     4.57328     2.71332
47     12     25     268.2     3.42235     2.91162
48     30     33     209.34     3.67496     2.51099
49     21     17     347.655     3.43484     3.59401
50     10     16     528.805     1.65136     2.93451
51     15     23     610.665     2.89874     4.56999
52     10     25     445.54     3.70402     4.41008
53     36     32     394.68     3.41049     4.77172
54     34     33     572.02     3.80837     2.98173
55     36     16     234.555     2.01955     4.43777
56     13     28     595.855     3.86862     4.26695
57     11     35     17.405     2.72623     2.97464
58     23     30     477.755     3.55886     2.72317
59     46     23     423.895     2.16749     4.63027
60     33     25     660.69     2.85292     3.72921
61     10     33     298.225     1.98921     4.48065
62     25     17     306.82     3.24087     3.47682
63     14     20     270.2     2.40782     4.72854
64     15     25     251.985     4.13331     4.17623
65     44     18     601.235     4.95749     3.81474
66     9     34     111.48     4.95322     4.5735
67     12     25     582.045     3.42598     3.34193
68     39     21     147.885     2.41519     3.28089
69     16     15     470.755     4.978     2.81121
70     24     29     152.1     3.99263     4.91928
71     17     27     388.49     4.46496     4.67071
72     36     15     74.43     1.57135     4.073
73     9     23     143.505     2.92405     4.67681
74     31     32     274.39     3.29203     4.55786
75     31     27     479.35     3.76298     2.56829
76     45     24     83.43     4.57904     4.00082
77     46     16     532.78     4.1332     3.05254
78     40     26     552.4     3.3574     3.7331
79     46     33     609.64     2.4906     4.60425
80     19     31     435.325     3.45727     3.99449
81     26     16     371.87     4.84384     3.57677
82     27     29     616.26     2.7054     4.45166
83     8     28     309.035     1.68896     3.62606
84     40     16     584.425     4.20476     2.52777
85     28     34     181.72     3.13352     2.94702
86     17     23     561.425     1.801     4.54535
87     29     24     246.77     2.70637     4.32226
88     21     16     411.705     2.73713     4.68108
89     31     20     159.1     2.85623     2.98334
90     27     24     622.665     3.49498     4.23368
91     23     19     176.72     4.13662     4.78469
92     43     19     279.985     2.8245     3.70365
93     10     16     246.985     3.57958     4.69008
94     27     25     532.995     2.96101     2.68624
95     14     34     622.475     2.25571     3.07092
96     19     25     63.835     2.52895     2.57622
97     15     33     239.175     4.52264     4.81864
98     16     34     598.855     2.13395     4.58556
99     12     20     165.72     1.96016     3.76705
100     45     18     333.225     1.64217     3.07344
101     31     27     594.64     4.99359     4.93011
102     29     32     29     3.14676     4.18912
103     17     26     490.97     3.2038     4.54978
104     11     26     100.67     2.12262     4.82658
105     27     30     481.755     4.82643     2.95763
106     10     33     355.87     1.768     4.3923
107     14     34     526.4     4.93591     2.74903
108     13     26     461.35     1.53365     4.38551
109     13     28     333.25     4.8197     4.76897
110     16     16     400.3     1.83967     3.29043
111     45     19     461.325     2.03803     4.41099
112     13     35     25.81     3.98013     4.28175
113     28     23     34.405     3.67272     3.22871
114     33     21     282.795     1.71427     3.24183
115     47     17     123.86     3.26202     3.35971
116     20     24     141.695     3.04668     4.5909
117     42     24     407.085     1.92395     4.76142
118     36     15     516.375     1.69291     4.92981
119     20     26     333.845     3.66727     2.76025
120     35     26     246.365     3.23489     4.49477
121     16     24     80.05     2.38849     3.41327
122     12     31     24.81     4.46208     3.92529
123     21     15     584.64     2.55832     4.18111
124     34     28     514.375     2.90088     3.84419
125     38     21     268.58     3.59464     4.91539
126     25     33     530.995     1.53151     4.74975
127     20     28     532.4     3.92256     4.15647
128     11     34     254.39     1.69248     4.72144
129     31     19     434.515     3.72271     3.24564
130     29     32     387.68     1.67208     4.93706
131     33     24     603.045     2.86691     3.24862
132     39     32     211.935     4.48772     3.00279
133     27     35     244.77     4.54134     4.69192
134     39     17     519.375     3.3526     4.09627
135     13     15     51.43     3.55661     2.61116
136     14     33     295.82     4.33059     4.92103
137     35     31     278.39     4.84608     4.41359
138     34     15     270.985     2.17742     2.97433
139     35     19     611.45     2.15136     3.05063
140     10     21     375.085     3.87043     3.62758
141     24     20     75.24     4.39586     3.00516
142     22     21     73.24     1.82461     2.51823
143     9     29     463.755     4.74418     4.08956
144     28     23     431.515     1.79812     3.25564
145     18     31     120.48     4.35131     3.0578
146     20     28     423.515     3.98291     2.93779
147     34     33     386.275     3.29748     3.02866
148     37     19     229.15     3.78434     2.98219
149     12     33     229.77     4.21171     3.22253
150     29     24     515.78     1.78872     2.7678
151     31     35     50.215     4.08182     4.00967
152     37     16     523.78     1.91647     3.59073
153     22     15     310.225     2.25283     4.77218
154     26     16     570.425     4.7649     2.931
155     32     16     294.605     3.61258     4.57739
156     22     23     463.945     3.13662     4.03356
157     24     29     36.81     2.96432     3.16439
158     21     23     161.91     4.25721     3.30012
159     14     20     487.97     3.08791     4.74273
160     17     16     68.24     1.6787     2.99463
161     37     34     184.315     3.48718     4.60372
162     38     31     274.985     1.87214     4.26077
163     19     21     377.68     1.826     3.54457
164     14     27     276.605     4.0063     2.95175
165     20     35     282.605     4.55116     2.6043
166     46     35     90.835     2.91455     3.27349
167     31     34     82.24     4.70284     3.11289
168     39     25     301.605     4.74973     4.23917
169     47     30     117.455     3.91252     4.55252
170     14     16     308.63     2.82493     3.93689
171     36     22     548.4     1.58908     2.73103
172     13     24     160.315     4.64399     4.11
173     32     17     288.2     3.79139     3.26899
174     16     32     16     1.61707     2.54944
175     34     33     258.175     2.78861     2.89789
176     32     29     576.425     3.96614     3.2989
177     14     18     545.615     4.30912     3.57181
178     20     34     525.995     4.31564     4.67246
179     11     20     350.465     4.47511     4.39093
180     43     24     312.01     2.97255     2.58446
181     11     34     472.16     3.92608     3.83824
182     19     35     640.285     3.89308     4.19248
183     15     26     578.64     3.12957     4.82826
184     36     28     522.78     2.33668     4.35179
185     9     34     611.07     3.37898     2.5679
186     14     32     52.43     2.70818     4.88365
187     31     22     152.695     2.97874     2.73125
188     23     33     61.43     3.58663     4.15471
189     23     21     631.475     2.61824     4.94507
190     46     27     558.4     2.44253     4.47027
191     29     23     400.49     2.43153     4.08757
192     43     19     542.59     2.54208     4.77874
193     15     15     162.315     4.74589     4.40054
194     44     27     293.795     4.53877     3.68954
195     42     17     311.01     1.51698     3.91255
196     10     17     400.705     3.75262     2.80313
197     18     27     280.605     2.45257     4.17531
198     18     35     146.1     3.63747     2.85371
199     46     31     84.43     2.32215     2.81274
200     13     34     211.555     3.43463     2.66381
201     25     19     447.73     2.95567     3.88211
202     32     32     352.25     2.01517     3.41266
203     10     28     279.01     2.42875     3.54793
204     36     33     164.1     3.90899     3.21551
205     21     32     526.995     3.93602     3.56838
206     47     29     476.135     3.02158     4.51674
207     24     29     331.44     2.35131     2.59377
208     18     31     133.29     3.53867     4.29449
209     23     24     234.365     4.47607     2.77841
210     41     35     117.86     4.5173     4.57862
211     32     19     416.3     2.47447     4.20415
212     45     17     346.035     4.16588     3.28066
213     16     21     368.275     1.99701     4.61646
214     13     21     70.645     2.81072     2.83631
215     44     20     614.045     3.49049     4.47378
216     9     20     463.755     4.5502     4.16082
217     33     28     494.16     3.19654     4.80842
218     14     26     468.755     3.59656     3.41578
219     28     21     28     3.33668     2.90063
220     21     30     257.985     4.30549     4.0904
221     34     33     123.67     3.48601     3.26502
222     20     27     545.21     4.89244     4.39291
223     42     21     464.73     4.6332     3.94887
224     35     23     630.665     4.33743     4.95643
225     38     33     614.45     4.92843     3.14402
226     8     15     244.985     4.47671     4.35621
227     46     28     315.01     4.61985     3.61042
228     20     16     622.07     3.78156     4.9398
229     21     19     488.565     2.67539     4.91264
230     27     26     225.555     3.826     3.96962
231     10     33     112.48     2.59442     3.46843
232     24     20     408.3     3.94029     2.5779
233     23     23     215.15     2.90504     2.91032
234     47     17     617.045     1.55287     2.53456
235     22     35     79.645     3.85003     4.75929
236     25     29     466.945     1.72025     3.32705
237     23     27     183.125     2.25935     4.41099
238     19     24     467.35     4.34298     4.5529
239     19     15     416.11     2.61173     4.935
240     32     31     230.555     4.0705     3.62499
241     45     30     192.315     2.28167     3.68564
242     34     28     405.49     2.89254     3.78895
243     43     26     344.035     3.47543     4.2262
244     21     32     469.35     3.91914     4.95346
245     33     16     282.795     2.85409     3.56487
246     37     34     273.985     3.8464     4.83245
247     14     21     353.465     4.34416     4.70412
248     26     18     512.78     1.61162     2.90056
249     14     33     148.505     2.63523     4.50133
250     27     30     603.45     2.23478     4.66056
251     30     21     299.01     3.86616     4.34339
252     24     25     562.02     1.84779     3.72341
253     27     17     648.285     2.99744     3.63224
254     15     18     111.075     2.91134     4.20087
255     11     32     11     1.87225     3.5844
256     40     20     110.455     3.61942     3.41052
257     18     35     56.43     4.96464     3.8419
258     40     35     142.48     3.4906     4.89357
259     15     33     194.34     3.31382     4.39604
260     10     30     86.86     4.14772     4.24444
261     29     22     304.415     2.64922     2.82411
262     25     25     76.24     1.78488     2.75399
263     42     17     118.86     4.69932     4.3379
264     24     15     145.695     2.82109     3.8641
265     35     21     374.465     4.69056     4.64492
266     18     17     82.05     3.24279     4.93538
267     22     33     636.88     1.53247     3.12265
268     34     32     162.1     1.63234     4.3273
269     14     16     308.63     3.19131     3.80474
270     13     26     576.64     3.88581     3.79086
271     43     31     414.49     2.74973     4.17936
272     11     20     68.645     2.11611     3.67336
273     15     29     386.49     2.15574     4.3012
274     41     15     169.1     4.74621     3.43646
275     34     32     181.315     3.15755     3.71479
276     26     35     647.285     2.2868     4.98573
277     23     15     330.44     3.92705     3.69137
278     9     16     213.96     1.80464     3.81344
279     29     33     157.1     4.87011     4.77706
280     9     30     175.53     4.07573     2.95381
281     40     22     212.935     2.62476     4.65453
282     13     17     314.035     3.92747     4.75059
283     29     31     336.44     3.74664     3.8171
284     16     27     208.15     3.26832     2.93657
285     17     30     311.63     2.08203     4.05446
286     30     32     388.68     1.8041     2.52693
287     42     27     605.64     3.82888     4.75204
288     9     23     271.605     3.94264     2.52388
289     44     16     485.945     2.28391     4.50201
290     22     19     656.095     3.38507     3.93437
291     21     16     360.465     3.779     3.02721
292     37     31     382.87     4.90579     3.09992
293     26     28     621.665     3.30378     3.41754
294     20     27     545.21     2.81874     2.83975
295     32     15     262.58     4.31649     4.67879
296     29     21     560.615     3.63202     3.90522
297     43     22     459.325     2.24162     4.59372
298     11     20     459.35     1.88945     4.2478
299     27     29     411.3     1.65584     2.89613
300     33     33     404.49     3.70006     3.59905
