1     23     27     488.69     2.41935     3.04704
2     31     18     431.71     3.04732     3.04994
3     39     34     201.45     1.53322     4.0643
4     31     24     886.57     1.64602     4.52864
5     20     24     518.18     2.62027     3.78941
6     36     17     685.8     2.25999     3.26266
7     13     23     446.2     1.60799     4.24024
8     32     33     454.37     3.4154     3.98259
9     28     19     601.99     1.89436     2.98883
10     17     24     829.25     4.99071     2.58347
11     25     35     967.21     2.65809     3.21116
12     30     29     94.98     2.87086     2.58049
13     40     19     354.07     3.35719     4.04729
14     37     30     47.83     3.28936     4.37643
15     38     25     146.3     3.41391     3.77598
16     8     34     831.08     4.35698     4.8413
17     32     22     768.44     4.08823     3.30096
18     11     23     1061.51     4.27911     4.70565
19     13     19     316.24     2.03824     4.94949
20     31     25     810.76     4.75988     3.76514
21     15     25     253.26     2.56825     4.08361
22     27     34     406.05     2.59378     3.89821
23     45     25     1063.02     3.5642     3.52443
24     14     19     967.04     4.44542     4.89624
25     20     16     843.08     2.61696     3.28814
26     30     29     398.22     1.81564     3.10602
27     34     16     705.46     2.83251     3.13478
28     36     33     90.15     4.19654     2.88514
29     10     29     129.13     3.33038     2.92978
30     45     27     153.3     4.41263     3.36909
31     11     25     682.46     2.42897     3.31767
32     27     26     622.65     2.1504     3.05162
33     8     19     127.13     3.01859     4.20835
34     42     22     951.72     1.6755     4.67742
35     25     19     490.69     2.62198     3.57593
36     19     25     29.83     4.73649     2.94671
37     40     16     180.79     3.1426     4.07048
38     45     34     554.01     2.15648     2.53349
39     46     30     739.12     1.80004     4.94102
40     31     17     604.99     2.61344     3.9153
41     20     22     474.86     1.75283     4.27259
42     39     25     753.78     4.10575     4.51552
43     18     35     992.7     3.90942     4.03478
44     22     26     790.93     2.60714     2.65877
45     11     30     964.04     4.42576     2.94305
46     25     16     447.37     2.90878     4.33882
47     38     25     406.22     4.89126     4.63279
48     33     18     964.38     3.64783     2.79771
49     31     25     312.58     3.70156     3.64505
50     44     32     455.54     2.02489     3.41929
51     37     31     91.15     3.61942     4.22613
52     11     32     249.26     4.20786     3.93376
53     41     17     160.13     4.02222     4.43854
54     26     25     870.74     2.92384     4.93545
55     37     34     1055.02     2.33796     3.08451
56     43     20     476.2     2.73884     3.21268
57     11     31     563.33     4.66834     4.44311
58     42     27     810.93     2.02382     2.89087
59     41     18     831.59     3.5987     3.3182
60     26     32     318.41     1.60959     4.38688
61     44     16     964.55     3.69675     2.90048
62     31     15     258.43     1.6285     3.67702
63     33     24     888.57     3.69803     2.94092
64     11     24     834.08     4.04358     4.37727
65     22     20     1061.68     1.87844     3.2371
66     26     29     719.12     3.36509     2.63543
67     31     16     789.1     3.61557     4.93225
68     37     33     697.63     4.05576     4.83665
69     26     29     773.27     3.13576     4.62622
70     42     16     821.76     1.62123     3.12036
71     20     22     734.78     2.45054     3.79978
72     18     33     505.35     4.39094     3.71136
73     33     31     942.72     4.4796     3.55068
74     42     17     810.93     4.98323     3.06131
75     24     29     251.43     4.86039     4.6424
76     42     33     767.61     2.96091     4.30464
77     44     35     899.57     3.44734     2.86561
78     41     35     874.91     1.67251     4.02539
79     12     23     607.65     3.99701     4.71198
80     40     23     429.88     3.78178     4.33821
81     11     18     86.81     2.04048     3.36047
82     42     25     507.69     1.9843     2.77993
83     17     22     17     2.9452     4.97635
84     43     22     963.55     3.41198     2.51549
85     17     19     103.64     3.66182     2.82197
86     30     21     1015.53     3.72442     2.85508
87     26     21     307.58     4.66022     4.18157
88     36     16     490.86     1.88891     2.584
89     22     23     54.49     3.05266     2.59636
90     44     32     596.33     3.14687     3.60591
91     45     16     922.23     1.90429     2.91452
92     38     25     817.76     3.16759     4.89738
93     11     19     985.7     4.23115     4.15181
94     23     22     369.56     2.39116     4.27557
95     29     19     137.3     2.18532     2.66556
96     32     35     952.55     1.55693     2.9783
97     16     19     405.88     3.42897     3.14119
98     22     21     845.08     2.92064     3.05696
99     43     25     346.24     3.69366     4.89082
100     28     27     645.31     3.15841     2.58103
101     24     24     78.15     3.52927     3.46446
102     20     30     529.01     2.45888     3.65604
103     15     20     112.47     2.73937     2.57439
104     18     21     1003.53     1.80239     3.25358
105     19     17     452.2     4.00417     3.83106
106     34     32     802.93     2.42779     4.35385
107     10     15     746.44     4.69077     4.29189
108     44     23     628.82     3.98675     4.90066
109     25     33     848.08     4.85195     4.32264
110     39     20     623.82     4.88539     4.56908
111     14     22     587.99     3.41081     3.27151
112     11     27     455.03     4.81361     4.34553
113     29     23     202.28     3.53493     2.95518
114     14     17     371.39     2.46219     3.92056
115     43     27     931.06     2.69547     3.95779
116     32     23     486.86     2.42694     4.39337
117     30     20     1048.02     2.41668     4.74204
118     30     19     354.9     3.30026     3.78994
119     11     24     487.52     2.71043     3.57326
120     11     35     899.06     1.95054     2.89293
121     14     28     24.83     2.19985     3.25579
122     27     20     600.99     3.48932     3.88409
123     30     31     701.46     3.9294     3.6816
124     14     17     739.61     1.92502     4.2996
125     31     24     41.83     2.36317     4.69153
126     11     26     465.86     1.50523     3.79749
127     38     23     178.79     4.07082     4.24947
128     26     25     307.58     1.74557     3.73768
129     16     23     1055.68     1.59944     4.42846
130     32     35     302.75     2.14687     4.5748
131     35     27     630.65     2.03589     2.70951
132     31     28     973.21     2.09923     3.56281
133     35     19     977.21     1.75283     3.5931
134     12     22     791.76     2.97404     2.77329
135     15     26     513.18     1.84597     3.02278
136     47     24     599.33     1.90269     4.92485
137     41     18     279.26     4.75625     3.12159
138     47     18     231.11     1.74439     4.52582
139     10     20     692.29     2.58022     4.74097
140     27     23     1023.36     2.23948     4.32974
141     12     29     261.09     2.5689     2.82189
142     10     22     345.73     3.85174     4.6025
143     37     15     426.88     2.31254     4.56915
144     12     24     87.81     3.29769     2.70257
145     11     33     444.2     2.11419     2.93687
146     38     34     373.73     1.76298     2.97372
147     42     28     1103.34     2.04967     2.92825
148     42     26     117.81     4.80741     4.4499
149     32     34     562.67     4.71662     3.20627
150     20     29     84.98     3.45589     3.8728
151     10     29     74.98     2.66855     3.01759
152     23     27     672.8     2.97821     4.02219
153     44     35     791.27     3.03941     4.4293
154     22     27     32.83     4.85612     4.85817
155     29     17     50.66     1.85334     4.87724
156     43     16     497.86     4.93677     4.97635
157     32     25     367.73     2.52264     2.52739
158     36     33     122.64     4.27537     3.37558
159     44     32     899.57     1.53375     4.45036
160     17     28     266.09     4.66407     4.03813
161     21     35     270.09     4.32002     2.60659
162     47     35     685.97     2.84854     3.32156
163     41     35     138.47     4.82205     2.64626
164     8     16     202.94     4.43313     2.6648
165     27     33     904.23     2.23627     3.01988
166     16     29     416.71     4.97137     4.10504
167     44     33     1072.85     2.45033     4.4026
168     10     35     757.27     4.74653     3.60782
169     21     21     345.9     4.16567     4.42999
170     33     18     444.54     4.73756     4.71007
171     47     34     252.77     4.70872     2.74743
172     15     27     123.3     4.77377     4.97475
173     35     27     403.22     4.52831     3.87143
174     33     32     1029.36     3.87663     2.75849
175     26     34     470.03     3.38186     2.86271
176     9     33     886.23     2.78893     4.29212
177     38     31     1001.87     2.20818     3.81352
178     27     30     438.54     1.69163     3.57242
179     14     23     837.08     3.68778     3.64574
180     33     33     1040.19     3.6081     2.56806
181     46     15     305.92     4.49103     3.72257
182     15     32     664.8     2.49605     4.23658
183     13     27     619.48     3.71406     4.27236
184     47     26     306.92     1.5267     3.35467
185     30     17     192.45     3.00117     4.12458
186     39     17     353.07     2.0517     2.66076
187     16     28     784.93     1.85591     3.25915
188     22     22     585.16     1.75732     4.31028
189     14     24     317.24     2.13918     3.16736
190     10     16     497.35     2.0062     4.14281
191     23     25     640.31     4.25422     2.52602
192     45     24     954.72     3.36691     3.7624
193     30     26     972.21     2.01997     3.18354
194     27     29     687.63     3.33027     2.93031
195     11     20     238.43     4.23179     3.95886
196     37     23     491.86     3.21438     4.76989
197     17     31     623.48     2.40931     4.7528
198     34     23     694.63     3.25561     3.78399
199     46     31     771.61     3.732     3.47163
200     25     26     739.78     3.38838     4.18546
201     38     26     211.28     3.16204     3.26403
202     32     15     746.78     2.71181     3.53938
203     40     34     635.65     3.2555     2.56928
204     24     25     695.46     4.64431     4.21842
205     40     27     1036.36     4.65947     2.97876
206     22     30     541.84     3.26458     2.66999
207     43     27     725.29     2.29833     4.91005
208     28     35     710.29     3.34202     3.99693
209     38     31     655.31     4.74664     3.59279
210     14     30     674.63     4.05266     4.3495
211     15     27     924.72     3.28915     2.8679
212     37     22     556.84     2.38368     3.63063
213     34     19     867.91     2.66984     4.29884
214     31     32     193.45     2.22549     3.5139
215     46     35     446.71     1.5266     4.09528
216     29     19     841.25     4.65072     3.27311
217     21     30     389.22     3.01463     2.84944
218     28     26     439.54     3.88101     3.42502
219     24     21     500.52     3.11696     3.08519
220     21     19     984.87     2.94147     4.68444
221     41     23     864.08     2.14249     4.61921
222     45     15     283.26     3.50246     4.73189
223     15     32     285.75     4.41177     2.73438
224     30     24     387.39     4.90889     2.79344
225     21     20     822.42     2.62914     4.16707
226     44     28     693.8     1.89671     4.53383
227     43     21     43     2.94478     3.40503
228     24     29     273.09     1.99786     4.76074
229     35     16     598.16     3.20145     4.29937
230     24     33     912.06     3.13149     2.94298
231     13     17     381.22     4.87054     4.48782
232     45     16     954.72     4.88314     4.0405
233     28     31     580.33     2.67507     2.63169
234     44     26     173.96     4.47212     4.64675
235     39     18     114.81     4.40056     3.46416
236     38     27     135.47     1.90568     4.44365
237     17     17     883.4     3.89233     3.15195
238     24     28     370.56     3.82034     2.96976
239     9     21     344.73     1.74172     4.96895
240     35     21     392.39     1.51164     4.19988
241     19     26     1037.02     3.65905     2.78245
242     45     35     922.23     3.65082     3.93757
243     45     33     120.81     3.53375     4.8526
244     22     27     899.23     4.68896     2.52045
245     43     35     367.9     3.68276     2.94275
246     28     26     677.8     4.44894     2.83776
247     11     31     584.99     2.28605     4.24413
248     16     31     654.97     1.90483     3.66047
249     26     28     155.96     4.00961     3.61179
250     15     30     827.25     1.64847     3.28349
251     37     21     188.62     4.81606     3.61332
252     41     23     528.35     1.54379     3.48148
253     25     16     360.73     3.46229     4.89067
254     37     32     58.66     3.5689     3.77552
255     35     27     663.14     4.68596     4.33325
256     12     16     466.86     2.34469     3.51405
257     40     24     1047.19     3.57733     3.56494
258     17     27     1002.53     3.8527     4.26481
259     15     35     25.83     3.64078     2.74262
260     16     26     979.87     4.3385     2.52014
261     18     22     494.52     2.04241     4.66758
262     11     34     325.07     2.90355     2.71485
263     9     33     366.39     1.54572     4.20896
264     38     22     861.08     2.2853     3.05574
265     31     20     1081.51     3.63448     3.04064
266     21     34     974.04     4.82311     4.16471
267     43     26     259.6     3.82344     4.69001
268     16     23     449.2     3.61269     3.03323
269     16     18     654.97     3.15638     4.89868
270     30     23     1102.17     3.84854     4.79072
271     21     35     714.12     4.3918     4.79713
272     15     32     621.48     4.35249     4.78385
273     29     20     1090.34     3.37524     4.39055
274     33     16     964.38     2.29064     3.46957
275     32     35     75.32     3.60105     3.85762
276     44     18     802.1     3.5784     4.1203
277     33     27     509.52     4.95941     2.66213
278     22     29     390.22     3.97095     3.34086
279     30     35     30     1.67197     3.97687
280     24     17     78.15     3.84384     4.3994
281     19     33     528.01     3.41583     4.41931
282     14     18     642.14     4.15894     3.36917
283     47     28     523.52     2.63277     4.10123
284     27     31     113.64     4.61921     3.0842
285     14     31     198.11     3.5282     4.48958
286     11     15     769.1     4.01004     4.90677
287     45     33     998.04     4.25657     4.08032
288     47     26     772.61     2.72912     3.30699
289     9     35     788.76     2.29406     4.38505
290     36     23     1064.85     4.00288     3.2561
291     24     33     630.48     1.99936     3.72959
292     44     22     737.12     3.29054     2.93107
293     14     31     165.62     3.362     3.86517
294     44     21     314.75     4.37674     4.23246
295     26     34     275.09     3.4373     4.39276
296     28     26     926.89     2.64975     3.61408
297     23     30     1062.68     3.46988     4.99878
298     35     27     240.77     2.06922     3.22619
299     43     35     227.11     4.20391     3.00439
300     40     27     137.47     2.82002     4.86999
