1     45     24     824.64     3.31692     2.55417
2     45     20     931.44     4.89831     4.69161
3     11     15     801.32     2.19504     3.81703
4     36     28     623.4     3.0862     2.90178
5     13     22     557.68     2.72965     3.05513
6     27     16     998.88     1.99957     4.32928
7     24     20     258.96     4.62925     4.65331
8     9     35     115.8     4.54401     4.78935
9     14     20     216.92     4.62038     3.4479
10     9     15     1002.24     4.85281     2.95663
11     42     21     234.24     4.66482     4.62012
12     27     23     593.04     2.848     4.16379
13     24     17     1059.96     4.86349     3.90065
14     9     33     83.76     3.489     4.51277
15     35     33     56.36     2.04871     3.08733
16     11     23     577.04     4.20711     2.79862
17     37     25     603.04     4.56323     3.37542
18     44     32     44     2.02905     2.74606
19     11     15     929.48     3.72666     4.00006
20     19     24     585.04     2.88763     3.05811
21     22     21     310.36     3.4906     3.69106
22     12     33     268.32     1.61953     2.77734
23     27     23     913.44     3.27964     4.9411
24     28     30     380.44     2.65125     4.4599
25     11     31     534.32     4.02126     3.58501
26     16     28     763.6     4.3715     2.66167
27     28     18     615.4     2.3621     3.69327
28     30     34     852.36     3.19216     2.73728
29     39     29     957.48     4.57274     2.77627
30     10     17     618.76     3.29662     4.9514
31     8     21     296.36     4.13918     4.80239
32     18     20     893.76     4.07466     3.90217
33     41     19     1066.28     3.54219     3.52779
34     27     33     133.8     3.74599     3.25823
35     38     34     454.52     3.2242     3.63926
36     18     27     178.2     1.67058     3.30699
37     26     28     58.04     3.24364     4.70908
38     44     34     823.64     2.84704     3.81619
39     9     23     382.8     3.61653     2.96251
40     46     18     152.8     3.59731     4.70763
41     20     26     575.36     3.34576     3.35833
42     14     20     975.2     3.94072     4.54367
43     41     17     265.28     1.63822     4.48088
44     32     20     715.52     4.65413     4.32577
45     9     24     639.12     4.80902     3.74546
46     25     31     1028.92     3.01976     4.10619
47     39     24     1053.6     3.87268     2.91574
48     40     20     1086.64     4.76106     4.9115
49     47     17     570.32     3.32333     3.93414
50     32     25     352.4     3.16535     3.47896
51     13     32     728.56     3.10094     2.56378
52     32     22     907.76     2.39521     4.8056
53     18     15     18     3.74589     4.84451
54     43     32     416.8     4.48558     2.509
55     43     21     299.32     3.24044     3.85945
56     40     27     349.72     2.02948     4.50217
57     17     35     230.6     3.03824     4.31577
58     35     25     184.52     4.55181     3.97839
59     26     23     186.2     2.28124     4.93713
60     26     17     987.2     4.06879     3.21123
61     38     27     646.76     4.70391     3.66848
62     40     24     1043.92     2.33711     2.66556
63     27     33     507.6     3.22463     3.19407
64     22     20     481.24     1.7884     2.92116
65     33     25     182.52     1.72581     4.26717
66     13     30     707.2     2.15339     4.40924
67     15     25     164.52     4.01987     4.35278
68     45     23     279.96     2.77131     4.96109
69     45     30     237.24     1.50395     4.08277
70     26     34     869.72     3.58898     2.66961
71     47     29     207.2     1.50192     4.02333
72     33     22     972.84     4.84544     4.06323
73     8     34     969.2     1.7931     4.2552
74     47     24     570.32     1.94574     2.59186
75     21     33     832.68     2.32931     4.26603
76     19     18     456.88     3.52126     4.92607
77     30     28     863.04     1.63939     3.15577
78     15     26     314.04     2.67742     2.56806
79     33     31     727.2     2.42085     2.65389
80     26     26     90.08     2.92961     3.77606
81     14     35     943.16     1.81906     2.94984
82     41     17     884.72     4.32621     3.29997
83     44     22     65.36     4.89415     3.83518
84     10     31     202.24     2.25881     4.93072
85     19     31     1044.28     1.77494     3.65917
86     16     30     977.2     2.4608     4.36125
87     39     33     252.6     3.00182     3.59577
88     18     32     765.6     3.19248     4.86061
89     19     21     435.52     3.55458     4.72434
90     43     29     566.32     4.11397     3.26014
91     36     21     612.72     1.57039     2.92169
92     35     18     173.84     3.3464     3.7524
93     10     17     84.76     1.74738     4.06758
94     20     30     810.32     3.7194     4.50224
95     42     19     1024.56     3.43687     4.56191
96     22     28     406.48     3.7069     4.57091
97     23     15     866.72     4.92245     4.65499
98     28     15     572.68     4.5501     3.65223
99     20     32     938.48     2.88656     4.59029
100     30     17     435.84     2.06783     4.62172
101     12     15     76.08     4.56558     3.55899
102     13     31     205.24     1.6551     3.89737
103     42     33     351.72     3.59047     3.96847
104     9     34     671.16     3.96806     4.61402
105     41     18     478.88     3.51709     3.52123
106     30     35     809.64     3.29759     2.60918
107     14     22     718.88     1.54262     2.60834
108     42     30     383.76     2.12914     2.7224
109     25     27     153.16     2.40963     4.51445
110     17     18     700.52     3.3918     2.90628
111     47     31     79.04     2.99829     3.43463
112     34     26     984.52     4.89286     3.65024
113     43     30     256.6     3.60521     2.80549
114     39     35     508.92     2.94114     2.71699
115     16     31     283     3.9106     3.94696
116     24     22     568.68     1.65819     2.69135
117     24     17     536.64     4.63245     2.51778
118     33     31     235.92     3.47533     3.84159
119     25     21     473.56     4.36851     2.78283
120     32     28     288.32     1.8197     4.79316
121     19     16     734.56     2.12497     4.69359
122     40     25     264.28     3.98772     3.51497
123     27     25     625.08     2.03407     3.78002
124     41     27     1087.64     3.70455     3.6185
125     27     27     48.36     2.75806     3.85647
126     37     24     645.76     4.87332     3.46896
127     23     15     909.44     3.08065     2.53868
128     20     22     436.52     2.00961     3.109
129     42     17     543.96     2.68671     4.57419
130     25     18     1007.56     4.86584     3.99525
131     47     19     815.96     1.62903     2.98448
132     43     30     833.32     2.23991     4.04691
133     24     30     974.52     1.9827     3.02072
134     13     32     66.4     4.97533     3.00729
135     43     25     1036.24     4.6865     3.93071
136     30     34     179.52     3.64505     3.11769
137     47     25     901.4     1.57242     3.53923
138     9     19     596.4     1.92566     2.60338
139     12     24     1069.32     4.58299     3.14074
140     23     32     1058.96     3.15755     4.47279
141     40     30     755.56     3.67443     2.70409
142     32     15     704.84     2.5925     3.12868
143     43     27     908.08     3.90953     3.89073
144     46     31     676.12     2.83006     3.79192
145     12     21     54.72     1.73627     3.38389
146     26     26     837.68     3.43997     4.738
147     17     26     49.04     1.95514     4.03195
148     44     34     556.64     3.27291     4.84558
149     27     25     112.44     1.873     3.80329
150     40     19     627.4     4.95856     3.9581
151     32     23     523.28     2.14505     2.55356
152     27     27     272.64     4.09122     3.55747
153     15     35     356.76     2.30399     4.10619
154     10     25     31.36     1.60265     2.75048
155     31     34     308.68     1.97714     3.64467
156     20     16     885.08     4.32311     4.56755
157     25     30     1039.6     4.29054     2.9178
158     11     33     459.56     3.22837     2.57378
159     41     26     874.04     3.96048     3.25724
160     31     27     1077.64     2.87652     2.79351
161     9     31     446.88     2.07327     3.90751
162     18     17     71.4     4.03012     3.446
163     14     35     174.2     2.05202     3.16843
164     21     32     255.96     2.4671     4.99443
165     10     20     864.4     4.3104     4.85076
166     42     34     693.48     3.97906     3.00722
167     40     15     723.52     3.09474     2.54295
168     8     17     285.68     3.05586     3.83221
169     42     22     650.76     3.01389     4.19217
170     42     33     533.28     2.25999     3.08229
171     30     21     916.44     2.75486     4.49599
172     16     29     144.16     2.28605     4.43495
173     21     21     832.68     1.98814     2.60781
174     36     33     1061.28     4.70946     3.74294
175     19     15     520.96     3.45909     2.65496
176     47     18     687.8     2.92128     3.45874
177     34     17     407.8     3.26714     4.56786
178     10     30     608.08     3.2523     4.87053
179     31     19     981.52     4.33262     2.72301
180     37     31     688.48     2.78263     3.15081
181     35     24     205.88     4.05148     4.89845
182     19     32     104.44     4.34031     2.71836
183     11     35     320.72     1.63619     4.04065
184     35     20     1060.28     2.18639     2.91154
185     9     21     372.12     4.14644     2.84501
186     25     34     644.44     4.88881     3.97473
187     33     32     748.56     3.20412     3.64856
188     20     31     126.8     4.38154     3.35719
189     44     25     321.68     2.89938     3.6346
190     29     27     776.6     3.21438     4.82452
191     16     27     550     4.38111     2.85043
192     14     34     612.08     1.98697     2.88217
193     46     33     1017.88     3.13704     2.53769
194     17     30     679.16     2.97276     2.51228
195     35     35     964.16     2.46005     3.77476
196     36     28     655.44     1.92929     4.22201
197     32     27     138.8     4.60318     3.9317
198     20     15     554     3.09613     4.40497
199     26     27     880.4     4.12017     3.43806
200     47     27     175.16     4.88037     3.51527
201     18     33     594.72     4.39596     2.86271
202     8     24     595.4     1.72997     4.55374
203     46     21     932.44     4.86317     2.80679
204     14     26     24.68     2.1944     4.36659
205     23     21     610.4     4.40579     4.10833
206     30     32     798.96     3.67197     2.75689
207     41     32     361.4     3.45193     3.36024
208     37     34     432.16     4.34608     4.40863
209     37     16     816.64     4.7524     3.74012
210     47     34     602.36     3.30784     3.62247
211     26     32     463.88     2.34758     3.65291
212     11     16     587.72     2.86712     4.36514
213     32     16     320.36     4.22228     3.18598
214     44     15     1047.92     2.5501     3.13044
215     36     32     399.12     4.64687     3.37687
216     41     26     137.12     2.28509     4.6131
217     15     23     452.88     4.2069     3.29302
218     21     22     85.08     4.27537     2.69524
219     47     15     506.24     4.01987     4.92462
220     17     34     241.28     3.05971     4.24528
221     44     32     631.4     2.13929     3.38946
222     29     20     584.36     2.26084     3.22871
223     20     15     885.08     2.64719     4.95102
224     27     21     251.28     2.02083     2.63276
225     32     26     704.84     2.43239     2.84776
226     28     35     700.84     2.62358     4.20202
227     37     24     976.84     4.65809     3.43638
228     32     22     822.32     3.30613     3.4875
229     27     22     379.44     2.91572     2.64657
230     35     27     836     3.25625     2.70821
231     9     29     265.32     2.56708     2.74865
232     18     35     562.68     4.79823     3.92476
233     15     25     613.08     2.27345     4.43381
234     34     28     899.08     4.76565     2.52541
235     35     30     1038.92     2.21235     4.20606
236     42     15     469.2     2.06227     3.52557
237     21     31     63.72     3.98195     4.58838
238     28     20     134.8     3.90996     3.17843
239     35     34     771.92     2.19259     4.63935
240     24     21     323.04     2.78391     3.3993
241     46     32     612.04     2.74664     3.28356
242     9     17     596.4     4.53632     4.00182
243     26     35     47.36     4.80474     2.95442
244     45     24     888.72     2.70605     2.74628
245     26     33     271.64     2.44029     3.54884
246     17     27     753.92     4.01794     3.20193
247     42     18     576     2.48141     4.19515
248     27     22     614.4     3.56697     2.91993
249     27     19     966.84     2.54006     2.8328
250     39     29     1032.24     4.19227     4.42015
251     26     29     527.96     2.7288     3.60538
252     34     16     706.84     3.03717     3.98968
253     17     24     636.44     2.06516     4.56542
254     10     19     148.84     4.7978     3.29447
255     13     26     717.88     4.06355     3.19178
256     12     26     12     2.15777     3.80306
257     23     27     247.28     3.51431     4.72037
258     44     29     663.44     3.91209     4.02287
259     43     17     203.2     3.45054     3.28608
260     41     26     489.56     2.27708     4.54878
261     20     18     949.16     2.80282     3.37817
262     15     22     495.6     1.88902     3.42494
263     21     19     587.04     3.74055     4.10779
264     27     25     272.64     1.98889     4.31845
265     17     32     946.16     3.70113     3.78803
266     42     18     180.84     1.7963     2.50526
267     21     22     789.96     3.60735     4.82665
268     42     27     234.24     4.56943     3.66977
269     33     28     182.52     4.2712     3.93078
270     31     26     404.8     2.85302     3.01531
271     34     16     162.16     4.98579     2.62497
272     8     34     125.48     4.41487     4.68879
273     35     24     163.16     4.30474     3.081
274     31     16     906.76     4.36734     4.01616
275     39     24     946.8     3.00865     4.26046
276     45     24     728.52     4.97928     2.55203
277     41     35     404.12     2.2602     3.36985
278     20     18     20     2.67325     3.44081
279     44     23     460.52     3.94478     2.62818
280     18     19     349.08     1.7116     4.58991
281     11     16     224.6     2.70081     3.84732
282     45     30     942.12     2.06911     4.65705
283     34     20     1080.64     4.63598     3.32392
284     17     25     1063.64     3.4938     4.34812
285     43     29     790.6     2.73157     4.54505
286     20     33     148.16     4.75465     3.0295
287     35     23     868.04     3.43484     3.70556
288     11     27     43.04     1.57744     3.15096
289     10     25     84.76     2.93719     3.03835
290     10     32     672.16     4.26811     4.98268
291     23     20     268.64     4.14228     4.45662
292     8     26     200.24     1.52211     4.16356
293     9     23     660.48     4.31916     3.50917
294     8     15     851.72     3.42427     4.5629
295     14     25     793.64     2.44488     3.64811
296     17     22     401.48     2.63234     3.95413
297     40     33     104.08     1.7335     3.30844
298     47     17     1104.32     4.25187     2.50107
299     35     34     56.36     3.8527     3.30126
300     8     20     445.88     1.89532     4.05698
