1     18     36     59.12     4.47607     4.16234
2     20     17     189.62     4.84565     4.08933
3     11     22     216.6     3.22121     3.09412
4     21     13     139.22     4.08887     3.78216
5     19     13     204.04     3.94969     3.31019
6     43     38     53.28     1.88849     3.55243
7     10     27     210.46     3.39618     3.22283
8     46     24     63.99     2.67785     3.59737
9     36     30     51.42     3.9342     3.22481
10     37     37     98.68     3.8479     3.26746
11     15     2     68.97     2.76095     3.86296
12     41     25     84.69     1.77665     3.14631
13     22     21     122.23     4.27078     4.32463
14     13     29     102.95     3.54614     4.94339
15     32     17     47.42     3.11536     3.73623
16     21     38     213.75     2.34608     4.19874
17     18     21     205.61     4.45215     2.77505
18     36     19     89.97     4.06644     3.30126
19     9     13     201.75     4.3793     3.09267
20     44     18     175.07     3.57605     4.81834
21     25     21     76.4     4.0595     4.55145
22     17     3     63.26     1.69002     2.63802
23     16     26     100.81     1.5298     2.77314
24     30     3     261.3     3.32354     3.42524
25     43     9     50.71     3.2006     4.50079
26     47     26     257.74     3.83412     3.38801
27     16     22     208.75     2.53984     3.27174
28     45     13     263.45     2.0502     2.85859
29     27     6     214.61     2.94723     2.90483
30     30     14     143.08     4.989     3.68564
31     42     29     260.45     4.31436     3.79849
32     26     23     254.73     3.25956     4.43915
33     33     33     94.68     2.27238     4.54253
34     23     3     172.06     4.65584     3.42822
35     14     29     222.17     3.6285     3.84167
36     22     37     75.97     3.43463     4.53124
37     21     24     208.61     1.98782     2.75216
38     43     38     253.74     4.28381     3.33811
39     30     11     101.96     4.56516     4.73045
40     25     35     71.26     2.97533     3.60584
41     18     14     223.6     1.68191     3.49429
42     12     5     14.57     4.20797     4.02554
43     26     4     118.52     4.95247     3.69709
44     21     40     141.79     3.13619     2.8029
45     47     2     93.26     3.6567     4.41389
46     33     12     200.05     4.08684     2.55066
47     27     20     204.33     3.8009     2.94
48     18     15     179.91     2.96368     2.99379
49     31     40     226.32     2.86563     3.90301
50     21     1     208.61     3.33935     3.98671
51     35     8     266.3     1.74119     3.6858
52     19     14     183.48     3.23392     3.84381
53     9     29     83.53     4.85121     2.66343
54     32     16     229.89     1.58267     2.98166
55     26     39     223.89     4.96197     2.75178
56     23     34     251.73     3.38977     2.87461
57     32     6     175.92     1.6818     2.76887
58     28     14     66.55     2.57007     2.82159
59     10     20     210.46     4.64623     4.10878
60     24     32     59.98     1.97874     4.52704
61     27     32     158.07     3.8903     4.22765
62     8     9     38.84     4.12775     4.49263
63     19     28     119.23     1.91017     2.94313
64     22     37     273.86     4.09026     4.22307
65     36     8     56.56     2.4106     4.04515
66     39     21     162.36     2.09261     3.24335
67     15     14     156.35     4.74033     4.71992
68     19     21     237.45     4.29331     4.92889
69     13     4     110.66     4.01538     2.78626
70     25     15     140.65     4.75005     2.64786
71     46     5     243.89     3.93004     4.24467
72     32     15     91.11     4.57392     3.71693
73     13     31     236.59     3.75401     3.63811
74     23     5     25.57     1.77099     3.66794
75     25     14     86.68     1.51848     4.7264
76     38     23     184.49     4.27238     3.32873
77     22     32     142.79     2.88934     3.97221
78     34     4     77.69     3.14975     3.71532
79     26     39     172.49     4.2272     4.34004
80     29     9     77.83     4.02115     3.73722
81     17     11     227.74     2.33583     4.40733
82     28     39     123.09     4.64132     3.21467
83     42     21     162.79     2.89778     2.78855
84     47     11     121.53     2.68212     3.70922
85     23     29     161.78     3.09688     2.87149
86     28     37     115.38     2.19878     4.66582
87     25     29     27.57     4.42961     2.86607
88     37     26     62.7     4.78445     4.86808
89     9     11     201.75     3.20209     3.66535
90     21     27     28.71     2.91134     4.20606
91     8     19     69.68     4.21694     4.51979
92     23     28     274.86     3.46123     3.25594
93     24     18     26.57     1.64484     4.02348
94     39     13     231.75     4.44104     3.17309
95     33     37     256.59     4.08684     3.91285
96     15     19     187.19     1.88795     3.39663
97     37     32     191.2     2.32023     3.17797
98     12     8     222.74     2.46091     4.66742
99     12     7     137.93     2.23638     4.98665
100     46     23     297.86     3.21972     4.85778
101     25     40     120.09     3.96197     3.92026
102     35     2     245.74     1.59207     2.61444
103     11     31     160.06     4.17048     3.52336
104     36     36     177.35     4.0282     3.81336
105     21     25     69.83     4.08     4.1641
106     31     23     120.95     1.84159     3.32751
107     22     26     196.76     2.13875     3.70861
108     28     39     249.02     1.73969     4.60662
109     42     7     111.39     2.89831     3.50742
110     40     4     271.3     2.53963     4.56999
111     15     36     197.47     3.57392     4.6939
112     21     20     193.19     2.07285     3.81176
113     24     31     47.13     3.79257     4.79568
114     15     23     225.74     2.77708     4.61806
115     14     35     80.82     3.52852     4.65873
116     32     2     186.2     1.97533     4.29739
117     26     6     231.6     3.22655     3.18346
118     13     36     66.97     1.84298     3.82305
119     36     4     200.48     2.61258     4.87373
120     31     12     97.82     4.06206     4.28831
121     24     10     95.96     1.6912     2.69776
122     36     33     205.62     3.16257     3.67397
123     27     11     168.35     3.93175     3.7627
124     44     32     67.13     3.05234     3.92834
125     26     30     79.97     4.14089     2.80007
126     44     34     193.06     4.23371     3.36001
127     36     38     231.32     3.02361     3.4653
128     29     3     234.6     3.70754     4.34286
129     43     1     276.87     2.93121     4.94881
130     22     4     155.64     4.06537     3.8332
131     31     9     154.36     2.29652     3.89958
132     30     34     186.77     3.76843     4.20087
133     34     6     136.8     2.7571     4.16204
134     27     21     201.76     3.61472     4.37063
135     21     18     177.77     4.46603     4.32432
136     22     10     268.72     4.89297     3.77812
137     18     20     249.3     3.58962     3.08
138     44     9     198.2     2.72463     4.13701
139     24     30     95.96     2.49295     4.90165
140     15     8     122.94     2.59325     4.01921
141     34     39     183.06     4.61354     3.52733
142     19     22     34.42     4.0612     3.74744
143     16     18     111.09     4.52083     3.25945
144     25     24     228.03     4.17379     3.10022
145     13     4     257.15     4.66524     3.07588
146     23     8     74.4     3.05138     4.32958
147     15     26     238.59     2.81297     3.55403
148     22     17     114.52     4.66834     2.99104
149     26     9     280.43     2.66973     4.10703
150     11     36     250.01     2.32012     4.08635
151     21     36     254.87     2.19066     3.03247
152     39     22     190.63     4.77761     3.51817
153     43     9     48.14     1.57872     2.87408
154     32     40     101.39     1.62839     4.85832
155     12     12     71.11     2.9702     3.59523
156     21     6     164.92     4.30688     3.92705
157     42     27     167.93     1.80763     3.56525
158     21     40     218.89     1.8103     3.68625
159     44     40     164.79     4.90056     3.35849
160     32     20     116.81     2.6035     4.44433
161     46     10     215.62     1.67304     4.86549
162     28     34     169.35     1.71053     4.37368
163     46     21     174.5     4.10041     3.21673
164     26     38     272.72     2.49423     2.84082
165     9     29     155.49     4.83081     4.01936
166     39     2     224.04     2.12241     4.04927
167     20     39     217.89     3.99658     3.40541
168     44     1     154.51     3.72282     3.49391
169     44     32     295.86     3.21256     3.39373
170     46     21     135.95     2.72452     4.72938
171     47     4     242.32     1.76084     2.56317
172     15     34     17.57     3.38752     3.94955
173     32     8     142.51     1.96443     4.53978
174     42     33     65.13     2.51901     4.8806
175     31     8     241.74     2.74749     4.29464
176     43     14     246.03     3.37855     3.98549
177     38     35     205.05     2.38357     4.75593
178     45     2     132.38     3.76875     3.48209
179     45     26     134.95     3.4311     3.73241
180     34     1     118.81     3.81564     4.67315
181     31     28     118.38     2.35612     3.65001
182     22     37     99.1     1.93463     4.08849
183     27     4     191.48     2.34352     4.10039
184     36     18     164.5     3.48558     4.94057
185     44     2     154.51     3.7946     4.70222
186     32     16     253.02     3.61365     3.8918
187     33     14     79.26     4.01228     3.27532
188     27     12     142.65     3.77943     3.13471
189     30     8     89.11     2.57509     4.32691
190     35     39     52.99     2.47554     2.78443
191     9     3     191.47     1.89692     2.85005
192     40     22     230.18     2.13063     3.58394
193     37     5     214.33     2.97554     3.43577
194     32     8     191.34     4.20135     4.92149
195     19     9     24.14     3.3276     4.69588
196     20     35     22.57     2.95172     3.16065
197     36     21     113.1     4.11237     4.00006
198     17     23     70.97     2.42     2.78306
199     17     20     55.55     1.94168     2.52441
200     47     1     244.89     4.07253     2.84349
201     19     5     265.72     3.87855     3.11304
202     45     33     212.05     3.64612     3.7373
203     35     18     202.05     2.62198     3.45119
204     44     21     298.43     4.1771     4.28037
205     11     34     165.2     2.88079     4.55252
206     31     4     205.76     3.2179     4.10215
207     26     24     249.59     4.43377     4.55718
208     25     20     207.47     3.24172     3.85022
209     12     18     173.91     4.87748     2.84341
210     31     20     156.93     3.23403     3.20841
211     32     2     85.97     4.56238     4.45174
212     10     35     254.15     2.97201     4.22636
213     17     40     230.31     3.21545     4.8204
214     14     7     109.09     2.49135     4.96231
215     13     30     262.29     2.25091     4.83505
216     30     6     81.4     3.74065     3.43822
217     17     35     214.89     2.26811     3.68969
218     14     9     137.36     3.92288     4.40733
219     43     17     171.5     2.73745     4.56069
220     23     28     233.74     1.52478     3.93429
221     47     23     180.64     3.87289     3.09267
222     14     39     47.41     4.53429     4.28755
223     35     39     65.84     3.6928     3.698
224     38     32     38     2.34362     4.14464
225     42     33     227.04     4.26821     3.66749
226     17     31     155.78     2.84234     4.10955
227     12     6     238.16     2.65787     2.59468
228     27     9     196.62     1.69568     2.54295
229     29     30     129.23     1.53162     4.61196
230     15     29     261.72     2.81201     4.20507
231     10     3     238.73     4.4812     3.43921
232     32     2     268.44     2.49669     4.20988
233     47     35     273.16     3.0172     2.74567
234     26     15     172.49     3.79417     4.79362
235     27     26     83.54     4.25614     4.3234
236     38     1     233.32     1.51677     4.89448
237     18     38     231.31     4.79246     4.07338
238     17     25     127.51     4.46251     2.54486
239     43     17     212.62     1.75913     3.30485
240     13     35     126.08     3.81809     2.57736
241     39     10     92.97     2.57648     2.84639
242     23     16     105.24     3.25187     4.64141
243     16     20     113.66     1.88656     4.96963
244     47     21     124.1     2.19216     4.03356
245     16     22     129.08     2.67731     3.12571
246     11     2     36.7     2.29502     2.84051
247     45     33     214.62     4.59239     4.49431
248     37     36     44.71     2.09763     3.89393
249     28     14     164.21     4.9294     2.84455
250     32     3     106.53     4.36071     2.53769
251     19     21     201.47     1.82546     4.20919
252     31     20     208.33     4.59763     3.70853
253     13     14     226.31     3.13063     2.87057
254     31     17     66.98     2.79086     4.32836
255     34     28     203.62     2.46774     2.65999
256     40     12     176.21     3.29705     3.50902
257     36     14     290.43     2.98088     3.56853
258     31     23     69.55     2.93815     3.07054
259     19     12     52.41     4.77099     3.67107
260     15     32     233.45     2.28071     3.37077
261     10     40     107.66     1.51848     3.8628
262     11     13     196.04     1.60329     4.44792
263     8     18     13.14     3.79449     2.9075
264     21     36     108.38     2.5501     4.97574
265     40     18     209.62     1.55821     2.79962
266     35     5     117.24     4.97319     4.03119
267     33     34     94.68     2.34298     4.43762
268     13     14     105.52     2.46133     3.17461
269     23     10     262.01     1.62882     3.61019
270     40     23     83.69     4.55747     3.84182
271     24     18     265.58     4.40355     4.7956
272     38     3     284.72     1.66236     2.54975
273     40     27     178.78     3.41028     2.77245
274     27     13     253.16     2.12679     3.91377
275     21     7     85.25     1.58332     4.54398
276     41     24     76.98     1.53076     3.97755
277     36     36     257.02     1.67144     4.07399
278     13     22     13     3.15018     3.85609
279     26     13     28.57     1.54753     4.83612
280     9     2     145.21     2.11109     3.69053
281     19     1     198.9     2.20765     2.67449
282     16     22     221.6     3.232     4.41572
283     31     18     223.75     3.9561     3.97855
284     29     14     59.84     2.55245     4.84039
285     8     7     85.1     4.77815     4.16829
286     36     19     269.87     2.55031     4.03958
287     30     19     168.78     4.40141     3.99388
288     23     9     182.34     1.54572     4.06011
289     35     27     99.25     3.54326     3.64666
290     26     33     211.04     2.79353     2.93748
291     47     20     180.64     1.8464     4.68291
292     15     7     128.08     4.7617     3.02675
293     20     35     220.46     1.50235     4.76043
294     19     37     139.79     4.09859     4.64438
295     35     35     173.78     2.56153     2.68715
296     40     39     117.1     4.28755     2.52373
297     14     10     204.18     3.93142     3.78262
298     25     13     225.46     1.98793     2.58278
299     20     4     241.02     3.06217     3.05162
300     24     28     144.79     3.56537     4.00365
