1     31     5     66.14     2.43196     3.40236
2     17     9     132.46     2.93014     3.31217
3     34     13     118.085     2.62059     2.61803
4     16     10     57.415     4.43986     3.55426
5     37     10     152.46     3.51656     4.71435
6     30     13     101.535     3.1755     4.57106
7     36     14     82.435     3.95909     2.81297
8     26     11     61.14     1.652     4.88983
9     23     5     53.12     4.04411     3.90568
10     39     12     42.765     4.41327     2.75224
11     29     5     50.335     1.96593     3.12159
12     36     7     137.655     3.71747     4.28892
13     14     14     78.005     3.54657     3.3076
14     28     11     56.865     2.41038     4.50491
15     32     6     87.22     2.45204     4.92065
16     31     9     113.83     3.98633     3.57891
17     19     6     128.185     4.59774     3.73295
18     24     7     103.065     4.8354     3.47476
19     13     13     113.4     2.23873     3.84953
20     29     6     136.93     2.67934     4.86518
21     39     7     109.28     2.7508     3.53839
22     26     11     102.555     3.69515     4.36766
23     29     11     70.415     3.59571     3.87295
24     46     2     68.59     3.82472     4.59403
25     34     14     108.045     4.47639     2.68708
26     29     7     129.4     3.77334     4.51117
27     18     5     113.38     4.17827     3.84312
28     20     7     65.18     1.69547     2.61505
29     30     8     61.375     3.09902     4.31127
30     8     5     56.945     2.06751     2.91734
31     27     13     49.59     4.46507     4.06262
32     47     8     92.18     2.24792     3.74386
33     27     9     38.295     3.73563     3.77422
34     29     9     90.495     2.22623     4.34576
35     11     3     47.395     4.69536     2.84654
36     33     10     119.595     2.55789     4.32402
37     35     10     60.1     2.73254     2.73354
38     38     5     48.04     4.4875     3.36505
39     42     8     100.985     1.80677     3.08542
40     18     4     83.26     1.75903     3.79017
41     47     5     139.87     2.10297     3.2033
42     10     13     115.42     2.61493     3.41632
43     17     5     60.925     3.87289     3.80726
44     36     4     59.845     4.98024     3.73028
45     24     10     123.145     2.96475     4.11618
46     11     11     78.77     1.83657     3.37489
47     41     9     48.53     2.54006     4.24039
48     15     1     31.315     2.78274     4.448
49     22     13     106.085     2.47768     2.88652
50     26     9     81.22     1.78178     4.11351
51     44     10     108.005     4.96582     2.87568
52     37     12     102.26     3.09806     4.02547
53     19     1     123.165     4.78103     4.47279
54     17     7     101.085     3.91871     2.56417
55     10     3     112.91     2.75539     4.02951
56     30     6     94.005     3.66535     4.88548
57     8     8     14.275     3.93089     2.93939
58     47     5     77.12     4.99167     3.28127
59     36     10     107.535     3.90045     4.40558
60     27     13     64.65     2.96892     2.85417
61     38     4     130.87     1.83818     3.02026
62     30     6     134.165     4.45909     2.50336
63     19     6     141.99     1.71545     4.65804
64     38     10     105.77     4.1755     3.72372
65     21     2     122.655     1.70562     4.18035
66     15     6     56.415     4.93078     4.71656
67     32     13     45.805     3.27569     3.45355
68     47     10     58.295     1.5721     4.81429
69     39     12     92.965     4.9655     4.67872
70     35     8     134.145     2.10511     4.21613
71     45     14     100.22     1.85452     4.03424
72     16     2     77.495     2.00342     4.03706
73     44     1     105.495     4.71683     3.13089
74     19     6     42.845     2.70722     4.16952
75     10     10     91.575     1.86157     3.2796
76     17     4     102.34     4.30902     3.95657
77     38     1     139.655     3.66353     2.57126
78     31     12     79.945     3.92608     3.17888
79     32     3     102.28     1.77911     3.2696
80     20     12     65.18     3.26127     3.35307
81     30     10     137.93     4.05138     4.5159
82     26     11     111.34     4.35153     4.34339
83     16     8     64.945     1.60062     2.84669
84     9     7     37.865     4.00267     3.78521
85     13     11     39.355     4.60532     3.02431
86     36     4     47.295     4.41295     4.32165
87     35     8     91.475     3.26746     4.17875
88     34     10     76.67     4.98323     3.6523
89     19     6     59.16     4.46774     3.76308
90     14     14     34.08     3.31542     4.89456
91     27     9     38.295     4.10692     4.32112
92     23     14     130.93     1.89799     4.75723
93     11     9     71.24     3.63523     3.06719
94     16     13     36.08     2.97864     4.52727
95     40     13     90.2     4.26949     4.27938
96     9     15     133.245     2.12497     3.86845
97     43     1     148.42     3.3966     4.50354
98     29     15     89.24     4.97308     4.93248
99     43     13     118.3     3.66631     3.07184
100     10     4     16.275     4.16204     4.28289
101     23     14     60.65     3.26992     2.93245
102     29     3     98.025     3.95824     2.63184
103     13     2     133.48     2.40707     4.2922
104     27     15     111.085     1.56462     4.88838
105     22     10     58.395     4.9404     3.57128
106     32     6     112.32     2.11995     3.01973
107     31     12     153.99     4.73692     2.67144
108     44     11     96.71     4.38347     4.22575
109     42     8     114.79     2.19761     3.55586
110     25     4     144.225     2.6082     4.42457
111     11     11     18.53     1.97415     3.14119
112     38     7     114.555     4.60179     4.55199
113     36     1     145.185     2.37321     3.5036
114     39     12     40.255     2.97394     4.67223
115     41     1     52.295     4.4483     4.89555
116     35     9     42.53     4.57285     3.40213
117     44     3     168.245     2.27857     4.07605
118     20     9     95.3     2.60724     2.64771
119     18     9     100.83     3.43655     2.95358
120     27     14     104.81     3.45781     2.65236
121     44     5     133.105     2.64153     2.54082
122     10     10     43.885     3.17443     4.8587
123     31     9     56.1     3.10211     4.72251
124     8     10     88.32     4.66268     2.58187
125     13     5     88.3     1.54486     4.335
126     16     11     92.555     2.05586     4.49683
127     41     11     47.275     3.43164     4.05942
128     26     14     150.245     2.27622     3.43585
129     15     4     92.81     1.86317     4.62661
130     32     2     60.865     3.28295     3.00111
131     42     11     143.655     4.17208     2.83425
132     42     9     158.715     2.50737     4.48775
133     20     3     25.02     4.70071     4.87777
134     27     6     146.225     3.97639     4.12023
135     10     1     32.59     1.76885     4.99214
136     18     15     45.61     3.12252     3.10167
137     13     8     90.81     2.82824     4.40725
138     19     11     141.99     1.78263     2.97472
139     42     5     149.93     3.80335     3.11571
140     27     11     39.55     4.38325     3.79543
141     34     12     34     2.12156     4.45257
142     31     15     88.73     2.31286     2.61979
143     11     11     107.635     4.92982     4.9881
144     13     10     120.93     2.48366     4.80239
145     38     14     96.985     4.49829     4.73273
146     25     2     105.32     2.07883     3.1077
147     31     10     46.06     4.81329     2.65473
148     9     14     85.555     3.98825     4.63424
149     8     12     88.32     4.85548     2.51053
150     10     5     10     2.93153     3.05032
151     29     8     66.65     1.56719     3.98679
152     41     6     123.83     1.76875     3.64353
153     17     10     126.185     2.00705     4.15571
154     43     7     142.145     1.9984     3.68152
155     40     12     134.125     2.69098     4.24268
156     37     13     42.02     3.44253     3.08611
157     27     4     124.89     2.62188     4.20637
158     37     13     132.38     2.62038     2.91971
159     24     2     118.125     4.50673     2.63108
160     31     15     89.985     3.80891     4.18378
161     16     1     95.065     4.16033     4.43236
162     24     5     116.87     4.29032     4.43052
163     38     15     98.24     3.09752     3.87364
164     31     14     57.355     2.78787     4.6865
165     38     15     86.945     2.31233     2.89735
166     31     6     31     3.08919     4.18905
167     36     7     38.51     1.74471     4.76684
168     31     5     64.885     2.35665     2.93504
169     17     13     17     1.93506     3.02156
170     26     6     98.79     2.62519     4.54238
171     10     4     106.635     4.36573     3.24503
172     39     15     109.28     3.48804     4.42366
173     8     1     26.825     3.49017     2.6442
174     26     15     135.185     3.96977     3.27242
175     41     11     126.34     1.95044     4.94285
176     41     1     123.83     3.08684     3.36222
177     37     15     99.75     3.48099     3.0858
178     31     12     41.04     2.59592     2.65786
179     34     14     35.255     4.50032     4.75745
180     45     7     125.32     4.92865     4.23917
181     40     11     107.77     1.89062     3.21085
182     20     13     80.24     2.81553     3.53725
183     38     6     44.275     2.96443     3.41121
184     20     13     115.38     2.59603     3.38351
185     44     2     109.26     2.61899     3.49033
186     33     4     103.28     4.21694     4.37094
187     22     10     83.495     4.67806     4.0144
188     24     9     106.83     4.41722     3.02767
189     23     2     129.675     3.42085     2.56409
190     46     11     82.395     2.10201     2.80389
191     20     9     106.595     2.29929     3.6272
192     10     12     51.415     2.40259     2.86996
193     37     11     119.83     3.34234     3.8036
194     30     7     45.06     1.92448     4.72839
195     16     2     126.44     2.24728     4.82276
196     9     6     35.355     4.18308     4.13701
197     45     2     126.575     3.15969     4.37407
198     16     3     67.455     2.22655     3.34597
199     11     12     76.26     4.1395     4.74914
200     9     1     44.14     1.94681     3.64612
201     18     8     95.81     2.31574     4.29724
202     15     10     63.945     2.07701     3.23046
203     38     10     138.4     4.72869     4.19233
204     9     3     24.06     4.37759     2.86798
205     10     4     11.255     2.85804     3.0137
206     10     10     38.865     1.50844     4.39016
207     35     12     109.045     1.84117     4.13839
208     42     13     158.715     2.09101     4.48935
209     25     1     40.06     2.87609     3.44584
210     19     9     62.925     1.95471     3.83045
211     33     7     142.185     1.81404     4.83619
212     37     7     80.925     3.0736     3.97481
213     38     14     107.025     3.9388     3.5596
214     43     10     124.575     3.18874     4.61623
215     27     10     148.735     2.43271     4.85969
216     45     5     114.025     1.6191     3.6301
217     19     8     106.85     4.53215     2.92749
218     36     7     74.905     3.75967     4.93461
219     9     3     73.005     3.86808     2.67045
220     40     2     109.025     3.2664     4.1644
221     16     12     85.025     3.99637     4.29113
222     45     10     81.395     4.93046     4.6572
223     45     8     114.025     2.11419     3.18049
224     33     10     95.75     4.23713     3.75233
225     32     8     108.555     2.96411     2.62314
226     8     1     94.595     4.11547     4.40252
227     14     5     51.65     3.4263     4.3144
228     9     2     105.635     2.37278     4.59716
229     34     12     69.14     3.79737     4.19065
230     30     12     73.925     2.31809     4.59899
231     15     1     81.515     3.75753     3.57181
232     47     8     90.925     4.57285     4.49278
233     31     4     82.455     4.02478     3.11678
234     40     2     72.63     4.56815     4.5468
235     8     8     90.83     3.19686     4.59037
236     23     15     97.045     2.73136     3.38649
237     18     1     108.36     3.78007     2.94389
238     23     5     64.415     2.85879     3.98091
239     10     8     57.69     2.90643     3.70762
240     8     4     122.205     2.17571     4.9414
241     10     13     36.355     2.7383     3.19567
242     12     15     103.615     4.58524     4.63317
243     38     3     90.71     2.05939     4.02394
244     27     2     89.75     4.60297     3.09885
245     17     9     27.04     4.05469     3.43974
246     24     10     86.75     4.98109     4.29518
247     38     7     118.32     1.77676     4.46486
248     10     1     129.225     1.51773     3.64124
249     31     3     97.515     4.3009     4.85023
250     12     7     97.34     1.55629     3.38046
251     34     1     92.985     2.06558     3.84365
252     13     8     129.715     2.66994     3.25404
253     22     15     79.73     4.40333     4.27007
254     40     9     70.12     1.53504     3.98732
255     35     10     92.73     2.25604     4.92386
256     46     10     155.185     4.9921     3.5886
257     15     11     17.51     3.08043     3.2738
258     39     13     128.105     4.79278     3.96084
259     34     1     149.46     4.93912     3.4814
260     21     5     82.495     3.53664     2.82472
261     19     5     141.99     4.28007     4.72999
262     33     6     75.67     4.29353     3.45584
263     40     5     160.48     2.40365     4.86778
264     27     12     59.63     2.41401     4.73289
265     34     14     115.575     3.61696     4.36323
266     31     8     148.97     4.02788     3.99922
267     31     7     69.905     1.57498     3.07199
268     10     7     124.205     4.72944     2.73675
269     14     13     135.735     2.81062     4.8175
270     9     8     96.85     1.95033     2.55234
271     38     5     45.53     3.45108     4.78324
272     27     13     87.24     2.52083     3.97633
273     8     12     93.34     3.1223     4.71801
274     42     5     136.125     4.4169     3.0739
275     8     3     50.67     3.5408     3.4534
276     38     15     115.81     1.69633     3.36932
277     40     8     91.455     2.29278     2.734
278     33     11     93.24     2.12188     3.08184
279     29     3     75.435     2.80132     3.35971
280     20     2     50.12     4.97159     2.67464
281     25     13     80.22     1.98003     4.14113
282     17     10     124.93     2.03664     2.7163
283     15     10     139.245     4.57552     3.66688
284     31     8     138.93     1.80731     4.55451
285     33     9     36.765     4.69633     4.88395
286     9     7     95.595     3.34597     3.80215
287     29     14     150.735     4.52959     4.99001
288     31     6     153.99     3.84715     4.13671
289     44     10     146.91     3.74578     3.13845
290     19     13     98.065     4.88624     3.91102
291     34     5     65.375     1.59015     3.4566
292     22     2     128.675     3.35441     3.07749
293     41     2     115.045     4.66247     3.37481
294     33     1     119.595     2.08235     2.92428
295     38     2     64.355     1.88261     4.76981
296     12     8     65.965     1.65029     3.62407
297     10     10     47.65     4.64698     2.91925
298     18     6     113.38     4.88624     4.59548
299     42     14     47.02     1.6677     3.26998
300     10     13     82.79     2.55116     2.67678
