1     25     19     123.84     1.88475     4.35011
2     24     20     76.95     4.23457     3.18773
3     41     22     348.11     2.90846     4.50186
4     39     30     49.59     3.86402     3.83877
5     26     22     371.94     2.89607     3.46217
6     45     24     355.64     4.02692     3.26052
7     44     21     379.35     2.27227     2.987
8     42     23     63.18     3.522     4.97414
9     42     29     52.59     2.01431     2.71104
10     44     28     340.52     2.14484     4.4274
11     18     29     46.24     1.58727     4.57144
12     35     31     306.81     4.96721     4.8249
13     40     21     265.92     2.56719     2.54425
14     22     20     39.65     4.30335     3.27013
15     11     19     236.92     3.95193     2.69341
16     12     30     259.1     2.36509     4.72137
17     38     28     373.35     3.15851     3.53183
18     36     29     300.75     4.60318     3.75835
19     33     17     216.56     2.70957     4.19507
20     14     19     176.38     4.73617     4.16295
21     22     24     311.46     1.60585     2.92802
22     23     28     266.57     3.46806     3.81161
23     20     15     168.26     2.88678     3.38366
24     25     27     226.21     4.89222     4.88037
25     15     35     343.29     2.37855     3.7344
26     41     24     132.78     4.58289     4.36232
27     30     27     266.51     4.12978     3.59546
28     47     18     322.34     4.37503     4.89814
29     35     35     363.29     3.03439     3.76194
30     26     23     311.93     4.83059     3.41807
31     47     35     364.7     4.64249     3.75713
32     25     31     265.04     3.39308     2.59751
33     27     29     108.19     1.65777     4.6939
34     27     19     263.51     1.72944     2.62421
35     24     28     313.46     1.62391     4.94873
36     24     28     331.11     4.75956     3.2786
37     16     27     100.72     4.29695     3.6478
38     29     23     96.07     4.37193     3.82618
39     11     16     63.95     2.20594     4.46616
40     12     27     209.68     3.82942     3.22275
41     19     19     177.85     4.40141     4.73853
42     18     31     99.19     2.36029     3.13211
43     16     17     298.4     2.8903     4.88372
44     23     29     358.35     2.93741     3.75561
45     37     34     245.27     4.25967     3.14035
46     25     21     374.47     4.74557     4.97543
47     41     33     150.43     3.98643     3.11632
48     34     20     118.72     4.83508     2.80892
49     39     25     197.85     4.93645     4.14975
50     37     27     142.9     1.96422     3.67702
51     31     34     147.49     3.04892     4.48264
52     13     19     168.32     2.62839     3.98366
53     18     33     134.49     3.21043     4.74761
54     30     25     252.39     4.77644     2.50839
55     17     21     200.56     2.31478     4.26656
56     26     30     237.8     4.71555     3.1119
57     47     28     269.39     2.51164     2.6619
58     13     23     224.8     2.70252     2.7533
59     35     20     282.1     2.14142     4.28068
60     10     24     59.42     3.72388     4.82017
61     47     20     283.51     2.85911     2.93046
62     36     33     364.29     2.96155     2.771
63     27     29     309.4     4.94392     4.42846
64     29     21     265.51     4.94809     4.09093
65     43     18     205.38     4.79801     4.4628
66     11     16     138.08     2.90793     4.5584
67     28     16     363.35     1.63192     4.26641
68     21     30     148.08     2.28712     2.82586
69     27     26     139.96     2.83743     4.10329
70     34     33     150.49     4.46977     2.81228
71     31     19     91.01     3.54828     4.56717
72     19     31     107.25     3.18212     3.90812
73     10     24     98.25     3.38806     3.19308
74     37     33     61.71     4.08534     3.99266
75     28     16     112.72     4.40579     3.88127
76     40     32     375.35     4.55362     2.7646
77     40     21     251.8     4.1991     4.13327
78     42     16     112.6     3.64164     2.88423
79     29     35     205.5     1.72463     2.60056
80     20     28     23.53     3.73884     3.92888
81     37     18     386.47     1.7963     4.4467
82     35     22     155.02     3.91124     4.15983
83     9     20     79.6     4.27056     4.52002
84     25     30     272.1     2.43014     2.60315
85     44     20     298.16     2.41935     3.34086
86     10     23     271.22     4.98985     3.94208
87     20     30     334.17     4.49145     3.40014
88     16     17     316.05     3.6113     3.72158
89     36     24     286.63     4.9593     3.27044
90     47     18     191.73     3.23414     3.86662
91     37     22     351.17     3.45556     4.53024
92     41     35     252.8     4.99594     3.51177
93     24     20     182.85     4.89586     3.99968
94     27     16     182.32     2.19878     2.64405
95     45     23     295.63     4.28883     3.79002
96     38     32     83.89     2.96432     3.558
97     39     28     236.68     1.7351     4.16471
98     15     15     18.53     2.57445     2.62291
99     38     26     87.42     2.11205     4.21293
100     8     21     297.46     3.5016     4.86351
101     20     16     277.69     2.94734     2.83631
102     13     25     351.88     2.62487     3.85182
103     16     33     111.31     1.97906     2.54776
104     47     24     159.96     1.63469     4.41282
105     30     16     167.67     3.40408     3.58257
106     20     18     312.99     2.12455     3.14188
107     45     33     45     1.81329     3.32209
108     21     35     356.35     2.87011     4.2346
109     23     17     333.64     3.31532     3.53069
110     47     28     329.4     2.7963     3.12967
111     13     17     65.95     3.34629     2.90399
112     35     19     215.03     2.63128     2.9638
113     8     22     163.32     1.66802     4.93042
114     30     16     93.54     1.74845     3.83946
115     9     26     143.14     2.05416     3.56502
116     42     31     91.42     4.19601     4.90455
117     11     30     25.12     3.66268     4.21575
118     43     30     95.95     2.41295     4.24551
119     27     23     157.61     1.59624     2.54234
120     10     22     108.84     1.63427     4.09207
121     31     33     105.13     3.65104     3.56777
122     21     28     193.97     4.48238     3.83496
123     12     33     43.77     3.75166     3.60179
124     45     31     281.51     4.74578     3.35582
125     30     23     301.81     3.07413     4.97742
126     39     20     67.24     4.34704     4.17013
127     12     33     139.08     1.85687     3.59973
128     44     24     312.28     4.49658     3.3816
129     25     26     134.43     3.89885     4.30731
130     33     25     209.5     2.53375     2.95083
131     44     35     284.04     2.24418     4.04592
132     31     24     133.37     4.9577     4.27427
133     9     30     16.06     2.0564     2.85493
134     36     35     36     4.14228     3.07733
135     38     23     376.88     3.67795     2.66602
136     24     23     309.93     2.74194     4.61982
137     39     22     384.94     1.87898     3.91469
138     33     35     149.49     1.78274     4.21255
139     42     27     87.89     4.79278     4.96399
140     16     35     146.61     4.942     3.04842
141     28     24     349.23     2.53813     4.34065
142     26     34     195.44     4.01421     4.34446
143     18     25     303.93     4.53087     3.2844
144     40     29     43.53     1.56687     4.79682
145     24     26     324.05     1.9812     3.60881
146     23     20     344.23     4.28103     3.84877
147     14     31     331.7     2.57968     3.3755
148     24     35     341.7     4.48077     3.27036
149     22     34     152.61     4.36979     2.87996
150     41     15     355.17     2.35057     4.55145
151     16     16     188.97     3.30912     3.45103
152     26     25     142.49     2.33935     4.10619
153     46     21     46     3.01677     4.06178
154     9     27     33.71     4.75176     3.79116
155     24     29     98.13     2.20925     3.25327
156     38     18     193.32     3.02809     4.23513
157     17     24     317.05     1.82365     3.8715
158     32     32     197.91     4.21096     3.48178
159     23     31     167.73     3.82803     3.11525
160     47     29     198.79     2.59923     3.44462
161     39     20     56.65     1.71886     2.8985
162     24     29     179.32     4.59058     4.17478
163     15     28     127.96     4.70797     3.02332
164     36     29     180.73     3.20978     3.44089
165     35     19     190.32     4.59421     4.66681
166     24     31     355.82     3.82632     4.12183
167     33     27     50.65     4.32472     4.17959
168     46     23     257.8     3.05843     4.41176
169     44     20     54.59     3.24279     4.69741
170     43     26     328.93     4.86467     3.33743
171     13     34     288.34     2.02361     3.06459
172     40     19     290.63     3.82354     4.08887
173     21     15     345.76     2.79705     4.57083
174     25     15     81.48     2.10009     2.66121
175     20     17     362.41     4.45824     2.99959
176     25     28     360.35     4.10051     4.31051
177     21     16     70.42     3.66556     3.48972
178     12     23     252.04     2.81318     2.82044
179     16     31     213.68     1.52649     3.20925
180     35     21     91.48     3.33903     2.58354
181     31     35     320.46     1.97052     4.84146
182     43     31     357.17     3.10735     3.49269
183     17     19     17     1.80955     2.88392
184     46     16     144.84     2.28092     3.64673
185     34     30     108.13     3.98601     2.76009
186     9     27     277.28     2.34715     4.86808
187     17     16     119.37     1.50833     2.74247
188     29     23     43.12     3.39767     3.53244
189     40     23     361.23     2.07434     3.68969
190     38     35     323.93     3.59507     4.21201
191     40     20     114.13     2.38154     4.09459
192     47     28     336.46     4.32739     3.62972
193     27     19     249.39     3.12487     2.94603
194     35     23     102.07     3.54946     4.92759
195     40     29     248.27     1.68287     2.90284
196     45     17     108.54     1.81275     4.74632
197     26     18     361.35     4.49039     3.77979
198     18     25     194.5     3.48195     3.11808
199     33     15     248.33     3.0988     3.84632
200     26     28     29.53     2.63886     3.67153
201     47     29     311.75     4.92502     3.93841
202     42     22     267.92     2.67486     4.14953
203     28     24     95.07     3.18575     4.38185
204     45     28     299.16     3.06975     4.73884
205     11     34     198.09     1.5219     4.72907
206     30     23     139.43     2.35868     4.21308
207     19     23     40.18     2.30795     3.80741
208     39     16     254.33     3.28669     3.88768
209     39     15     317.87     4.15072     2.58087
210     22     28     269.1     2.64986     4.38757
211     23     18     125.37     1.57445     4.82414
212     19     23     266.1     4.32557     2.72691
213     44     27     104.01     4.39468     3.10785
214     43     30     163.02     2.98804     4.70214
215     16     22     238.39     3.2774     2.59888
216     32     25     346.17     1.51378     2.59651
217     11     34     293.4     3.98846     2.67067
218     14     29     222.27     2.57327     3.19842
219     31     18     203.97     4.32846     3.82733
220     40     34     361.23     2.4091     3.63063
221     21     23     331.64     4.75582     4.93988
222     9     25     90.19     4.30421     4.99359
223     38     35     140.37     3.69739     3.29531
224     27     32     298.81     2.73531     3.81977
225     19     31     290.81     2.04657     4.95788
226     44     24     220.5     4.71523     3.84205
227     13     15     182.44     2.84886     2.94244
228     20     29     108.25     4.32141     3.07321
229     30     18     224.15     2.67464     3.20162
230     16     18     238.39     4.91369     3.69884
231     30     35     142.96     2.6802     3.42402
232     42     27     130.25     1.53792     4.7821
233     23     17     315.99     4.35527     4.64553
234     30     25     220.62     4.01805     2.78138
235     25     22     180.32     3.95888     3.17354
236     38     35     90.95     2.7351     4.88098
237     47     25     272.92     3.14228     2.82311
238     15     21     135.02     3.09464     2.63253
239     31     29     313.4     4.25977     4.96567
240     19     22     269.63     2.6802     3.41128
241     14     25     282.28     4.36637     3.89019
242     21     24     236.33     2.09581     4.68276
243     43     25     85.36     1.90333     4.97787
244     16     15     150.14     3.99487     3.58318
245     39     33     137.84     2.07157     3.18712
246     8     18     237.45     3.79716     4.31249
247     35     17     275.04     3.39222     4.35377
248     15     15     43.24     3.59282     3.33842
249     18     35     219.21     3.95386     4.30135
250     25     15     28.53     3.73467     4.91516
251     10     28     285.34     2.84928     3.2654
252     16     20     61.89     3.61718     4.41259
253     47     24     71.71     3.79759     3.12983
254     33     27     290.69     4.64313     4.45929
255     8     24     202.15     3.45514     4.97543
256     37     30     135.84     4.87812     3.8976
257     25     23     272.1     2.91359     4.44159
258     18     28     208.62     2.89244     4.55107
259     39     21     63.71     3.88549     4.89982
260     31     35     115.72     3.79032     3.30462
261     15     25     99.72     3.5768     3.44028
262     43     22     357.17     2.9263     4.49698
263     40     35     329.46     2.24834     4.67048
264     47     19     378.82     3.3103     2.62597
265     20     19     224.74     2.46315     4.82665
266     39     32     257.86     3.69889     2.86607
267     42     32     49.06     3.52243     3.69755
268     29     18     191.38     2.87449     4.39825
269     47     19     378.82     1.5878     4.36094
270     38     16     235.68     2.61258     4.05271
271     17     26     324.11     2.49338     3.23199
272     27     30     214.09     2.33572     2.76406
273     26     32     223.68     1.74215     2.92535
274     9     22     277.28     2.95556     4.83879
275     11     15     85.13     1.69259     2.92825
276     18     15     353.35     2.40184     2.53525
277     47     26     159.96     2.93132     3.08702
278     42     32     214.97     3.83946     3.45653
279     35     17     84.42     4.8338     4.90638
280     42     15     373.82     1.57231     3.25518
281     37     28     361.76     4.81201     3.15981
282     40     25     343.58     4.13619     3.65093
283     10     27     190.03     3.25048     2.81465
284     37     24     89.95     3.57648     3.2609
285     14     21     303.46     3.62946     3.76736
286     14     21     218.74     2.91626     3.74195
287     16     18     291.34     4.33454     3.39267
288     28     25     95.07     3.81019     3.74599
289     11     16     335.76     3.15574     4.40519
290     36     18     343.11     3.38592     3.18743
291     31     29     228.68     3.97233     3.03278
292     8     16     163.32     3.77409     2.82311
293     21     32     38.65     4.62647     2.50343
294     27     25     161.14     2.8245     4.14533
295     15     35     29.12     4.48323     4.34355
296     41     29     256.33     4.51079     4.58632
297     37     18     301.75     3.6787     4.98955
298     29     26     74.89     3.52211     3.03621
299     25     19     339.17     4.55629     2.71157
300     9     19     263.16     3.54241     3.17331
