1     17     36     219.875     1.91572     4.30403
2     15     30     785.925     2.48772     2.77177
3     41     23     73.46     1.9012     4.92737
4     38     12     216.53     3.27996     3.30668
5     10     40     220.99     1.60671     3.76942
6     19     12     684.43     4.56687     3.64734
7     11     23     627.74     4.09709     3.02248
8     14     24     541.475     4.62572     4.52628
9     13     34     402.52     2.23659     3.29936
10     9     31     333.6     3.24343     2.50366
11     19     32     116.38     4.40611     3.52626
12     12     36     774.81     2.27665     3.76675
13     32     7     746.12     2.90664     3.64788
14     33     12     836.385     4.90066     3.24076
15     9     15     779.925     4.05202     2.64466
16     16     36     705.775     3.04347     4.01273
17     39     28     120.15     4.44745     4.36323
18     11     9     400.52     2.01036     4.56809
19     38     39     208.415     4.45674     3.65864
20     35     14     635.51     1.79385     3.83923
21     17     21     122.495     2.85655     2.84974
22     42     34     593.82     1.57125     4.0672
23     36     39     417.405     4.17806     3.48682
24     31     31     655.855     2.89116     3.97496
25     8     1     494.9     3.73627     3.4312
26     21     11     800.04     4.54561     4.75425
27     26     28     99.035     2.84693     4.24825
28     12     19     85.035     3.13117     3.86402
29     20     35     799.04     1.73072     3.9124
30     47     3     168.725     2.79684     4.14235
31     35     25     440.75     1.60511     4.82452
32     20     24     661.085     2.67956     3.22932
33     16     2     786.925     1.96368     4.64217
34     15     39     258.45     4.02756     3.30432
35     15     21     647.97     3.54262     4.92233
36     39     18     550.245     2.01004     3.63422
37     19     33     181.3     2.97554     2.57591
38     15     26     428.865     4.21651     3.43509
39     40     5     380.83     3.63501     4.13617
40     47     39     753.005     2.34117     2.54563
41     15     14     144.84     4.16161     2.83799
42     33     2     162.84     2.0565     4.91401
43     37     13     718.66     3.18116     3.51085
44     36     12     668.97     2.57402     4.89616
45     20     14     450.095     2.70882     2.78397
46     44     29     612.05     2.8918     3.86746
47     25     18     33.115     3.24087     4.60379
48     16     22     373.06     3.23019     4.6466
49     20     14     84.92     4.53407     3.56372
50     34     38     301.795     1.6551     3.73157
51     43     2     456.865     1.57199     3.5474
52     11     1     635.855     3.38849     3.84892
53     40     3     819.04     3.72057     4.18325
54     36     4     417.405     4.30602     4.31455
55     46     33     484.21     3.56836     2.61208
56     38     3     94.805     4.62305     4.20812
57     8     34     405.635     3.95685     3.06749
58     27     11     716.775     3.76746     3.35894
59     19     13     221.875     1.69665     4.26832
60     11     8     100.265     4.4405     3.64513
61     47     15     655.625     4.97266     4.62325
62     8     16     592.28     4.86424     3.10457
63     17     26     154.955     3.93463     2.74911
64     19     6     522.13     3.71769     2.8592
65     20     25     628.625     2.97768     3.30073
66     12     24     596.28     3.75967     4.35087
67     43     21     773.35     2.70818     3.11304
68     45     34     564.36     3.63918     4.39039
69     40     27     56.23     1.59848     2.65694
70     32     1     624.395     2.39351     3.01904
71     17     4     787.925     3.32888     2.8061
72     29     32     726.89     2.63427     4.1821
73     45     27     824.04     1.81628     4.41771
74     21     38     305.025     1.91957     4.21522
75     20     27     563.705     3.43164     3.22451
76     33     14     203.415     3.81532     3.14341
77     13     30     589.165     2.40387     2.54028
78     36     14     555.36     3.14281     3.79231
79     13     31     167.185     3.91209     3.77728
80     45     33     775.35     4.91466     3.71197
81     38     25     662.855     3.86413     4.77607
82     22     37     719.89     3.45717     4.9131
83     13     38     743.35     2.36402     3.44844
84     23     21     729.005     2.22185     3.91598
85     20     25     596.165     1.86616     4.23254
86     44     32     579.59     4.28295     4.61211
87     30     36     533.13     4.01709     4.86
88     10     24     545.59     1.52232     3.93727
89     14     35     590.165     1.68436     3.43638
90     47     20     688.085     4.50417     2.85859
91     24     31     648.855     4.67411     3.33377
92     15     38     15     4.53365     2.67312
93     14     28     330.485     4.63469     3.39564
94     23     30     185.3     4.40632     4.11901
95     20     27     84.92     1.64869     3.4547
96     30     5     451.98     2.3432     4.29952
97     28     16     376.945     1.51239     2.66243
98     47     3     550.13     2.61386     3.91919
99     11     29     132.725     4.70273     3.13257
100     9     10     219.99     3.84683     4.83291
101     18     6     569.82     4.53044     3.89523
102     38     9     232.76     3.52767     2.90704
103     31     3     526.015     4.98355     2.66511
104     31     26     696.43     4.68479     3.69335
105     41     17     187.07     2.25539     2.92131
106     23     19     47.345     3.76212     3.41517
107     16     33     251.335     3.46219     3.80009
108     36     9     604.05     1.68009     2.7665
109     18     40     724.005     2.04657     2.79962
110     17     16     341.6     3.08332     3.52313
111     46     21     281.335     4.37022     3.79803
112     15     20     71.805     3.77622     2.96655
113     45     22     767.235     2.49231     2.88293
114     47     4     363.485     4.84619     3.62018
115     44     11     555.245     1.63715     4.49461
116     25     26     820.27     4.47383     3.29836
117     29     25     499.67     4.34811     2.88049
118     24     20     202.53     2.43164     2.96747
119     27     24     327.255     3.82888     3.86326
120     20     14     742.235     3.26896     4.92012
121     32     38     632.51     3.97383     4.42053
122     39     13     290.565     4.18511     3.76087
123     18     10     245.22     3.08396     2.57752
124     8     37     519.245     2.59004     2.70577
125     26     26     99.035     4.27163     2.61254
126     11     37     157.07     2.3527     2.69326
127     20     21     799.04     3.55202     3.07382
128     23     14     298.91     4.73595     4.30792
129     34     1     74.575     4.62284     2.61025
130     46     23     816.925     1.51997     2.51709
131     25     7     487.555     4.3307     3.61362
132     25     28     536.245     1.81286     4.21957
133     10     2     253.45     4.82589     3.67367
134     41     18     227.645     1.54849     3.60691
135     34     4     82.69     3.40365     4.84596
136     47     28     566.36     4.1724     2.83723
137     26     32     90.92     2.03375     3.23168
138     46     17     175.84     1.51389     3.02171
139     40     9     616.165     1.57744     3.87036
140     27     20     229.875     2.34822     3.02324
141     13     34     540.475     1.69141     3.44478
142     36     11     831.27     3.64313     3.56784
143     13     36     207.76     2.91978     3.29882
144     22     25     370.945     2.49487     4.16829
145     10     19     204.76     3.9734     2.76727
146     45     20     458.865     3.25176     2.86081
147     9     1     698.775     4.69633     2.81861
148     40     16     137.38     2.32397     3.75378
149     34     33     821.155     4.22079     2.50999
150     18     18     204.645     3.18212     4.88868
151     20     37     166.07     4.80848     3.2548
152     42     5     447.75     2.04241     3.91453
153     8     17     608.51     3.87973     3.40274
154     44     16     173.84     3.74012     4.07369
155     18     6     107.265     2.23093     3.1325
156     30     38     354.6     4.78979     3.00104
157     27     8     781.695     3.93815     4.65667
158     12     12     328.485     3.1332     4.33531
159     41     24     527.9     4.44926     2.73949
160     36     7     214.53     3.07552     4.6424
161     45     11     385.83     1.86317     3.02683
162     27     4     221.76     4.90761     3.15241
163     11     9     408.635     3.39703     3.18888
164     14     14     606.395     3.71705     4.30822
165     30     7     744.12     2.53952     4.37506
166     41     12     552.245     4.38592     3.12639
167     26     21     399.29     3.89383     2.98143
168     12     32     677.43     3.77665     3.37161
169     16     40     332.485     4.70605     2.73156
170     9     9     552.705     3.10468     3.54266
171     30     2     719.775     3.08225     4.56816
172     32     17     567.59     4.99936     3.17141
173     28     5     750.235     4.8934     4.35858
174     19     32     108.265     2.25166     4.43411
175     24     3     88.92     4.86584     3.4125
176     26     7     139.61     3.75016     4.07491
177     35     25     538.13     4.862     4.31188
178     24     6     48.345     3.10372     3.14287
179     18     16     310.14     2.84608     4.55344
180     19     31     465.325     1.95193     4.54009
181     13     3     662.2     1.53909     3.00386
182     40     8     689.2     3.96379     3.38343
183     27     3     497.67     1.76041     4.16746
184     37     5     166.84     4.02243     2.67823
185     36     22     474.21     4.95695     2.76589
186     46     36     70.345     4.09891     4.30471
187     14     19     379.175     3.91968     3.63132
188     17     7     723.005     3.31211     2.81663
189     25     40     698.545     3.68896     4.41084
190     41     21     811.925     4.17731     4.55275
191     11     13     497.9     2.64505     3.5844
192     15     17     258.45     3.54155     4.56069
193     36     38     604.05     3.78861     3.79513
194     20     26     255.335     3.20637     3.83305
195     35     4     148.61     3.70637     2.99135
196     40     9     324.025     1.73873     4.35667
197     8     5     762.695     4.72634     3.38206
198     14     7     103.265     2.46934     4.4734
199     39     16     63.345     4.75892     3.20444
200     38     4     216.53     2.67731     4.55428
201     27     2     116.265     3.32675     3.80383
202     42     17     301.68     2.4639     2.98578
203     17     19     739.235     2.78114     4.52628
204     33     39     203.415     1.81297     4.96887
205     33     17     803.925     4.70679     2.92375
206     47     5     558.245     3.33882     4.12976
207     41     20     260.105     1.51271     2.77184
208     43     38     302.68     3.22185     4.44433
209     9     17     706.89     1.71267     4.89952
210     24     40     40.23     1.83166     4.97406
211     24     32     478.44     4.89116     3.33171
212     28     31     531.13     2.53749     4.91516
213     29     5     467.21     3.35783     4.2449
214     12     8     117.495     2.20647     3.95955
215     39     18     460.98     3.48964     2.734
216     22     14     176.185     4.88881     2.96922
217     46     35     370.6     3.75988     4.89296
218     37     24     710.545     2.69109     4.96193
219     47     25     193.07     2.95492     2.70684
220     41     9     625.28     4.337     3.91034
221     44     33     806.81     3.57862     4.25779
222     28     31     36.115     2.91487     3.85357
223     42     26     309.795     3.44424     4.24146
224     22     5     54.46     1.81371     3.32057
225     33     26     365.715     3.45343     4.79789
226     42     33     374.715     4.34597     2.56668
227     31     1     647.74     3.56334     4.15372
228     47     38     671.855     2.058     3.6227
229     14     28     711.89     4.44061     3.07772
230     40     19     104.92     3.72869     3.15554
231     25     3     406.405     4.30335     4.14777
232     37     26     572.59     3.55426     3.14295
233     27     28     578.82     4.95065     3.83114
234     39     18     704.43     4.02158     4.35896
235     25     30     584.935     2.47885     4.87747
236     32     5     600.05     2.46902     2.67327
237     34     14     82.69     4.6865     4.02325
238     16     3     608.395     4.33422     3.16263
239     46     6     394.945     1.66524     2.50969
240     25     14     649.855     3.58962     4.53421
241     28     33     717.775     1.58032     4.41298
242     44     4     409.175     3.86541     3.86212
243     35     16     700.43     2.13608     2.78642
244     10     7     431.98     3.26031     4.13663
245     18     33     147.84     2.73136     3.61591
246     20     8     726.005     2.33978     4.62493
247     39     10     655.74     4.80068     2.58721
248     35     32     805.925     3.82109     4.04515
249     20     2     198.53     3.84341     4.66643
250     41     30     341.255     3.94649     4.05301
251     21     25     629.625     4.64132     3.99205
252     46     28     459.865     3.54411     3.04002
253     20     2     498.785     3.66204     4.08048
254     12     34     409.635     3.77558     2.74552
255     46     40     808.81     1.65146     3.3433
256     11     1     481.67     4.07189     2.67983
257     11     7     359.945     4.41263     3.41777
258     22     9     184.3     2.25604     4.86129
259     17     6     146.84     4.7727     2.80885
260     20     35     101.15     3.85441     3.86418
261     9     28     487.785     1.73713     3.34475
262     47     40     55.115     2.09346     4.68093
263     33     24     795.81     4.33209     4.44411
264     25     16     284.68     2.08684     3.39557
265     40     23     737.89     2.63245     2.69646
266     42     28     674.97     1.70711     3.16988
267     29     10     288.68     3.98013     4.25466
268     43     37     635.395     2.64708     3.0427
269     25     5     828.385     4.88731     2.53975
270     15     34     63.69     2.66759     4.54062
271     16     17     494.785     3.62828     3.75889
272     44     38     539.015     4.03301     3.6024
273     45     10     166.725     4.51965     2.73507
274     30     8     443.865     3.13437     2.81503
275     43     10     375.715     3.38581     4.05026
276     36     9     547.245     3.30004     3.96252
277     28     21     466.21     3.2147     3.49963
278     34     18     309.91     1.79353     3.38717
279     37     19     183.07     3.99818     4.86
280     13     3     345.715     3.49904     2.66388
281     24     34     811.155     1.76212     4.46928
282     42     36     82.575     1.7946     4.58579
283     25     1     755.35     3.78359     3.6195
284     16     40     210.76     3.61301     4.46356
285     41     37     844.385     3.9938     3.76156
286     9     37     73.92     4.18906     4.23643
287     23     16     47.345     2.57135     4.523
288     36     14     60.345     2.49551     4.3965
289     18     12     302.025     3.22057     4.53787
290     38     17     711.545     4.86659     3.72448
291     8     37     373.175     2.13886     2.58957
292     29     34     256.22     2.80741     4.33889
293     26     29     220.76     3.6708     4.0659
294     43     6     424.405     1.99348     4.55718
295     13     21     808.27     3.14954     2.72637
296     41     8     325.025     4.45503     4.56992
297     42     19     658.74     3.42694     2.7826
298     18     31     302.025     3.45033     4.92653
299     15     38     161.07     2.08951     3.79063
300     12     6     60.69     1.52681     2.83471
