1     36     15     218.844     1.76554     3.08184
2     20     27     196.072     4.38614     4.54382
3     38     23     48.158     3.97746     3.78765
4     46     19     293.178     2.08406     3.56929
5     11     23     298.81     4.68361     4.89929
6     38     29     200.528     2.43794     4.6736
7     29     19     133.966     3.80731     2.52823
8     23     21     337.898     3.01025     4.80834
9     33     27     144.738     4.56558     4.79102
10     24     15     308.424     3.89853     4.55573
11     31     19     159.668     3.74824     2.63848
12     19     30     239.09     4.35804     2.86493
13     13     19     29.93     1.685     3.4991
14     17     23     111.808     1.61248     4.60128
15     13     25     300.81     3.89959     2.7337
16     11     33     342.828     2.35228     3.40678
17     42     32     86.018     3.9514     2.90323
18     10     24     287.652     4.91968     4.8748
19     15     15     191.072     3.46496     3.34849
20     16     18     259.792     4.68191     2.53571
21     40     26     50.158     2.84693     2.58309
22     12     19     262.564     1.59207     4.15654
23     31     35     362.828     4.69013     3.49857
24     35     33     187.37     2.93698     3.35108
25     32     21     65.86     1.86509     3.8815
26     10     35     203.002     3.77248     4.0051
27     38     25     258.09     2.80026     4.74395
28     20     21     152.054     4.54668     2.51152
29     44     21     281.02     2.94745     3.96596
30     34     30     318.424     2.9107     2.81991
31     44     19     44     3.93762     2.75063
32     30     16     70.632     1.7163     4.29777
33     11     20     139.668     3.42117     4.89196
34     23     22     148.282     1.70199     4.90387
35     35     26     211.072     4.5988     3.85418
36     25     16     329.74     3.36531     4.67521
37     32     17     241.932     3.43677     2.66511
38     26     15     354.442     4.02425     4.52536
39     44     17     379.214     2.57242     4.12099
40     45     20     336.196     4.06441     2.85615
41     27     31     274.178     2.90547     3.80383
42     35     30     68.86     4.87524     4.98138
43     39     24     252.318     4.37695     3.41182
44     45     32     99.176     1.97276     2.86271
45     21     16     92.106     1.93666     4.40161
46     43     24     76.86     4.81051     2.65946
47     31     19     51.316     4.69739     4.44372
48     41     26     105.334     2.77665     2.58896
49     16     29     114.194     4.7758     4.18966
50     44     23     369.056     3.38079     3.60088
51     34     28     318.424     4.32322     4.35255
52     41     33     352.512     2.62572     2.86348
53     27     34     54.088     2.74119     3.09931
54     46     27     83.246     3.06922     2.56233
55     44     32     304.722     3.58631     3.75591
56     23     18     270.178     2.57114     4.01196
57     41     30     305.108     2.66193     2.82472
58     35     26     95.948     2.72933     4.57915
59     44     32     237.002     2.79769     3.31507
60     37     33     240.16     2.00267     4.91966
61     34     24     74.632     2.81574     3.38527
62     11     23     292.038     1.5219     4.02707
63     28     20     34.772     2.68564     2.79801
64     42     22     45.386     2.58705     4.59395
65     8     16     85.878     3.86573     4.68795
66     8     23     99.422     2.85334     3.68564
67     13     17     124.738     4.83273     2.64145
68     16     23     341.056     1.70423     3.72669
69     42     19     58.93     2.29812     3.08977
70     26     20     215.616     4.31222     3.79978
71     15     28     214.774     1.61333     3.01355
72     17     20     308.196     3.38603     3.7569
73     19     27     29.158     4.86039     2.96075
74     27     16     253.862     1.60724     3.64315
75     13     29     165.37     4.63192     2.8766
76     36     31     344.126     4.75272     3.43318
77     26     15     222.388     4.49776     3.2461
78     19     20     167.984     3.00502     3.07993
79     13     33     246.634     3.15937     4.0492
80     35     16     187.37     3.45119     2.87599
81     18     27     224.546     1.79139     4.02837
82     27     26     121.808     1.76714     4.1277
83     43     26     337.582     3.07135     2.76872
84     47     31     314.494     1.59207     2.64069
85     44     31     54.158     1.89586     3.09061
86     37     15     331.582     4.58802     2.51984
87     38     29     298.722     2.78552     3.75446
88     17     35     84.72     2.68767     2.77955
89     23     29     270.178     4.47629     4.97864
90     18     16     241.476     4.03151     4.26824
91     24     17     206.844     4.19889     4.26923
92     18     23     234.704     1.58876     4.40428
93     14     24     166.37     4.1458     2.56302
94     10     34     47.246     3.46977     4.72526
95     42     33     356.898     2.6254     3.18239
96     43     21     93.79     2.42267     3.74882
97     9     24     36.088     4.90376     3.60263
98     46     34     201.756     3.51987     2.64687
99     44     26     47.386     4.73382     2.53227
100     29     26     330.354     1.53055     3.73165
101     33     24     229.388     3.07242     4.80606
102     16     20     334.284     2.48152     4.25481
103     8     34     18.158     4.48462     4.08887
104     25     29     72.404     1.90493     3.01828
105     39     23     336.968     1.73499     3.39465
106     16     34     97.264     3.77441     4.79896
107     47     24     195.984     4.56783     3.41571
108     32     22     299.494     3.12732     2.58393
109     28     33     78.79     4.17293     3.66535
110     16     30     310.582     2.37599     2.62024
111     17     35     230.318     2.84053     3.93307
112     11     24     241.248     1.80528     4.77577
113     42     30     360.284     3.80303     3.5522
114     40     31     314.266     2.75871     3.21284
115     32     26     201.3     3.26426     3.48003
116     26     20     361.214     2.51068     4.87541
117     33     24     273.406     2.11589     3.68999
118     17     23     264.178     1.82781     3.28677
119     37     25     294.336     2.34245     3.37718
120     32     23     170.826     4.21651     2.66167
121     10     25     206.388     2.11248     3.97572
122     13     17     344.828     3.35858     4.83016
123     33     27     239.546     3.55821     4.98901
124     13     35     338.056     4.23446     3.9732
125     22     23     126.966     1.74215     2.63199
126     13     25     280.494     4.43377     4.17226
127     28     21     146.51     3.81158     3.78651
128     9     31     107.194     2.15285     4.77027
129     15     21     350.214     4.8401     2.76879
130     33     26     286.95     2.88133     3.54549
131     16     24     29.544     4.35698     3.4096
132     23     22     168.598     3.77387     2.69784
133     45     19     315.88     4.0643     3.94665
134     10     23     182.686     4.71203     2.64801
135     38     23     146.352     4.24087     4.72968
136     46     26     343.968     4.05095     3.64826
137     40     15     134.808     2.33412     3.73829
138     42     27     167.282     3.5564     2.70653
139     30     31     178.984     4.23937     4.91195
140     9     29     164.756     1.52638     3.32293
141     11     32     48.246     2.76672     4.2922
142     9     23     19.158     2.10286     3.03835
143     18     15     326.126     3.79534     3.97816
144     15     33     272.336     2.26896     3.79582
145     23     34     199.072     2.11515     3.89409
146     17     15     179.528     2.03493     2.61429
147     11     22     295.424     4.95642     3.86906
148     42     30     170.668     2.81126     2.57515
149     35     31     217.844     1.70573     3.53008
150     42     29     319.652     4.4687     4.12084
151     17     30     125.352     2.31179     2.50671
152     44     17     348.74     4.58716     4.16631
153     42     15     282.406     4.37556     3.44905
154     14     33     237.476     3.3903     3.02278
155     46     28     306.722     4.43068     2.8573
156     36     26     80.018     3.86947     4.13427
157     20     32     304.424     4.40974     4.72495
158     21     32     34.544     3.59346     4.12595
159     35     26     153.51     2.79876     4.49332
160     20     30     185.914     2.70733     3.16599
161     26     23     249.476     1.97917     3.31942
162     41     16     332.196     3.61728     3.13921
163     25     32     207.844     3.75678     2.6561
164     13     31     189.072     2.36392     3.63315
165     29     18     100.106     3.5784     4.14441
166     18     26     51.86     3.18319     3.2374
167     32     16     346.898     4.43698     4.8188
168     32     27     116.65     3.75368     3.65444
169     31     28     230.774     4.96229     2.62444
170     41     34     342.354     3.63277     4.12374
171     34     30     122.036     3.70124     4.74807
172     15     23     45.474     4.37973     3.65802
173     16     21     93.878     2.08396     3.75942
174     32     18     245.318     4.86552     3.5921
175     32     30     130.194     2.57862     4.06728
176     17     35     331.898     2.27163     2.9442
177     16     27     212.388     2.03258     3.68664
178     23     26     175.37     2.27558     4.08979
179     42     21     140.194     4.70252     3.8187
180     16     33     229.318     3.42331     3.7479
181     19     35     39.316     2.47031     3.74378
182     24     29     247.476     4.69024     4.27999
183     42     27     204.528     2.74813     3.52603
184     44     34     321.652     4.72933     2.80107
185     31     24     308.652     2.56996     4.53131
186     43     34     87.018     3.30634     3.10396
187     9     33     222.318     3.37065     2.75697
188     8     35     92.65     4.92341     2.89521
189     38     27     54.93     3.45289     4.97475
190     42     35     302.722     3.62882     3.84411
191     8     35     163.756     3.14174     2.68548
192     12     20     167.756     1.5157     4.44395
193     34     27     216.844     1.62593     3.88722
194     21     33     41.316     4.9075     3.1859
195     15     29     96.264     2.98793     2.65465
196     9     21     317.126     1.7304     4.54535
197     27     29     186.142     3.41946     4.03226
198     14     31     322.126     4.07488     2.78069
199     8     18     45.246     1.62732     4.23902
200     40     34     300.722     1.94264     3.54472
201     42     28     109.72     4.42427     3.68603
202     13     26     300.81     3.1834     3.30828
203     35     32     255.09     3.00812     2.80686
204     9     29     134.282     2.11675     4.09688
205     9     33     262.95     3.9295     3.19987
206     36     21     181.598     2.84341     3.53916
207     35     23     41.772     2.74503     4.08322
208     15     26     42.088     2.74322     2.72858
209     31     34     173.212     1.85997     4.06278
210     19     25     178.142     2.66033     4.39718
211     15     29     211.388     2.55725     3.21184
212     26     17     327.354     1.77654     3.90149
213     15     32     258.792     2.71406     2.96396
214     27     22     189.528     1.67186     3.02187
215     32     15     48.93     3.70637     3.81794
216     42     20     275.634     2.07253     4.07392
217     25     20     25     2.00053     3.35536
218     14     26     37.702     2.28637     4.33149
219     9     28     147.826     3.93313     4.57076
220     10     27     314.74     4.826     3.26395
221     46     23     310.108     4.17667     4.51407
222     36     21     140.966     3.7194     2.58454
223     33     32     124.422     4.89521     3.24587
224     33     24     344.512     3.0078     4.11184
225     47     23     192.598     2.08513     3.10495
226     39     15     228.616     2.43164     2.94336
227     42     28     89.404     2.105     3.28806
228     10     28     64.176     2.80293     3.44218
229     30     26     189.142     1.89212     4.74296
230     23     33     226.16     3.06655     3.03575
231     36     17     333.968     2.86702     2.87317
232     28     21     126.194     3.04775     3.82694
233     27     21     220.002     2.52467     3.05574
234     14     21     85.106     4.88784     4.51811
235     42     30     262.09     2.2147     3.9713
236     41     18     71.474     2.66738     2.64733
237     15     26     65.79     3.10767     3.74638
238     44     35     264.09     2.21641     4.63752
239     43     30     195.37     4.34918     3.90889
240     19     27     259.406     4.61322     3.65696
241     27     30     142.124     3.40205     3.65528
242     27     26     304.652     2.36883     2.79412
243     32     19     143.738     2.07541     4.43121
244     9     33     286.652     2.30079     3.54358
245     16     31     70.176     4.24194     4.82337
246     43     19     368.056     1.59368     4.60456
247     20     17     108.036     1.74097     3.2651
248     13     16     348.214     4.54689     3.49246
249     8     26     241.634     4.47201     3.55396
250     30     21     172.212     3.01015     3.46301
251     22     20     350.442     2.67251     3.18148
252     16     16     280.108     4.50705     3.24816
253     18     33     55.246     4.8856     4.47592
254     36     20     161.282     3.04476     4.60517
255     23     25     314.196     4.61376     3.55739
256     35     15     221.23     4.61322     2.67747
257     9     26     174.914     1.66118     4.60547
258     38     20     75.246     2.36937     4.16944
259     34     29     203.3     4.663     4.43907
260     15     26     238.476     3.01132     3.33163
261     46     15     360.898     4.30122     4.90928
262     38     21     207.3     2.83818     3.26037
263     38     24     288.564     4.71042     3.10411
264     13     22     212.774     4.49861     2.50885
265     24     23     294.88     4.56825     4.36651
266     36     17     86.79     4.42587     4.51102
267     29     20     106.878     4.87577     3.12403
268     38     27     335.968     3.46112     4.81742
269     42     27     295.95     4.92341     4.03172
270     42     32     333.196     2.16428     3.64475
271     39     20     279.406     3.94584     3.42692
272     35     21     48.544     1.81137     3.73692
273     27     19     145.51     4.96347     3.59699
274     24     19     277.95     4.08075     3.5387
275     23     32     188.914     3.31179     4.85961
276     13     26     314.354     2.42566     3.18216
277     22     32     96.492     1.85826     2.95473
278     8     26     180.686     3.63512     3.28562
279     20     32     301.038     3.90686     4.25054
280     45     31     109.334     2.58171     4.06476
281     28     18     258.248     4.78904     3.76003
282     42     15     363.67     4.65734     4.75661
283     31     16     173.212     3.14377     3.47194
284     27     35     294.494     4.89607     3.35582
285     12     30     225.318     3.88432     3.493
286     8     19     265.336     4.28487     4.16364
287     19     19     167.984     2.35206     3.50276
288     42     16     174.054     3.76159     3.14875
289     41     34     118.878     2.15905     4.52162
290     42     29     177.44     3.90045     3.62186
291     15     24     103.036     3.7163     3.49055
292     10     15     223.318     3.2852     4.72137
293     18     32     170.37     1.95129     3.16401
294     41     21     298.336     2.56932     2.71233
295     37     19     351.898     3.71224     4.81468
296     35     19     322.81     3.72495     2.59842
297     26     30     154.668     1.85965     3.75103
298     23     20     300.652     4.47714     2.54463
299     21     18     136.124     4.04582     2.64794
300     16     17     205.616     1.92779     3.61461
