1     43     23     304.705     2.89927     3.28234
2     33     28     54.51     3.616     3.4402
3     29     28     229.76     3.28936     3.9114
4     30     17     101.7     4.12775     3.99846
5     33     34     54.51     1.99541     4.35163
6     31     27     160.06     4.01613     4.56084
7     10     31     260.95     3.66279     4.34614
8     16     17     98.455     1.8197     3.73768
9     20     28     141.89     3.05063     3.88508
10     41     22     76.85     2.05693     3.88752
11     32     26     290.12     1.56131     2.78535
12     36     23     376.575     3.09977     4.60295
13     44     25     158.72     4.9577     3.08367
14     41     32     360.065     4.73371     4.00937
15     8     33     337.82     2.26608     4.24123
16     42     30     339.555     3.90579     2.87675
17     42     24     350.31     2.86979     3.66115
18     47     28     190.4     3.16108     4.0434
19     19     22     137.305     2.28723     2.51938
20     43     15     78.85     3.76447     4.65171
21     39     21     239.76     2.63897     4.40634
22     28     29     300.46     4.51207     3.6977
23     25     24     329.725     3.80218     4.28243
24     39     24     254.1     2.7288     4.89204
25     13     25     138.475     3.7524     2.7456
26     26     21     208.835     4.4545     4.83367
27     20     17     170.57     4.59282     3.11151
28     25     31     139.72     1.81585     3.99655
29     44     15     377.405     3.27088     3.80589
30     34     30     137.965     1.58855     3.02828
31     13     24     134.89     1.9828     3.56952
32     24     25     317.97     3.44403     4.36148
33     29     19     251.27     3.26565     4.47645
34     12     18     341.82     4.88528     4.13732
35     44     27     130.04     3.77569     2.76315
36     47     33     54.17     4.87033     4.44227
37     9     21     349.575     4.25636     4.97192
38     25     27     376.33     2.62241     3.35681
39     27     24     224.175     4.19173     4.4055
40     21     15     110.625     2.12828     2.81655
41     33     24     262.44     2.14847     2.89468
42     11     34     355.16     4.82354     4.28648
43     43     35     347.725     1.8056     2.87858
44     37     23     169.645     4.4655     4.74677
45     39     19     64.095     2.67069     4.7972
46     42     30     378.99     1.6943     2.99181
47     29     34     301.46     3.4843     4.79614
48     14     34     168.155     3.2806     3.74195
49     43     31     250.93     4.31222     2.74461
50     32     27     275.78     2.56088     4.56656
51     25     16     283.12     3.82408     3.06551
52     34     34     163.06     4.06131     3.12105
53     46     19     307.705     2.26063     3.37748
54     13     29     124.135     4.8072     4.69527
55     41     19     245.345     3.08812     3.45065
56     11     34     154.4     2.32162     2.575
57     33     35     179.985     2.83946     4.47378
58     43     29     397.915     4.81158     3.71586
59     14     31     107.21     4.14431     3.63445
60     32     24     161.06     1.53952     4.72945
61     13     34     274.705     2.9452     4.01181
62     18     16     71.775     1.88549     3.18209
63     16     22     227.515     2.40237     4.78133
64     35     19     38.585     3.09421     4.20675
65     12     25     65.775     4.48526     4.23254
66     35     31     135.38     2.21064     4.92599
67     9     21     19.755     3.75166     3.09931
68     29     33     64.85     3.2037     4.18912
69     13     27     59.605     4.315     3.20215
70     16     18     327.895     1.77612     2.62032
71     42     33     128.04     3.99829     3.90339
72     23     20     270.365     3.86274     2.98074
73     43     26     218.665     1.67592     3.87455
74     10     18     131.89     4.31606     3.34147
75     35     24     303.875     3.30314     3.17698
76     18     25     204.42     2.77943     3.07054
77     47     25     50.585     2.13256     3.15378
78     9     34     120.135     4.24728     4.13137
79     38     23     63.095     3.11888     4.13533
80     23     18     291.875     4.31361     2.69425
81     16     18     313.555     4.01025     3.4566
82     46     34     336.385     4.60692     3.56029
83     20     21     324.725     3.12775     3.7875
84     31     18     246.1     2.4138     4.89738
85     41     23     356.48     2.33241     4.27503
86     35     24     60.095     3.48943     3.28936
87     14     19     35.51     1.67902     4.49889
88     11     34     308.555     2.05512     4.09734
89     25     16     107.455     3.25838     3.73867
90     24     15     253.44     4.98451     4.63317
91     28     16     300.46     3.22645     3.05399
92     28     16     329.14     2.17624     2.64611
93     35     15     49.34     3.52083     2.67724
94     47     24     269.27     2.11451     2.62185
95     40     32     133.21     4.76565     4.7187
96     35     24     38.585     3.11739     4.89311
97     32     16     67.85     4.86285     3.68358
98     16     21     91.285     1.77195     2.56409
99     43     26     261.685     3.27174     4.80285
100     25     32     268.78     3.55779     3.74683
101     31     33     367.99     3.97597     2.67518
102     44     29     65.51     4.15691     4.10939
103     45     16     396.33     3.13715     2.72256
104     22     34     97.285     4.45268     4.73807
105     11     19     215.345     3.43751     2.95755
106     14     34     153.815     3.21438     2.81037
107     24     35     317.97     2.60852     3.56334
108     29     26     97.115     2.47127     2.58217
109     27     17     267.195     1.64794     4.2864
110     12     28     101.625     4.57231     4.18577
111     13     27     13     4.72442     4.64164
112     38     19     98.945     4.43452     2.74163
113     10     17     185.665     3.76853     4.42991
114     25     26     157.645     4.97864     2.7823
115     29     35     50.51     3.75304     4.56816
116     9     22     288.63     3.25176     2.98837
117     9     16     152.4     4.65883     3.23168
118     37     20     87.19     3.23862     3.73775
119     32     30     57.095     3.12957     4.80987
120     25     33     333.31     2.8589     4.96658
121     39     20     221.835     3.31382     4.17302
122     26     24     112.04     4.15317     4.34317
123     40     24     194.155     1.89372     3.75286
124     13     34     296.215     4.65584     3.25465
125     31     18     41.755     3.30218     3.43516
126     17     18     63.605     4.95556     3.10533
127     13     24     339.235     2.12711     3.26456
128     16     29     137.89     4.44349     4.42846
129     8     18     68.945     2.70305     3.96229
130     17     29     260.78     2.74888     3.80955
131     17     18     239.27     2.39084     2.75628
132     41     32     313.46     3.362     3.62316
133     21     31     207.42     1.5439     4.52376
134     38     35     149.135     1.94446     4.58167
135     30     20     173.4     1.663     3.24602
136     34     17     59.095     4.82781     3.59622
137     15     18     341.235     2.23788     3.77651
138     30     29     341.895     4.19836     4.45105
139     18     18     272.535     3.27644     3.92048
140     29     33     265.61     4.47095     3.78948
141     45     32     105.945     3.02158     4.32775
142     36     17     175.815     1.84896     4.91287
143     41     31     238.175     4.85559     3.69778
144     17     29     128.135     4.57306     4.39192
145     18     16     86.115     1.8919     4.29731
146     41     26     73.265     2.85559     3.99052
147     18     30     240.27     2.25454     2.79023
148     8     20     129.89     4.00481     2.90208
149     30     27     352.65     4.04454     3.88035
150     13     20     357.16     3.23446     2.79832
151     31     33     317.8     3.99455     4.26649
152     43     18     311.875     2.16279     3.19056
153     18     28     254.61     4.81051     4.4097
154     10     28     178.495     4.99722     4.60387
155     40     32     179.815     3.70103     3.11388
156     27     16     52.095     2.90782     4.56267
157     23     26     44.51     4.09421     4.91821
158     8     18     83.285     2.58791     3.8905
159     31     21     353.65     1.54155     2.80168
160     33     19     93.945     4.50203     3.32057
161     14     17     74.945     3.31072     3.70159
162     40     20     373.405     4.32109     2.92001
163     29     33     254.855     4.66353     4.34278
164     46     19     124.87     3.54625     4.32608
165     33     20     119.04     2.32365     4.88075
166     44     27     198.155     4.81863     3.29493
167     35     24     142.55     3.13063     2.85646
168     19     31     223.345     2.41775     2.5631
169     8     34     241.025     3.38197     4.96422
170     28     19     314.8     2.94734     2.52113
171     33     15     162.06     1.86167     4.13114
172     25     19     272.365     2.70775     4.70023
173     28     34     311.215     4.55811     4.41069
174     26     35     76.19     2.2571     3.07047
175     25     35     200.665     3.56719     3.68664
176     17     30     199.835     2.15894     3.15279
177     30     18     112.455     3.68511     4.19164
178     46     29     46     4.41786     3.94269
179     44     20     65.51     2.18703     3.33666
180     44     23     115.7     2.10254     2.64611
181     24     20     203.25     2.29427     4.85389
182     18     16     279.705     2.65659     4.72884
183     34     31     123.625     4.32846     2.7514
184     11     19     50.435     4.39639     4.27732
185     9     16     281.46     2.55298     3.08145
186     30     30     381.33     3.19622     4.67292
187     30     26     288.12     1.70284     3.52
188     14     29     139.475     4.8621     4.57808
189     12     35     130.305     4.20135     3.25915
190     43     20     75.265     4.69173     4.23498
191     38     22     66.68     3.06388     3.21291
192     8     19     223.1     4.22271     4.57724
193     41     18     134.21     4.99049     4.03417
194     12     16     280.875     2.16813     4.15334
195     46     15     99.775     3.14452     4.44487
196     9     31     145.23     1.53995     3.86326
197     10     35     246.61     4.61974     4.87884
198     31     33     152.89     4.95877     4.50713
199     29     15     104.285     4.09474     3.93666
200     33     31     140.55     1.65232     4.6466
201     22     35     326.725     1.67411     2.65328
202     39     26     49.755     2.14121     3.77865
203     21     26     21     1.91893     4.07826
204     35     16     106.7     1.61173     3.32217
205     8     31     11.585     4.56217     3.16797
206     20     21     242.27     4.97639     2.91635
207     23     26     256.025     4.4138     4.49103
208     46     16     74.68     1.62177     4.5323
209     8     34     219.515     3.95257     2.74567
210     24     16     267.78     1.84469     4.39673
211     11     32     211.76     3.60521     3.5902
212     29     28     319.385     1.97479     2.72835
213     23     32     94.7     4.71299     4.78492
214     43     34     57.34     4.1849     3.78704
215     11     26     208.175     4.18618     2.64756
216     31     15     224.59     3.48943     3.7344
217     46     22     279.025     1.84608     3.8213
218     47     15     265.685     4.93004     3.80825
219     24     26     192.495     2.95407     4.85389
220     39     15     322.215     4.44819     3.80863
221     46     33     261.1     1.92843     4.59105
222     28     28     78.19     3.44627     3.39671
223     42     18     42     3.24856     4.38116
224     36     22     322.8     4.53525     3.70632
225     25     18     121.795     2.547     3.59294
226     12     32     194.835     2.46999     4.2674
227     44     26     51.17     4.88849     2.94549
228     8     27     154.985     1.77302     2.74255
229     39     28     232.59     3.23692     3.15096
230     39     20     393.915     1.54476     4.97597
231     29     27     72.02     4.60981     3.86952
232     28     24     332.725     3.46123     2.85432
233     25     24     39.34     2.41935     2.97685
234     23     16     177.155     4.45984     4.98131
235     22     30     65.02     3.50278     3.6446
236     10     16     106.795     2.11248     2.6632
237     32     18     96.53     4.8385     4.23246
238     36     25     43.17     2.18629     3.70838
239     9     18     263.535     3.95022     3.49368
240     25     32     132.55     3.89137     4.03798
241     30     33     30     4.49925     3.59233
242     31     22     249.685     4.81628     4.61028
243     15     17     222.93     3.06366     3.43364
244     27     26     37.755     4.55116     3.65673
245     35     25     106.7     2.60489     4.80636
246     42     24     246.345     3.49872     4.23093
247     25     24     344.065     3.6223     3.83778
248     25     31     372.745     3.8715     4.56984
249     40     21     197.74     4.49455     2.76177
250     38     23     77.435     2.37812     3.76759
251     15     18     226.515     4.0094     4.49835
252     12     28     151.815     2.59581     2.76208
253     30     33     323.97     2.58011     2.54639
254     26     35     165.815     1.53151     3.13349
255     28     19     293.29     2.15029     3.689
256     37     17     115.87     2.86915     3.71563
257     22     24     57.85     4.78498     3.51062
258     26     30     198.08     4.40611     2.51991
259     46     24     393.745     2.95012     4.72747
260     21     16     124.965     1.67518     3.97183
261     26     30     327.14     3.47992     3.32995
262     44     30     327.215     4.25646     3.95924
263     9     31     306.555     4.73061     2.53777
264     28     25     314.8     1.77398     2.69425
265     9     33     259.95     3.92213     4.56763
266     28     27     379.33     2.08246     2.88682
267     20     32     84.53     3.16802     2.71294
268     13     27     177.91     1.6395     3.23115
269     38     22     224.42     3.69173     3.73699
270     16     23     112.795     3.56676     4.70435
271     41     22     195.155     2.23093     3.07749
272     40     28     201.325     2.89735     4.6778
273     17     16     310.97     3.62967     2.86431
274     35     29     106.7     2.01186     3.84121
275     25     31     326.14     4.11718     2.74979
276     38     30     378.575     3.76138     3.43883
277     44     21     352.31     4.77505     3.55098
278     38     31     184.985     3.27793     2.81808
279     44     19     384.575     2.69141     3.70479
280     39     17     375.99     2.97244     4.79125
281     38     30     288.95     1.80282     3.53587
282     25     24     197.08     1.72025     3.80886
283     12     17     144.645     4.92331     4.83634
284     38     32     263.855     3.73489     4.44647
285     42     29     214.08     4.46123     3.25831
286     29     18     32.585     1.627     2.70302
287     42     29     81.435     3.32386     3.51947
288     18     31     118.38     3.65445     2.61284
289     40     28     387.745     3.00897     4.92019
290     44     35     355.895     3.65616     3.16881
291     30     22     284.535     4.38411     4.6736
292     46     26     343.555     2.17592     3.05879
293     9     25     263.535     3.65339     4.04851
294     47     25     222.665     1.77313     3.21482
295     26     27     108.455     4.51186     4.82429
296     25     23     161.23     4.52051     4.67421
297     46     28     182.23     4.48729     3.55823
298     45     30     45     4.68917     4.25321
299     39     19     358.065     4.46934     3.66619
300     38     17     98.945     4.62284     3.03377
