1     22     25     534.64     3.67934     2.93573
2     31     33     1077.64     3.81809     4.13686
3     46     34     900.4     2.79299     4.05911
4     19     25     713.2     3.47639     2.5351
5     31     17     597.04     1.70797     3.47118
6     8     24     477.92     4.80036     3.00539
7     36     28     153.48     2.71876     4.07735
8     9     30     9     4.92096     2.79885
9     9     18     927.48     2.0893     3.26807
10     11     19     598.4     4.24247     3.71548
11     32     25     138.8     3.95749     3.12433
12     20     26     799.64     2.19013     3.71509
13     38     21     539.96     4.92619     3.43463
14     9     23     243.96     2.14623     3.84129
15     19     17     681.16     1.84341     2.52548
16     22     19     513.28     4.57263     2.95793
17     38     21     572     1.76907     3.40411
18     26     17     228.92     2.3213     2.79778
19     30     32     147.48     2.6286     2.71287
20     24     25     216.24     2.63288     3.324
21     41     27     916.76     4.05512     4.99771
22     31     34     244.6     2.32194     3.40358
23     41     34     585.68     2.91871     4.78729
24     19     25     553     3.64986     4.29418
25     18     26     135.48     1.54369     3.98648
26     10     25     811     4.38549     3.44264
27     14     19     14     4.11205     4.5809
28     31     19     949.48     4.05341     3.59645
29     18     17     936.48     4.75571     4.15448
30     35     24     312.68     1.86915     4.72762
31     14     21     526.64     2.33593     4.22002
32     31     15     746.56     3.86253     3.76858
33     16     33     966.52     3.40996     3.86097
34     44     16     556.64     4.18789     4.6617
35     17     26     647.12     2.88517     3.68725
36     35     34     355.4     3.62241     3.72013
37     31     22     244.6     1.86103     2.60254
38     37     29     485.56     2.25166     2.80168
39     18     35     733.56     3.15851     4.88441
40     12     22     877.08     4.84245     2.79534
41     15     25     196.56     2.03674     2.57653
42     39     21     658.44     3.90323     4.92004
43     23     16     663.8     3.5972     3.19437
44     42     25     511.92     3.43271     4.83566
45     9     15     62.4     3.87577     2.74239
46     20     23     319.04     2.85505     4.56748
47     44     29     332.36     4.62177     4.04431
48     40     24     1011.88     4.14292     4.74189
49     46     21     729.52     2.26479     2.8853
50     13     35     1048.96     3.62786     4.63561
51     16     30     48.04     3.56954     4.4676
52     30     17     168.84     3.49872     2.53693
53     16     17     443.2     4.97661     2.67762
54     34     16     931.12     4.48697     3.91949
55     45     29     813.96     2.13256     4.66666
56     36     26     847.68     4.23969     4.92851
57     46     26     782.92     1.60671     3.24244
58     28     24     871.72     4.88047     3.67977
59     20     34     436.52     3.29492     4.57534
60     45     18     130.44     1.75678     4.37101
61     11     17     1068.32     2.51186     3.71502
62     37     19     239.92     2.37652     4.2056
63     21     21     693.84     4.77013     2.92138
64     24     33     889.08     2.03001     3.12876
65     31     31     778.6     4.24685     2.80625
66     13     17     781.96     3.60115     3.87684
67     18     28     466.56     2.93847     3.78918
68     39     35     733.2     4.56548     4.83802
69     43     29     993.52     4.00224     2.86447
70     30     22     361.08     3.67528     3.22665
71     28     19     529.96     3.7852     3.18178
72     44     35     994.52     2.83316     3.56944
73     33     18     834     3.54166     3.93826
74     40     33     766.24     4.15232     4.00418
75     27     28     486.24     2.33689     3.08382
76     46     33     761.56     2.20455     2.89109
77     25     24     142.48     2.63961     2.83891
78     29     31     306.68     2.95599     3.23672
79     26     33     207.56     4.10041     3.024
80     39     16     167.16     2.89009     4.93042
81     28     19     572.68     3.01912     4.70298
82     21     18     544.32     1.81777     4.79255
83     24     25     782.28     4.49904     4.13732
84     41     20     585.68     3.87631     4.43678
85     19     32     990.88     1.7884     4.55458
86     18     19     317.04     3.21395     3.44302
87     46     35     56.68     3.31062     3.22771
88     43     15     566.32     3.36381     2.84433
89     39     22     519.6     2.37951     3.86807
90     44     24     150.8     3.80367     3.92552
91     30     26     30     1.60511     4.33058
92     31     23     522.28     2.70455     4.83444
93     18     17     103.44     4.48473     4.63065
94     44     30     951.8     1.86595     2.50565
95     33     25     876.72     2.18201     2.7752
96     46     33     88.72     3.33924     4.89753
97     27     33     80.4     4.49477     3.40449
98     44     29     951.8     4.73777     3.53999
99     32     22     726.2     3.0078     4.24757
100     33     32     866.04     3.7351     3.89668
101     45     26     1038.24     2.93602     2.88957
102     44     27     204.2     4.7508     3.53824
103     43     26     75.04     4.65328     3.85228
104     25     20     67.72     3.32301     3.12906
105     24     17     237.6     4.90857     3.48605
106     30     20     1076.64     4.16952     2.72591
107     21     21     950.16     3.73125     2.67556
108     39     22     658.44     2.93548     3.38931
109     38     24     48.68     3.02243     4.85687
110     26     25     1029.92     1.62882     4.1071
111     36     21     1082.64     3.83433     4.34767
112     20     20     810.32     1.74364     4.03134
113     38     17     112.76     2.33668     4.99001
114     18     20     765.6     3.07082     2.5264
115     36     17     570     1.97169     4.10504
116     25     15     900.76     4.69536     4.53124
117     27     31     838.68     3.29556     4.26115
118     46     19     270.28     4.68287     3.73203
119     20     23     479.24     3.00737     2.85325
120     46     33     526.6     1.95183     3.54961
121     37     17     421.48     2.16674     4.49629
122     40     27     477.88     3.83486     3.43768
123     30     35     649.44     2.5972     3.72936
124     30     26     499.92     4.32611     2.99432
125     37     28     165.16     1.97864     3.03407
126     24     25     921.12     3.01698     3.88569
127     27     21     774.6     1.62647     3.66428
128     9     23     169.2     1.71972     4.58266
129     44     16     513.92     2.45813     4.28846
130     16     21     357.76     3.27708     2.90902
131     27     31     315.36     3.14762     4.9453
132     16     17     678.16     2.06088     3.90385
133     12     17     834.36     3.96742     3.81077
134     8     29     734.24     4.65777     2.99409
135     40     16     339.04     2.31745     4.2787
136     11     31     43.04     3.74162     4.48202
137     21     23     565.68     4.44232     4.8529
138     33     35     203.88     3.13459     2.84303
139     27     28     123.12     4.33486     4.35232
140     29     35     595.04     3.05501     4.33798
141     40     20     61.36     3.32899     4.92912
142     45     33     867.36     1.55309     3.93628
143     28     35     508.6     3.87802     2.89789
144     29     29     125.12     1.63352     2.55242
145     14     25     398.48     2.02222     4.87907
146     12     27     193.56     3.06644     4.59517
147     13     27     55.72     3.04241     4.25352
148     30     25     446.52     3.38549     3.32812
149     24     34     600.72     4.30239     2.93016
150     24     29     547.32     4.57306     4.04431
151     23     22     888.08     4.77783     3.42624
152     47     35     463.52     4.43345     2.55203
153     8     35     798.32     2.77313     3.7598
154     17     28     775.28     4.15371     3.97412
155     19     33     125.8     2.82589     2.65465
156     42     30     661.44     4.05116     4.35873
157     29     24     723.2     3.79876     2.55821
158     25     25     612.4     1.5094     2.60346
159     33     15     534.96     3.15819     2.97136
160     9     20     350.76     1.60126     2.69181
161     26     25     794.96     3.44189     4.09093
162     16     33     112.12     1.89895     3.74187
163     27     19     283.32     3.41284     3.2651
164     11     15     982.88     3.97287     2.86737
165     31     32     885.4     1.90088     4.26084
166     8     26     830.36     2.57605     3.35223
167     33     29     684.48     3.83262     4.34385
168     34     32     290.32     1.51859     3.13593
169     14     32     718.88     3.94745     4.17135
170     9     21     874.08     3.72709     3.61324
171     22     20     278.32     4.20241     2.99692
172     23     18     706.52     3.49306     3.745
173     30     27     286.32     1.8637     4.18836
174     21     22     426.84     1.90857     4.4821
175     41     33     874.04     4.28637     3.55754
176     36     24     869.04     3.48921     3.50169
177     10     19     789.64     3.88037     3.0031
178     44     35     396.44     4.48462     2.75643
179     28     26     305.68     4.26576     4.46547
180     16     23     421.84     4.37652     3.83534
181     18     26     434.52     3.11376     4.19446
182     15     19     698.52     2.0643     3.63765
183     31     17     832     1.67635     4.8294
184     21     28     458.88     4.73841     2.85951
185     15     24     303.36     2.50331     2.79145
186     24     16     931.8     3.93986     4.7927
187     28     28     572.68     2.34597     3.48926
188     44     16     343.04     2.80944     4.43533
189     27     17     37.68     4.74952     4.33592
190     39     27     113.76     3.52297     2.91673
191     12     26     86.76     3.33177     3.07932
192     46     16     708.16     3.91348     4.73304
193     21     29     886.08     2.25069     3.94475
194     46     21     120.76     3.28317     2.79611
195     40     34     168.16     3.85804     4.08994
196     44     18     620.72     3.40034     3.79521
197     16     20     283     2.04123     2.87255
198     37     16     378.76     4.68543     3.87028
199     40     25     958.48     2.25336     3.93063
200     38     16     849.68     4.58385     4.59891
201     12     35     727.56     1.7288     2.57431
202     14     18     120.8     1.62679     4.29449
203     22     25     118.12     3.38859     3.49216
204     23     30     653.12     1.67913     4.61821
205     10     21     362.44     3.93153     3.76759
206     17     25     775.28     1.87492     2.50221
207     43     27     747.88     1.61376     3.70952
208     47     33     848     4.74044     4.88685
209     12     22     300.36     2.71587     2.99493
210     8     15     210.92     3.00481     3.7682
211     47     35     79.04     2.19633     4.62386
212     31     24     500.92     1.59795     4.06064
213     25     31     334.72     1.53418     4.18691
214     11     23     1004.24     3.33657     4.26992
215     20     27     1055.96     4.25796     4.44548
216     47     27     281.96     3.7963     4.97986
217     20     21     351.08     3.16204     2.72408
218     19     22     1076.32     2.373     2.65099
219     27     25     806.64     4.71203     3.61591
220     42     34     148.8     1.53076     3.73196
221     37     29     175.84     3.13544     4.49988
222     10     16     255.64     4.73713     4.08338
223     28     21     935.8     2.20188     3.87097
224     47     35     954.8     2.58609     3.71403
225     29     29     691.16     4.18917     4.98276
226     9     25     414.84     3.10927     4.32981
227     17     35     828.68     4.53781     4.80255
228     17     30     273.32     4.77334     4.69497
229     46     32     932.44     2.69312     3.27891
230     8     18     712.88     3.16535     3.80619
231     43     24     384.76     4.63437     2.92169
232     15     24     356.76     3.3668     4.37849
233     47     29     1061.6     3.09101     3.6948
234     32     17     480.56     3.01335     4.14449
235     35     24     1092.32     1.94809     3.22092
236     44     28     919.76     2.04305     4.96529
237     11     32     502.28     4.337     4.79949
238     35     15     889.4     4.13192     4.75478
239     41     19     211.88     2.9153     3.23649
240     31     24     693.16     2.81692     4.71564
241     18     24     861.72     3.83348     3.48727
242     25     34     729.88     4.80677     4.38818
243     47     33     933.44     3.88902     4.61142
244     11     30     384.8     2.97971     4.51178
245     29     15     477.56     4.86862     4.04027
246     44     29     140.12     4.06922     2.69883
247     14     19     740.24     2.07691     4.65728
248     23     34     984.2     2.53674     4.42076
249     22     24     331.72     3.05394     4.69054
250     28     20     497.92     2.13288     4.30708
251     38     33     294.32     2.97864     2.91742
252     37     21     848.68     4.64473     2.75651
253     45     29     183.84     4.26159     4.18294
254     18     16     359.76     4.33177     2.86119
255     26     35     720.2     3.32333     2.72904
256     30     17     852.36     2.04881     2.64252
257     34     16     514.6     4.06195     3.33766
258     8     22     809     4.05715     2.60048
259     8     20     296.36     2.00694     2.78573
260     12     22     599.4     2.02115     3.57456
261     40     30     969.16     2.16118     4.11252
262     31     22     223.24     4.19568     4.91768
263     44     30     791.6     4.03023     3.69999
264     22     32     1068.64     2.29737     2.98265
265     32     34     651.44     2.83882     3.66535
266     23     35     471.56     3.56655     4.92103
267     13     21     1016.92     3.4357     4.56595
268     14     34     1049.96     2.01442     2.79412
269     33     31     406.8     4.88485     3.41693
270     17     35     508.28     4.35911     2.9973
271     29     21     584.36     4.74535     4.52147
272     29     33     338.72     2.14826     3.4959
273     22     35     769.6     2.03771     3.11304
274     31     34     319.36     2.07018     3.87417
275     13     25     472.24     2.39842     4.31089
276     36     22     132.12     2.45129     3.19666
277     39     18     936.12     4.4216     4.88731
278     9     24     222.6     3.442     3.18232
279     21     27     181.2     2.18831     2.84768
280     20     31     543.32     1.88966     4.19011
281     13     20     344.08     3.98376     4.82353
282     33     33     545.64     2.39917     4.0186
283     31     21     255.28     4.20081     3.77667
284     45     22     878.04     2.58086     4.51674
285     9     20     703.2     2.93239     4.51796
286     39     32     348.72     4.98643     3.50795
287     12     16     813     3.25069     4.5365
288     26     22     517.28     3.23136     4.52651
289     44     20     343.04     3.67379     2.64237
290     37     23     528.28     1.80613     4.36621
291     28     33     81.4     3.32012     2.9223
292     35     19     942.8     3.07392     3.44173
293     24     23     547.32     2.25016     4.00624
294     35     35     45.68     3.45599     3.9626
295     41     24     254.6     3.99573     3.64834
296     17     23     145.16     2.30506     3.41914
297     13     21     55.72     2.77676     3.61888
298     43     16     395.44     2.46582     3.38198
299     44     15     962.48     4.4059     4.91005
300     44     18     225.56     2.52286     3.61263
