1     16     20     163.395     4.1802     4.60547
2     43     26     359.36     3.35206     3.4518
3     37     22     65.76     4.89137     4.93919
4     32     33     190.18     2.86328     4.21758
5     24     31     300.815     2.71075     4.18561
6     11     22     194.345     4.06217     2.64283
7     21     29     164.8     2.93292     2.88469
8     18     35     323.575     3.80506     3.13005
9     21     31     254.675     2.31927     3.923
10     17     22     354.93     2.56313     3.89798
11     30     22     119.875     1.69088     3.05101
12     15     33     277.435     2.35826     3.9053
13     41     16     69.76     3.20743     4.71351
14     22     29     252.08     3.38571     2.58698
15     27     18     217.535     2.83358     3.19185
16     47     25     197.99     2.82472     4.90349
17     29     33     39.785     2.49391     4.05934
18     27     24     318.195     2.83668     4.20148
19     36     24     266.08     3.41455     3.44852
20     27     35     167.205     3.25091     2.88827
21     17     34     340.55     1.6521     2.63153
22     41     22     177.61     3.43709     3.41777
23     42     26     365.55     3.31094     2.91261
24     45     26     48.595     2.86637     4.5893
25     24     25     95.9     3.44723     3.33285
26     33     35     144.445     3.85911     3.1592
27     15     33     216.32     2.16054     3.68839
28     13     20     120.85     2.5204     3.26434
29     32     20     107.495     1.87385     2.85981
30     12     23     159.395     2.8637     3.65871
31     34     19     80.735     3.29951     4.95537
32     21     35     294.22     1.62027     2.762
33     29     16     366.93     3.594     3.26533
34     19     32     62.14     3.23841     4.02127
35     14     31     78.71     3.69953     4.53055
36     21     34     215.13     2.06815     4.08437
37     30     20     91.115     3.87364     3.52145
38     15     15     83.305     1.73457     3.78651
39     35     20     308.22     4.90558     2.93138
40     31     33     318.6     1.69878     4.44914
41     21     34     211.535     4.52104     3.58142
42     33     21     151.635     3.50502     4.49103
43     18     27     68.33     2.9734     4.93797
44     43     27     125.685     1.71705     3.85235
45     43     34     229.94     3.82386     3.44272
46     34     19     371.93     1.54102     3.73096
47     13     20     92.09     2.90728     3.65543
48     19     19     216.725     3.63576     4.13114
49     16     16     84.305     3.98697     4.70901
50     42     34     221.75     1.61077     4.22475
51     19     35     90.9     1.59667     4.57686
52     39     15     225.94     2.71245     3.02553
53     14     31     294.41     4.56943     4.65308
54     20     17     124.255     1.69601     2.87507
55     47     19     118.9     2.25465     4.64522
56     32     27     211.75     2.38731     3.24175
57     38     15     181.8     2.92245     2.77894
58     15     33     43.76     2.92982     4.832
59     41     28     94.925     4.35516     3.81634
60     32     20     35.595     4.22089     4.0141
61     25     25     359.335     1.62668     4.88502
62     38     31     293.245     3.03429     2.55478
63     42     32     49.19     4.06986     4.12137
64     40     27     65.165     4.83113     2.66778
65     23     26     217.13     1.92982     4.62561
66     41     17     69.76     3.75774     4.87533
67     36     23     57.57     1.70669     3.7289
68     32     27     233.32     3.33123     3.68152
69     10     26     301.195     4.18415     2.57416
70     40     25     190.99     4.31254     3.55945
71     46     28     200.585     2.14655     3.50795
72     25     25     172.395     1.76682     2.74934
73     26     24     320.79     4.78359     2.78588
74     13     28     149.61     1.81211     4.87053
75     19     15     26.19     4.78124     3.59012
76     45     21     88.14     2.05405     3.34422
77     42     30     74.355     3.60179     4.35949
78     10     34     175.37     2.20925     3.63117
79     43     28     287.46     3.95044     4.93217
80     28     26     168.205     2.91615     3.27952
81     17     23     67.33     4.4295     3.00035
82     46     29     401.905     3.23264     4.78645
83     23     28     156.015     3.38015     3.37848
84     40     27     144.255     3.82194     3.77201
85     8     24     83.495     4.91188     2.58278
86     12     28     55.14     1.82514     4.96559
87     41     31     360.955     2.6191     3.72394
88     25     26     269.46     1.92245     3.50436
89     18     28     366.715     3.9859     4.21247
90     35     23     117.685     1.58065     4.04508
91     24     26     31.19     4.47725     3.7759
92     40     31     216.155     2.9891     2.68746
93     38     16     390.31     2.31831     2.78909
94     29     35     374.12     2.68233     4.21102
95     47     33     399.31     4.96219     3.41685
96     15     17     50.95     4.35099     4.62333
97     30     35     62.355     2.74268     3.56883
98     43     27     283.865     2.33946     4.02158
99     14     15     341.145     4.21769     3.66718
100     31     23     81.33     2.33198     4.76676
101     42     27     59.975     3.69707     3.72662
102     46     16     214.965     2.22527     4.96941
103     39     23     154.04     3.46059     3.24725
104     16     26     51.95     3.18896     4.78881
105     28     29     315.6     3.1615     3.91911
106     15     32     201.94     1.91423     3.04415
107     33     33     352.955     1.91871     2.64023
108     43     27     395.31     2.54871     4.13869
109     21     24     78.52     2.59571     4.84672
110     39     18     186.395     2.8198     2.79534
111     31     31     239.51     4.26789     3.15462
112     26     21     205.75     3.34555     4.10642
113     22     20     190.965     3.8762     3.81626
114     15     24     183.965     1.63181     3.89431
115     8     26     79.9     3.56964     3.48643
116     13     21     336.55     2.25903     4.38551
117     15     26     72.52     2.73403     3.8036
118     32     34     377.12     4.75411     2.69692
119     16     23     361.12     2.70893     3.78185
120     14     28     197.345     4.15157     4.635
121     18     31     269.65     3.19227     2.5161
122     11     28     237.485     4.2414     3.80634
123     37     31     209.56     4.33145     4.69993
124     13     27     185.56     1.50502     3.54244
125     24     30     70.735     4.00342     3.95505
126     33     30     158.825     2.73777     4.13518
127     17     31     358.525     4.28092     3.97465
128     12     29     22.785     2.85975     2.88614
129     18     31     330.765     2.58695     4.97803
130     35     33     42.19     3.41359     4.46806
131     22     24     97.495     2.53685     2.978
132     27     20     174.395     1.75037     4.09795
133     8     17     40.355     2.4671     4.36163
134     41     31     256.7     3.4028     3.5242
135     20     22     203.345     3.65242     3.28196
136     36     16     269.675     1.64484     4.82513
137     43     24     82.545     3.20978     4.36399
138     46     26     74.76     4.74097     4.52002
139     20     19     149.42     3.19088     3.2213
140     23     28     134.445     2.38079     2.99348
141     30     29     367.93     4.36061     4.78706
142     10     23     17.19     4.30261     4.23139
143     15     21     273.84     2.16417     4.45593
144     37     33     310.22     4.10361     3.3697
145     32     32     71.545     2.38186     4.5394
146     29     34     165.61     4.7382     4.55626
147     39     19     380.525     3.96999     3.53343
148     32     35     172.205     4.20359     4.12381
149     11     24     277.03     1.59069     3.19834
150     42     24     157.04     4.41263     4.07712
151     19     22     198.75     4.32888     3.45164
152     17     30     99.685     4.75422     3.39137
153     16     29     292.815     4.09613     2.57279
154     40     35     72.355     4.8417     4.62363
155     46     30     78.355     2.2226     2.72111
156     32     31     204.56     2.4483     3.33659
157     23     21     44.57     3.23659     3.26556
158     26     27     101.495     4.13021     2.83494
159     16     21     102.28     3.83091     4.42755
160     22     23     295.22     3.03696     4.21438
161     10     25     182.56     1.51752     3.73585
162     15     18     316.98     4.40953     4.22239
163     27     20     170.8     1.96924     2.79427
164     29     24     255.485     4.26608     3.4328
165     10     15     128.635     4.04903     4.36186
166     33     32     212.75     1.77462     4.73167
167     22     35     198.155     4.5266     4.74502
168     29     31     72.14     3.31414     4.61608
169     40     27     309.625     4.98302     4.00319
170     26     19     248.89     4.22207     4.80575
171     20     28     357.93     3.40226     3.96596
172     15     23     148.015     4.23008     4.16646
173     12     24     69.52     1.95076     4.06346
174     41     35     278.27     4.08705     3.44699
175     29     26     381.31     2.94414     4.96872
176     14     21     147.015     4.3699     2.82716
177     40     27     176.61     3.50107     2.55264
178     24     19     41.975     2.9812     4.78004
179     34     22     105.9     2.8856     4.65232
180     32     35     380.715     1.83518     4.74479
181     12     31     245.675     1.53642     3.14982
182     8     21     270.435     1.73019     4.61386
183     44     35     191.395     2.28349     3.86616
184     40     24     187.395     2.90996     4.03142
185     27     30     271.46     3.2523     4.26534
186     43     31     258.7     4.31104     4.50476
187     45     29     181.61     3.45546     3.97244
188     23     20     220.725     4.9985     3.82786
189     36     24     370.335     3.57263     3.1035
190     8     23     212.915     4.28925     3.31828
191     44     17     51.19     1.9169     3.40831
192     21     26     74.925     4.06238     2.86554
193     24     19     239.7     3.08908     4.72526
194     25     16     305.41     2.7571     3.79254
195     12     25     87.495     4.31948     4.24886
196     35     25     239.915     2.05853     4.52933
197     34     31     292.84     4.99754     3.61019
198     23     24     368.12     1.77056     4.09963
199     45     22     235.535     4.38795     3.76919
200     27     19     116.875     3.87663     3.4196
201     41     21     310.625     1.53568     2.71958
202     43     20     262.295     4.78722     4.40916
203     25     33     193.965     4.35762     3.50711
204     45     24     138.47     3.77612     4.41549
205     22     30     183.775     2.42128     2.5586
206     29     35     46.975     3.10297     3.44997
207     31     23     63.355     4.91241     3.32568
208     11     35     201.535     3.32429     4.23666
209     12     17     227.7     3.78851     2.73888
210     40     23     68.76     4.29075     2.5734
211     42     28     340.385     2.12145     2.97571
212     13     30     120.85     4.83358     3.00615
213     34     26     303.625     2.62615     3.54083
214     28     32     340.765     4.63694     4.81498
215     42     18     297.245     1.8777     3.65818
216     13     15     239.485     4.79887     3.31286
217     34     19     149.04     4.21534     4.9765
218     34     32     310.815     3.57926     3.95741
219     24     15     74.33     2.83444     4.58663
220     35     21     218.345     4.8354     4.27404
221     45     21     206.775     1.56612     3.3517
222     26     16     227.32     4.14463     3.59302
223     13     19     314.98     3.84352     4.54985
224     40     28     61.57     1.61557     3.09763
225     35     24     229.13     3.85612     2.82891
226     47     31     176.42     2.88592     3.68618
227     19     22     360.525     4.39212     3.47453
228     30     21     216.94     4.80773     4.1451
229     38     18     63.165     1.86702     4.48958
230     17     19     301.005     4.32034     4.63591
231     10     22     265.245     1.54091     3.98724
232     14     33     298.005     2.51175     2.99348
233     23     35     213.535     3.42277     2.89613
234     32     23     308.815     3.86605     3.83801
235     35     23     63.76     4.36157     2.97746
236     16     35     105.875     3.69868     2.99829
237     38     31     379.525     2.32653     2.65549
238     23     16     30.19     2.28018     4.7483
239     15     35     187.56     2.87342     3.15989
240     29     16     57.76     3.64644     4.35591
241     13     23     304.195     3.29887     4.98085
242     37     32     245.51     2.59645     3.44432
243     47     23     384.93     3.48206     4.63675
244     31     20     228.725     1.87823     3.16584
245     13     22     289.815     4.91444     4.2542
246     13     17     160.395     3.56217     2.68822
247     21     29     322.98     4.91604     3.96054
248     46     34     81.95     2.6003     2.99356
249     47     31     262.7     3.53995     4.58907
250     46     24     200.585     3.57616     3.48949
251     32     34     193.775     2.16449     3.19643
252     36     31     172.61     4.63854     3.933
253     27     29     228.32     4.27195     3.89294
254     10     27     13.595     4.62604     4.16684
255     11     18     32.57     4.4154     3.98495
256     25     27     25     1.87642     4.16852
257     19     29     274.245     3.87353     2.92985
258     43     34     46.595     2.22581     4.41122
259     15     15     223.51     3.99188     4.10405
260     39     18     348.17     4.69312     4.03813
261     16     15     23.19     1.71245     4.38261
262     32     31     125.47     3.35345     4.3482
263     19     31     87.305     4.79064     4.03203
264     14     25     49.95     1.89949     2.59545
265     42     31     340.385     3.69878     4.41549
266     35     29     178.8     2.38827     3.60027
267     42     32     214.56     1.71886     3.51001
268     39     26     301.435     3.17742     4.1728
269     35     21     164.42     1.72143     4.23688
270     13     32     178.37     2.54817     2.84959
271     27     30     52.165     2.13224     3.10396
272     12     31     209.725     4.51592     4.94278
273     12     16     159.395     2.08684     4.16135
274     39     35     269.08     2.32792     2.90048
275     9     26     120.445     1.77206     3.268
276     30     22     177.395     2.64922     4.48164
277     13     19     368.905     4.95589     2.67258
278     10     33     63.925     2.93559     3.74157
279     44     16     54.785     2.70305     3.40602
280     44     18     51.19     2.49413     4.83139
281     40     30     334.79     4.78103     2.98585
282     23     26     378.905     1.73115     3.60881
283     14     19     143.42     3.25027     3.43478
284     26     34     381.905     3.5878     4.56244
285     38     20     153.04     4.74461     4.61005
286     39     22     344.575     3.16311     3.04758
287     30     15     321.195     1.93719     2.84631
288     15     29     61.735     4.02467     2.83578
289     24     16     92.305     3.19579     4.91073
290     11     21     28.975     1.70626     3.97549
291     23     26     134.445     4.92352     4.77027
292     44     20     349.575     4.39436     3.46606
293     22     34     313.195     4.58855     3.17217
294     28     32     35.19     3.29983     3.74447
295     41     24     263.89     1.94136     2.53639
296     11     17     330.955     4.7194     3.9835
297     34     27     84.33     2.41839     4.66056
298     11     26     366.905     4.78359     4.2037
299     45     17     400.905     1.73414     3.73737
300     20     16     120.66     4.89212     4.69665
