1     13     3     214.63     4.57103     3.60134
2     17     15     156.59     2.8056     3.12952
3     29     5     235.8     2.32643     4.94377
4     29     14     264.235     3.21459     2.53304
5     16     3     142.665     4.16417     2.92573
6     35     4     102.21     1.85313     3.34872
7     18     7     118.815     4.78744     4.37582
8     32     3     143.155     4.84907     3.70617
9     32     4     259.48     2.03632     3.46362
10     13     9     235.31     4.62882     2.65587
11     47     10     297.745     2.25999     2.68708
12     40     13     277.82     2.13555     2.56142
13     46     3     87.36     3.37791     4.17081
14     25     9     123.23     3.23339     4.30509
15     31     2     266.235     4.62732     3.77758
16     22     6     73.7     3.29823     2.80473
17     42     1     284.99     4.49925     3.03186
18     47     6     233.12     1.99786     2.84448
19     42     14     207.44     4.36135     3.8567
20     11     5     116.985     2.75871     2.71699
21     21     12     150.25     3.76832     3.62194
22     17     13     200.535     3.91989     3.17858
23     8     11     142.42     4.96048     3.00607
24     8     3     214.8     2.57498     4.21697
25     33     12     105.38     2.04839     4.16959
26     16     11     163.345     4.10158     4.63103
27     44     9     191.345     3.88699     4.24177
28     39     12     165.665     2.3778     4.42358
29     39     15     132.06     3.13512     4.11916
30     29     7     243.555     4.18703     2.50656
31     29     2     122.06     3.50449     2.57706
32     8     3     263.915     3.30902     4.71847
33     30     5     161.835     3.69451     3.1933
34     40     14     267.48     2.29983     4.65423
35     29     4     191.855     4.51559     4.08467
36     28     2     149.495     4.95845     4.80834
37     10     4     28.095     4.19985     2.95549
38     35     14     55.68     3.98077     3.02927
39     14     1     143.25     2.89895     4.95949
40     12     6     242.065     2.30186     4.2877
41     33     11     164.835     2.3699     3.37268
42     47     5     212.44     1.62487     2.75597
43     39     15     276.82     4.34768     3.08077
44     17     15     138.495     3.63822     4.20133
45     46     10     149.4     4.10596     4.37735
46     12     1     102.475     2.91935     3.69022
47     18     7     67.115     3.7054     4.57518
48     37     15     78.36     3.02724     3.6066
49     18     15     25.755     2.92918     4.93042
50     28     3     190.855     3.28082     4.48157
51     41     13     108.21     2.90547     2.87858
52     24     9     65.36     1.72666     3.63605
53     13     11     232.725     4.91861     4.5838
54     40     1     122.72     3.79278     4.13602
55     27     15     218.29     4.40696     2.79931
56     27     15     86.455     1.63031     4.05995
57     25     3     136.155     4.64837     2.54242
58     33     8     84.7     4.64335     3.57883
59     34     7     196.855     4.63331     4.57999
60     15     2     177.855     2.20498     4.84893
61     21     14     261.405     3.12519     4.22742
62     31     3     165.42     2.06259     4.71648
63     23     4     191.025     4.90889     2.96022
64     46     9     172.665     4.42854     2.73583
65     29     3     207.365     4.72581     2.83784
66     20     9     43.265     2.76009     4.49934
67     19     6     251.65     4.89714     3.73959
68     47     7     207.27     4.22655     2.77932
69     16     13     119.4     3.63459     3.4138
70     9     10     58.115     3.36264     3.98427
71     31     6     54.265     3.03792     2.83929
72     29     6     106.55     3.41081     4.92546
73     15     13     183.025     1.78114     4.39879
74     30     14     231.63     4.85099     4.89731
75     36     5     253.14     3.98505     2.86538
76     40     11     158.91     3.11621     3.07024
77     12     1     190.365     2.27783     4.20179
78     37     12     279.99     2.49829     3.69556
79     19     15     24.17     1.54337     4.67093
80     33     10     226.875     4.23841     4.1229
81     23     7     170.345     2.85665     2.76032
82     15     11     263.16     3.8072     3.13036
83     44     6     157.74     3.60681     3.9185
84     42     14     160.91     4.37118     4.5674
85     10     10     139.25     3.30773     3.10297
86     36     6     235.045     4.44713     3.8094
87     18     4     144.665     4.59581     2.64267
88     26     6     131.985     1.74407     4.52567
89     13     7     131.91     2.41583     2.91116
90     14     2     32.095     2.69216     3.25915
91     37     4     75.775     3.39425     3.31301
92     28     2     40.925     2.66001     4.31967
93     9     11     37.435     1.89885     3.58257
94     14     5     39.85     3.35836     4.98795
95     22     5     34.925     3.78787     2.89552
96     40     14     262.31     4.4326     3.5342
97     24     1     109.305     3.34448     4.29273
98     13     6     108.645     4.24129     2.54753
99     13     8     152.59     4.40088     4.41633
100     32     5     259.48     2.82354     2.57912
101     11     7     225.555     1.64794     3.55846
102     19     11     176.685     3.5533     3.59661
103     37     6     104.21     2.63405     3.52321
104     35     5     210.78     2.98056     4.25222
105     26     3     250.895     2.9499     3.29966
106     26     10     214.705     3.86146     3.96245
107     45     15     300.915     2.10201     2.54875
108     20     11     138.91     2.37439     2.80107
109     22     14     99.55     4.07338     2.902
110     42     9     264.31     2.02467     4.20392
111     8     10     207.045     2.57082     4.57266
112     27     15     47.68     1.73649     2.98639
113     41     5     139.23     3.46155     3.27967
114     22     12     270.16     3.6317     3.67382
115     45     13     125.135     3.89521     4.98405
116     41     13     255.555     1.9968     4.1438
117     27     12     249.31     1.61525     3.43745
118     13     4     38.85     2.43773     4.58144
119     15     13     20.17     2.95642     3.04407
120     31     14     103.38     4.72089     4.24673
121     46     13     183.005     1.53055     4.53375
122     9     5     140.835     1.80293     3.55487
123     13     12     214.63     4.59966     3.44867
124     47     13     90.945     2.04732     3.9687
125     34     10     39.17     2.13598     3.94238
126     10     1     128.91     4.62914     3.20383
127     41     11     185.76     4.57114     2.89071
128     16     9     18.585     1.62583     3.2461
129     17     9     179.855     2.23029     4.31585
130     42     9     49.755     3.2978     3.68191
131     13     9     160.345     3.95631     4.12259
132     37     13     145.57     2.55416     2.84036
133     35     12     164.25     4.41968     2.64725
134     34     14     204.61     4.60756     4.24909
135     40     15     135.645     2.61686     2.51892
136     30     9     156.665     2.81564     3.40075
137     42     8     44.585     1.55554     4.33325
138     43     6     136.06     2.21107     4.83436
139     28     7     38.34     3.12828     2.63871
140     13     15     95.72     3.21726     4.52666
141     22     14     86.625     1.67208     4.73594
142     45     4     156.155     1.55341     2.59804
143     42     13     60.095     4.21747     4.7882
144     41     7     255.555     4.32632     3.83
145     24     10     44.68     3.92331     3.24602
146     34     1     114.135     2.80902     3.49467
147     19     11     55.19     4.70028     4.08307
148     13     14     206.875     3.40857     3.49811
149     26     11     36.34     2.52104     4.84512
150     27     13     249.31     4.81938     3.83496
151     32     11     73.36     3.91882     4.51117
152     41     2     180.59     1.86541     4.35606
153     12     15     112.815     4.67229     4.16776
154     40     4     102.04     2.03012     4.34866
155     10     10     72.04     2.17902     2.99486
156     22     6     109.89     2.17186     4.92897
157     40     12     86.53     3.01634     4.56481
158     27     13     200.195     2.4294     4.24696
159     34     13     70.19     4.68853     3.45355
160     21     11     191.61     4.81318     3.00455
161     23     6     113.475     4.06302     4.66498
162     37     7     150.74     3.48462     2.78497
163     17     8     50.605     4.49338     3.36634
164     8     15     13.17     1.72303     4.69604
165     24     2     155.835     4.12946     4.93812
166     39     1     88.115     3.08     3.32438
167     40     9     143.4     3.91615     2.83425
168     47     6     230.535     4.721     3.50406
169     14     7     19.17     3.77804     4.25726
170     25     5     260.235     3.4545     4.89578
171     40     2     161.495     4.49338     3.64307
172     34     15     266.65     3.94958     4.37971
173     34     12     251.14     4.75379     3.96123
174     13     15     69.87     4.63907     3.76087
175     33     2     250.14     3.91295     3.32537
176     13     1     41.435     3.31222     2.78642
177     36     2     74.775     3.42181     4.41733
178     19     14     122.4     4.89393     4.97581
179     46     7     203.685     3.45161     4.22353
180     22     3     27.17     3.41081     3.76316
181     22     10     161.59     1.70466     4.08353
182     22     9     161.59     4.64644     3.95283
183     31     6     204.195     4.91241     2.55181
184     23     1     222.045     1.98248     3.48643
185     32     8     285.33     4.02051     3.5712
186     37     14     225.705     3.42854     3.02332
187     36     2     219.535     4.06227     4.95933
188     34     3     96.04     4.83828     3.333
189     19     7     212.875     3.7194     4.70748
190     9     6     117.57     3.81404     3.00012
191     16     11     109.06     1.56954     2.59194
192     15     13     193.365     1.79908     3.94223
193     33     2     56.265     4.52222     4.59792
194     21     12     114.06     4.85623     4.73983
195     10     11     139.25     3.44147     2.65534
196     23     5     245.31     2.1348     4.27877
197     42     7     225.535     3.45695     4.68871
198     8     6     88.135     2.52542     3.20551
199     13     1     87.965     3.96155     4.97719
200     12     10     221.385     3.50096     3.19483
201     40     1     246.8     1.79695     4.82955
202     28     5     131.4     4.14655     4.02944
203     40     15     259.725     3.62711     3.5696
204     13     14     28.51     2.87599     3.493
205     44     10     168.08     1.99808     4.83581
206     17     2     190.195     4.33625     2.57508
207     38     11     203.44     2.58705     3.19193
208     21     15     253.65     3.99925     3.48857
209     29     6     114.305     4.63662     3.55136
210     34     10     137.4     2.94093     2.99989
211     22     5     249.48     4.57904     3.41304
212     36     9     242.8     3.80837     3.57173
213     46     3     175.25     1.84587     2.9107
214     45     2     99.285     1.97383     4.81788
215     26     9     26     3.36702     2.6738
216     43     4     43     3.37674     2.77078
217     40     3     143.4     2.25497     4.50179
218     22     14     151.25     2.55277     4.46188
219     11     11     230.725     4.17891     4.84993
220     35     6     259.895     4.85099     2.81381
221     27     9     192.44     3.42502     3.62835
222     44     8     286.99     1.83753     4.34614
223     35     3     47.925     3.14409     3.3137
224     22     7     140.91     4.88838     4.69207
225     33     15     105.38     2.78755     3.37245
226     41     13     211.61     3.96742     4.429
227     25     9     30.17     1.7304     4.99748
228     44     7     54.34     2.09432     2.72134
229     10     2     77.21     1.58171     3.65688
230     38     11     224.12     2.9985     3.77522
231     39     6     101.04     3.68276     4.45532
232     30     6     45.51     4.46059     3.60591
233     39     10     51.925     1.79192     2.80786
234     28     3     175.345     4.34181     4.61837
235     38     5     175.005     4.95909     2.92611
236     21     3     263.99     1.80122     2.99951
237     10     2     61.7     3.08481     4.1174
238     19     7     145.665     4.19985     3.92361
239     15     9     263.16     4.66941     4.89578
240     34     11     114.135     4.69195     4.56923
241     27     2     68.36     3.24749     4.90593
242     21     15     232.97     4.00491     4.94995
243     27     13     254.48     2.01207     4.65957
244     15     13     152.005     2.9059     4.05667
245     44     2     255.97     2.12444     3.08435
246     34     5     168.42     3.85633     3.81283
247     11     13     47.19     3.71224     2.88507
248     12     11     120.57     4.35281     3.34178
249     29     1     282.33     2.05533     3.71738
250     13     11     147.42     2.95759     3.54686
251     40     5     52.925     3.45877     3.17431
252     34     7     186.515     4.01495     4.5043
253     16     15     41.85     4.81275     3.08519
254     37     6     140.4     3.5548     3.16774
255     10     3     190.95     3.34159     3.62651
256     10     2     229.725     1.88549     3.88668
257     13     4     90.55     1.53877     2.74636
258     35     7     267.65     4.37278     4.23551
259     36     15     260.895     3.79011     3.40037
260     21     12     201.95     3.40622     3.6568
261     22     9     40.095     4.68383     3.6005
262     34     13     114.135     4.55394     4.91623
263     46     7     64.095     4.00951     4.27656
264     29     4     184.1     2.40419     3.37001
265     35     4     133.23     2.94275     4.95018
266     33     9     89.87     4.09485     4.04523
267     8     9     263.915     2.41903     4.72053
268     26     5     129.4     2.53001     4.03203
269     21     15     232.97     3.69355     3.56388
270     9     13     83.965     4.28434     2.68914
271     21     11     163.175     4.08962     3.94459
272     45     4     207.855     3.69483     4.66117
273     14     6     39.85     1.9341     2.73873
274     37     4     292.915     4.64046     3.20856
275     29     15     29     3.68062     3.47087
276     31     6     116.305     2.50822     3.85083
277     47     8     57.34     1.71982     3.86235
278     12     14     89.55     3.34832     3.32064
279     8     1     20.925     3.37791     3.69327
280     25     1     213.705     3.21534     3.83229
281     32     6     269.82     2.60147     2.97578
282     24     15     145.495     4.69782     2.66121
283     25     11     249.895     2.83134     2.94053
284     13     8     191.365     4.13469     4.53703
285     18     12     123.985     3.56238     4.83581
286     34     15     168.42     2.02029     4.34797
287     31     8     129.23     3.09197     4.03836
288     43     13     182.59     1.59539     2.659
289     31     13     199.025     3.45567     4.47768
290     34     5     233.045     2.62711     4.04202
291     12     7     260.16     3.54988     3.37199
292     28     8     190.855     4.37513     3.21772
293     31     11     217.12     4.94264     3.77728
294     34     1     101.21     3.74632     4.01143
295     42     10     186.76     2.3714     4.94873
296     41     10     211.61     2.63672     3.62011
297     44     3     186.175     4.42918     3.01408
298     35     6     272.82     3.46059     4.69291
299     24     11     241.14     3.93677     4.46051
300     44     7     196.515     3.36702     2.72324
