1     10     20     267.247     2.13779     2.95381
2     16     34     163.78     2.54315     3.79337
3     37     29     223.093     4.99327     3.86364
4     34     39     285.773     2.8997     4.09047
5     19     33     27.21     4.75689     2.70875
6     31     15     233.513     1.85559     4.75875
7     18     7     119.257     4.3918     2.52434
8     39     35     288.037     3.45172     4.80514
9     10     21     196.093     1.61002     4.16089
10     13     27     283.93     4.62508     2.52152
11     33     19     131.52     4.964     4.30135
12     23     24     74.9967     3.64452     4.90875
13     31     13     159.623     3.12583     3.79192
14     17     1     74.47     3.73371     4.91241
15     27     4     202.147     2.85441     3.78414
16     35     34     95.2067     4.88154     3.97244
17     37     22     86.26     2.64954     4.69008
18     38     16     100.943     4.84021     4.88388
19     9     18     238.88     3.59357     2.95
20     10     7     144.097     2.31083     4.97093
21     18     28     225.987     4.88101     3.11243
22     35     28     152.677     2.31671     4.57328
23     45     15     102.47     1.53493     2.72652
24     40     35     217.883     2.76351     3.34468
25     18     22     130.203     1.81179     2.54746
26     19     10     161.307     4.18735     4.36483
27     39     34     123.837     4.79299     4.5539
28     11     36     11     4.19056     3.56243
29     20     16     282.72     4.66364     2.77772
30     13     24     264.773     4.56452     4.45242
31     24     39     152.623     4.1802     4.44746
32     39     39     170.36     3.10051     3.18377
33     42     14     58.42     2.3244     3.94223
34     19     1     101.1     1.58727     3.90194
35     41     28     49.21     1.64495     4.5603
36     26     24     168.307     1.99722     4.42167
37     29     38     187.727     3.78712     3.09862
38     15     20     83.4167     4.85879     4.71404
39     19     29     254.353     3.70904     4.74578
40     15     5     124.467     2.81713     3.20475
41     37     38     165.623     3.58652     3.28639
42     24     36     29.4733     4.38293     3.3861
43     8     8     251.563     4.40461     4.11977
44     15     27     220.25     3.8667     3.24007
45     12     33     61.26     3.23681     2.58881
46     16     24     229.46     2.50299     4.97543
47     24     17     281.247     3.21213     2.62352
48     18     22     61.7867     3.76009     2.57553
49     35     29     78.7867     4.6693     3.19552
50     32     28     272.827     3.8385     4.66109
51     11     21     43.84     1.99808     2.58591
52     17     4     49.84     1.85633     2.66236
53     26     39     294.193     3.66973     2.96518
54     33     37     243.723     1.72271     4.307
55     45     2     143.52     1.95215     2.78603
56     46     34     229.357     2.19761     4.9176
57     12     11     107.783     4.31585     4.48805
58     28     1     173.043     3.14046     4.02394
59     12     36     63.9967     4.02446     2.51556
60     42     20     118.627     3.44563     4.78645
61     39     8     263.407     1.91476     4.14792
62     34     3     124.31     4.66535     3.73234
63     11     40     175.2     2.36338     3.14158
64     20     8     178.727     2.82012     3.305
65     39     18     162.15     4.44093     3.68549
66     20     26     255.353     3.39724     4.72472
67     33     28     292.983     2.25358     4.66865
68     24     2     199.147     3.53578     3.66291
69     35     21     125.31     4.97298     4.26008
70     27     33     270.563     4.40002     3.72814
71     41     4     240.777     3.05245     4.80163
72     36     1     120.837     4.73991     2.76536
73     45     31     162.677     3.1316     3.01263
74     15     23     143.623     3.63886     4.46677
75     28     30     263.353     2.12807     3.00798
76     19     31     24.4733     1.9498     2.79595
77     38     30     131.047     2.01688     4.62798
78     35     8     204.673     2.41775     4.2243
79     41     38     196.99     2.29716     4.58068
80     46     4     182.833     4.99081     2.77917
81     22     5     93.1533     1.64623     2.89735
82     39     25     60.8933     4.31735     2.90635
83     27     10     152.887     1.76191     4.7
84     13     35     141.623     3.43281     2.64275
85     47     10     178.36     2.89126     4.78103
86     28     7     192.2     1.6316     4.60356
87     25     21     96.1533     1.54785     4.99649
88     10     10     193.357     2.02873     4.78034
89     10     10     248.09     4.41572     4.47066
90     42     8     50.21     3.80667     4.15311
91     14     7     30.42     2.44114     2.61361
92     45     13     192.78     3.65157     3.11365
93     40     1     253.46     3.11258     4.95178
94     36     7     150.94     2.87652     3.70205
95     27     2     106.363     1.9264     4.26992
96     31     34     189.727     2.73168     4.65552
97     17     22     255.09     1.54209     4.56656
98     9     11     44.5767     1.90237     4.26954
99     47     5     189.307     1.62369     2.82144
100     26     21     277.773     3.19494     3.57189
101     47     29     265.933     4.86915     3.57593
102     44     40     101.47     4.9091     4.80911
103     37     13     165.623     4.22666     3.82481
104     30     37     144.94     4.89938     2.74468
105     18     34     116.52     3.79994     3.2223
106     12     3     222.723     3.32258     3.7714
107     13     13     138.887     3.43933     4.59906
108     21     5     201.62     4.07349     2.8341
109     13     3     155.307     3.02104     4.79225
110     12     9     91.3633     4.40793     3.16675
111     8     21     27.1567     1.91423     3.28837
112     15     18     242.143     4.25315     3.84106
113     23     14     269.3     4.13533     3.67832
114     27     7     48.8933     3.70637     2.62757
115     39     7     55.42     4.6896     2.92482
116     22     18     246.407     2.71961     4.1699
117     41     14     54.6833     2.60051     3.44256
118     19     3     29.9467     2.9733     3.47072
119     19     10     46.3667     2.12679     2.99066
120     10     26     272.72     4.93666     4.69077
121     46     17     218.41     2.1662     4.87815
122     45     32     206.463     3.61536     2.76009
123     30     2     153.15     1.848     3.48079
124     21     7     168.78     3.98793     2.80206
125     37     20     168.36     4.81169     2.57202
126     35     13     245.723     3.62786     4.86946
127     24     21     32.21     4.67379     3.96519
128     15     29     214.777     2.01485     3.99319
129     24     11     242.933     4.18276     3.96817
130     44     21     314.93     1.53269     3.04407
131     10     7     40.1033     1.56003     2.65168
132     41     34     95.7333     3.65435     3.40655
133     47     29     161.94     3.53012     3.42891
134     26     15     272.3     3.81564     3.46446
135     45     38     228.357     2.03642     2.94824
136     37     18     97.2067     2.47543     4.90074
137     44     30     167.15     2.14634     3.79833
138     14     8     189.147     4.3637     4.30784
139     42     38     274.617     3.14292     2.52548
140     36     19     265.88     2.41733     2.61231
141     32     18     163.36     2.80367     2.96426
142     17     3     131.94     2.4028     4.81086
143     35     36     248.46     3.86808     4.87945
144     45     26     148.993     4.22709     2.51892
145     36     8     191.99     1.69098     2.92131
146     36     14     219.357     2.93527     4.33256
147     8     6     210.513     2.08577     3.39351
148     28     35     183.99     2.3966     4.00151
149     32     35     51.1567     2.85206     3.83274
150     24     39     188.2     3.17731     3.91636
151     26     8     255.88     1.99359     2.90147
152     31     20     255.407     3.10083     3.90667
153     46     1     221.147     4.6223     3.09328
154     30     33     43.6833     3.49637     2.85279
155     34     31     250.197     4.04967     3.74989
156     34     1     263.88     3.63427     3.10945
157     39     23     257.933     3.56665     4.39169
158     39     11     142.993     4.34896     2.74209
159     42     25     44.7367     1.91006     3.36024
160     11     33     270.983     3.3495     3.07573
161     43     26     237.303     1.91722     4.2732
162     43     33     275.617     3.21769     4.05637
163     25     2     33.21     3.86734     2.79199
164     38     39     169.36     4.09389     4.92462
165     21     31     155.097     4.51079     3.7019
166     13     24     108.783     2.04935     2.70226
167     26     32     217.567     1.78637     3.30462
168     25     32     153.623     3.64772     3.49101
169     27     10     191.2     1.72549     4.6234
170     21     37     124.993     4.19205     4.08376
171     21     39     228.987     3.04358     2.92039
172     23     34     263.827     3.16118     3.88836
173     33     26     79.5233     4.91978     4.02715
174     35     14     237.513     4.33241     4.66422
175     44     36     79.5767     2.96315     2.98669
176     25     26     235.723     4.09218     3.0707
177     46     11     174.623     4.86819     3.00912
178     42     30     200.727     2.93377     3.52901
179     22     29     197.147     2.75518     4.73876
180     15     4     91.6267     1.64356     3.89546
181     44     25     153.467     3.7006     3.3343
182     41     20     109.417     3.17325     3.94826
183     46     30     125.363     2.953     3.36169
184     18     31     163.043     2.70113     4.186
185     28     18     208.62     4.83828     3.99899
186     19     4     51.84     4.37941     4.93912
187     44     21     265.67     3.85057     4.55374
188     28     37     260.617     1.77046     3.29371
189     30     27     54.63     2.93228     2.79336
190     47     10     52.4733     2.46945     2.828
191     41     22     106.68     2.44029     3.58791
192     45     6     91.5233     2.41498     3.66108
193     44     1     178.097     1.80058     2.86439
194     24     21     130.73     4.3872     2.81396
195     22     6     167.043     3.35014     4.37529
196     31     37     96.68     3.69312     4.88395
197     47     17     263.197     4.36573     4.2777
198     29     2     42.6833     4.04016     3.03026
199     21     19     212.567     1.78135     3.5268
200     10     39     190.62     4.09592     2.7736
201     24     8     32.21     2.59207     3.08031
202     8     12     226.933     3.73724     3.60714
203     37     25     283.3     4.94617     4.41641
204     8     19     81.89     1.98462     3.42013
205     23     11     47.63     2.42363     2.8634
206     19     17     19     4.12636     3.23466
207     33     30     134.257     4.50449     3.74302
208     33     11     183.517     3.02799     4.75417
209     38     15     256.933     3.22143     3.8245
210     45     31     157.203     4.6316     3.22481
211     25     38     66.05     1.50256     3.0932
212     14     7     197.357     3.14003     3.10953
213     37     8     72.5767     1.7006     4.33004
214     8     34     276.193     3.89105     4.07422
215     31     6     293.72     3.30966     3.00409
216     41     2     54.6833     2.91722     4.78637
217     14     36     35.8933     2.86894     4.97795
218     37     39     157.413     3.69419     4.52658
219     34     20     266.617     3.05565     4.52513
220     27     2     57.1033     4.57616     2.61246
221     26     25     201.147     2.96326     2.66007
222     29     35     75.5233     2.41914     3.13501
223     13     20     237.407     4.5689     3.28097
224     12     36     80.4167     1.89116     2.50702
225     10     18     15.4733     3.88731     4.62477
226     25     11     68.7867     2.47063     4.82498
227     24     19     152.623     1.81318     3.53427
228     13     28     220.987     1.6317     2.54219
229     31     13     219.83     3.14975     2.53914
230     26     12     80.7333     3.71737     4.95621
231     12     39     277.457     3.82589     4.74769
232     16     31     248.617     2.99979     4.50629
233     9     7     104.783     4.80079     4.05209
234     17     12     19.7367     3.92897     3.38572
235     10     13     171.463     3.65499     3.14638
236     13     4     272.983     1.5674     2.96541
237     25     13     183.727     2.37033     4.35614
238     23     38     233.723     2.71416     3.53008
239     28     40     249.67     3.29652     3.28104
240     22     22     98.6267     3.71448     4.32707
241     18     11     48.1033     3.80538     2.75033
242     13     9     108.783     1.95824     3.92781
243     17     7     90.89     3.63256     4.58998
244     19     3     101.1     2.56569     3.40159
245     43     24     278.353     3.90718     4.20286
246     44     25     197.253     2.7602     4.80209
247     12     15     244.617     4.8683     2.96152
248     38     31     120.1     2.92875     4.96567
249     46     16     155.467     2.26917     3.41304
250     28     35     90.9433     2.37022     4.62317
251     30     4     175.043     3.46956     4.7969
252     23     8     209.093     4.23104     2.82365
253     44     7     290.3     3.71427     3.87448
254     32     20     135.993     1.62764     4.17081
255     38     35     40.7367     3.10051     3.57227
256     23     26     146.15     4.45781     3.87135
257     45     11     105.207     4.73222     4.43686
258     16     17     193.883     1.89799     3.09687
259     38     9     48.9467     4.56131     3.90187
260     40     4     94.7333     4.08951     4.65751
261     35     10     54.1567     4.41743     3.36901
262     20     24     137.677     2.01079     3.98793
263     8     28     158.517     2.72474     3.09984
264     43     17     179.833     3.03888     2.94664
265     39     39     279.827     4.90622     4.92134
266     23     28     206.357     2.19675     3.92727
267     44     33     164.413     4.47501     2.74308
268     32     22     48.42     4.5893     4.28205
269     17     8     162.043     4.81436     3.38786
270     8     12     87.3633     4.52574     3.55815
271     35     28     201.937     4.64409     2.73377
272     40     33     269.88     1.83113     3.54724
273     11     33     112.257     3.17475     4.66948
274     42     12     271.88     2.84362     3.64574
275     39     18     304.457     3.9498     2.86164
276     45     31     105.207     2.60041     4.02944
277     30     17     235.25     3.37471     2.83547
278     36     17     161.887     4.21042     4.13961
279     31     40     238.987     2.43345     4.36682
280     47     21     287.827     1.9153     3.98167
281     43     20     64.8933     3.09346     4.18714
282     41     16     199.727     4.83743     3.23664
283     38     12     248.723     3.39682     4.00182
284     8     7     122.94     3.41465     3.18506
285     26     6     255.88     1.73991     3.81939
286     32     31     300.193     4.52478     3.94322
287     28     35     162.097     3.33999     3.09458
288     32     34     105.89     2.29449     4.51186
289     29     30     228.777     4.38987     4.6836
290     43     17     111.417     3.5988     3.13776
291     18     40     283.457     2.89895     4.11092
292     33     21     251.933     3.24599     2.9873
293     29     7     116.573     4.72346     4.15014
294     12     29     126.94     3.35025     3.13318
295     41     35     112.153     3.78253     4.71633
296     27     27     27     3.39308     4.85282
297     10     15     176.937     2.96304     3.07092
298     26     38     206.62     2.97063     3.23969
299     27     38     202.147     2.21075     4.3395
300     39     9     274.353     3.22976     4.1277
