1     42     21     783.015     3.48056     3.42479
2     39     39     188.7     4.79524     4.12671
3     44     23     350.885     1.52969     2.83448
4     47     34     144.305     3.78124     3.52824
5     8     7     457.1     4.69536     3.32812
6     28     32     402.25     1.74087     4.7203
7     42     26     603.375     3.14249     4.5838
8     28     3     566.92     4.7069     4.16082
9     8     20     621.77     4.5282     2.8592
10     15     8     299.43     2.30399     2.52922
11     13     36     342.34     1.74952     2.60369
12     19     38     438.16     4.8417     2.74415
13     18     11     579.375     2.37919     3.38137
14     41     19     542.495     2.09261     3.29318
15     16     16     203.125     4.28808     4.60784
16     13     40     626.77     4.75999     4.37574
17     15     30     741.045     4.95642     3.0987
18     42     40     236.61     4.1317     4.35804
19     35     20     199.67     2.47116     3.43142
20     28     4     80.395     3.92181     4.04065
21     33     21     122.82     2.21256     3.61858
22     36     10     717.135     1.80058     3.73859
23     30     6     606.345     4.72602     3.59462
24     47     2     541.01     4.61055     3.17415
25     16     3     210.61     2.78349     4.01433
26     23     8     711.62     3.77099     4.18142
27     12     18     423.675     1.63095     2.86447
28     33     28     272.52     1.87001     3.7244
29     30     38     179.7     2.9248     4.88754
30     38     13     97.88     2.94382     4.72671
31     28     13     694.165     4.85366     3.81779
32     18     1     220.095     4.94296     4.7145
33     12     18     693.135     4.4499     4.93057
34     16     7     757.015     4.8871     4.77119
35     24     36     353.34     2.08737     2.90315
36     20     6     618.8     2.7069     3.80535
37     25     5     32.485     4.66717     4.98917
38     47     27     623.345     3.77313     3.13051
39     18     12     137.76     2.99007     4.504
40     46     22     502.585     2.61344     3.85807
41     33     4     77.91     3.81777     4.62477
42     43     29     312.46     3.8166     4.60196
43     25     26     616.315     4.62049     2.50061
44     35     33     117.335     3.12455     4.49652
45     42     27     685.71     2.01271     3.67733
46     38     4     322.43     2.21128     4.02646
47     23     20     262.52     2.37642     4.33309
48     43     25     402.28     4.6504     3.66955
49     39     24     151.275     3.17101     3.82756
50     41     28     123.335     3.56836     2.85157
51     30     5     434.19     4.43217     2.56325
52     39     21     660.255     2.98708     4.214
53     9     7     61.395     4.95663     2.65931
54     13     33     117.79     2.85292     3.19384
55     29     12     51.455     4.17571     3.93788
56     8     1     52.91     3.75379     2.91665
57     24     23     173.7     2.71587     2.72263
58     26     2     100.85     3.32269     4.40115
59     46     21     772.045     1.64644     3.45058
60     8     35     546.92     1.83048     4.57717
61     21     18     253.035     3.91551     3.09549
62     26     10     295.46     2.96454     4.61531
63     34     29     535.495     3.97276     3.40449
64     30     23     359.34     2.79556     3.57013
65     18     8     62.91     4.0799     3.44691
66     22     31     381.28     1.93228     4.83467
67     10     33     271.975     4.80923     4.9752
68     21     19     462.615     2.36285     2.90819
69     8     12     666.68     4.72837     3.09908
70     38     6     696.68     2.98441     2.97639
71     47     7     308.975     2.27419     4.77226
72     45     19     359.37     4.31959     3.30393
73     15     28     172.185     3.31286     2.59026
74     36     36     447.675     4.92128     2.93939
75     34     34     191.185     2.88784     3.90278
76     16     12     510.01     3.46379     4.73281
77     32     20     533.495     4.15563     2.73675
78     17     22     174.185     3.02275     3.66611
79     36     17     747.075     4.50876     4.53322
80     21     3     163.215     3.54155     2.99524
81     13     34     42.94     4.88635     3.69587
82     14     25     148.73     3.48579     3.20566
83     14     15     485.555     3.77206     3.9523
84     23     23     37.97     3.6849     3.77956
85     46     11     532.525     3.87983     4.02806
86     43     25     596.89     2.86167     2.77612
87     8     27     509.495     3.52681     3.633
88     30     18     643.77     2.34896     4.22422
89     28     35     372.31     4.19376     4.7599
90     26     21     714.62     2.49391     3.32698
91     29     17     485.585     2.77323     3.29569
92     11     35     707.105     4.74984     4.48027
93     33     24     414.735     3.50545     3.44584
94     11     40     205.61     1.95524     4.60166
95     37     30     313.945     4.10073     4.97017
96     23     38     412.22     2.30132     4.27404
97     14     23     388.25     1.5502     3.23161
98     33     17     774.015     2.98558     4.20003
99     8     32     569.375     3.62465     4.55817
100     20     33     678.68     4.55383     4.46966
101     27     28     491.07     4.05864     4.41603
102     27     11     191.67     2.92929     4.14083
103     17     26     271.49     1.92459     3.39618
104     26     8     228.095     4.6301     3.63132
105     33     29     631.8     2.19323     3.5136
106     18     12     519.495     2.17261     4.92439
107     16     35     622.285     4.48141     4.81788
108     10     16     114.79     4.16417     4.58594
109     10     38     459.1     4.4875     4.8175
110     9     25     600.315     4.5815     4.59487
111     45     31     748.59     4.61483     3.21612
112     37     23     366.34     3.2382     3.4856
113     39     6     383.31     2.28178     4.46142
114     47     23     675.74     3.93869     2.80297
115     35     2     753.56     4.92064     3.10625
116     12     1     281.46     4.32002     3.87013
117     8     31     704.105     1.66204     4.48256
118     46     10     53.485     1.88144     4.86831
119     41     11     437.705     3.70893     3.18781
120     33     28     47.97     2.20081     3.22947
121     14     33     133.76     2.89671     4.38383
122     38     1     270.035     4.83924     3.34178
123     41     7     782.015     2.44104     2.90773
124     43     4     65.455     1.93239     4.56656
125     43     15     95.395     4.37428     2.69639
126     17     32     144.245     3.47073     4.56854
127     45     33     119.85     2.66717     4.02234
128     13     22     289.945     1.76501     2.95892
129     23     31     412.22     3.0408     3.54251
130     16     3     210.61     4.60179     2.74995
131     20     7     42.455     2.96368     4.66002
132     40     16     346.885     4.08438     4.62249
133     27     21     259.035     1.83764     3.1975
134     20     32     349.34     3.66257     4.00639
135     40     15     638.8     2.87097     3.38382
136     27     22     625.8     1.84939     3.47285
137     33     39     684.195     3.13875     4.15265
138     37     37     418.735     2.62551     2.93962
139     18     13     609.315     3.33091     3.25381
140     9     5     637.74     3.53034     2.68853
141     42     2     146.79     2.18799     4.17737
142     29     29     732.59     3.44232     4.19561
143     35     37     566.435     3.62412     3.38961
144     33     3     182.7     2.04497     3.77331
145     46     26     659.77     1.53717     2.88209
146     13     14     409.705     4.98173     4.02631
147     13     6     649.225     1.80741     3.03301
148     14     21     201.125     3.19718     3.11838
149     46     13     554.98     4.48291     3.28059
150     30     29     711.135     3.46699     4.35308
151     15     5     74.88     2.15189     3.11014
152     8     38     142.73     1.61397     3.56548
153     20     16     214.61     1.50449     3.35231
154     8     14     681.65     3.41337     4.32836
155     19     29     280.975     1.57958     2.7945
156     17     37     121.79     2.18329     3.46881
157     9     23     248.52     2.20145     2.60498
158     13     8     267.49     4.06558     4.39879
159     25     12     489.07     4.10179     3.56899
160     24     15     570.405     2.99113     3.2577
161     28     24     237.58     4.23104     3.6375
162     29     7     582.89     3.33529     2.86737
163     12     16     303.915     3.75582     3.2886
164     40     24     189.7     2.75913     4.49957
165     33     23     354.855     4.24525     3.70159
166     11     7     78.365     1.73884     4.95605
167     44     36     777.53     2.54294     2.74285
168     41     5     377.825     4.78263     3.96153
169     38     10     524.525     1.82878     3.76507
170     38     6     719.135     2.83454     4.36819
171     42     15     431.22     3.86605     4.71847
172     44     4     276.035     3.36702     2.67365
173     39     14     128.82     3.43698     2.57416
174     15     34     299.43     3.15979     4.85107
175     39     21     278.52     2.46646     3.06146
176     19     9     176.185     1.7665     4.99138
177     34     24     542.98     1.83209     3.21574
178     41     22     579.92     3.16952     4.25855
179     36     27     50.97     2.36232     4.24032
180     45     1     591.405     2.12091     2.65732
181     26     12     549.95     4.522     4.68009
182     11     16     475.07     4.17283     3.61324
183     25     7     563.92     3.28541     3.90782
184     37     18     538.495     2.39319     3.86494
185     24     31     735.075     2.69675     3.42318
186     14     21     358.31     1.77088     3.66947
187     9     4     353.31     4.61878     3.46385
188     11     16     235.55     3.80709     4.81994
189     20     8     484.07     3.16706     4.92958
190     29     33     268.52     3.79449     3.97519
191     35     1     738.59     2.33433     4.11802
192     17     25     570.89     4.28445     3.80314
193     23     2     367.31     4.30068     2.77421
194     23     35     517.01     2.74108     4.4351
195     42     9     371.34     3.43089     3.45164
196     22     17     493.555     2.38304     2.73354
197     27     34     94.365     3.4608     2.68586
198     46     23     510.07     4.2131     4.37262
199     13     19     87.85     1.87022     4.48111
200     29     5     650.255     4.73414     3.72997
201     40     38     489.1     4.44339     4.10886
202     35     1     663.74     2.8543     4.09261
203     23     35     75.395     3.51645     4.71946
204     45     19     389.31     1.97885     3.17392
205     24     11     353.34     3.91401     4.2658
206     22     31     351.34     3.78883     3.94414
207     31     30     367.825     2.07167     2.73949
208     25     39     601.345     4.20775     3.27235
209     11     22     130.76     2.3464     4.72015
210     25     31     541.465     2.05683     3.38244
211     40     25     40     4.01495     4.73609
212     42     7     640.8     2.89618     3.61972
213     11     11     392.735     4.4592     2.9387
214     45     12     666.255     4.05383     2.53174
215     25     2     631.285     4.53899     3.5886
216     39     15     780.015     2.84309     2.76063
217     16     32     704.62     2.15328     3.85426
218     18     4     100.335     3.46667     3.74798
219     12     4     363.795     1.98782     2.9236
220     19     28     468.1     1.6082     4.75265
221     44     17     51.485     2.95044     3.92766
222     26     20     175.7     2.71213     3.18064
223     34     14     550.465     1.79449     3.67702
224     30     28     374.31     3.94958     3.2281
225     31     5     734.59     2.4294     2.71058
226     38     16     247.58     2.87374     4.83589
227     28     28     484.585     2.91839     3.15706
228     17     11     54.425     4.76074     2.9574
229     42     14     176.73     2.16428     4.4084
230     22     7     74.395     4.13961     4.63881
231     20     27     521.495     1.78263     4.10642
232     21     30     290.46     3.50855     3.9111
233     23     28     277.49     3.16182     4.44174
234     45     13     748.59     2.73969     4.49591
235     41     40     70.94     3.21181     3.76476
236     35     11     177.215     4.6708     2.82228
237     23     34     741.56     2.79876     3.50986
238     26     38     265.52     1.88379     3.85754
239     21     8     260.52     3.36926     2.93153
240     45     22     756.075     4.17315     4.74937
241     33     21     220.125     2.25967     4.15304
242     30     9     576.405     1.69836     3.78079
243     17     40     570.89     4.19494     2.528
244     35     29     409.25     3.82739     4.63836
245     25     28     496.555     3.47394     4.81445
246     28     1     215.125     3.1646     3.49139
247     37     22     516.04     3.34245     2.6603
248     46     4     397.795     4.76843     3.88546
249     22     18     336.37     2.55373     3.90332
250     11     28     549.92     1.55533     4.4467
251     36     6     537.495     1.61675     4.18149
252     47     9     361.37     4.3918     4.3997
253     17     4     713.105     4.23157     3.85723
254     36     39     253.065     4.37332     4.39787
255     22     20     613.315     3.41198     2.75391
256     16     32     285.46     3.79139     2.66526
257     43     40     125.335     4.79705     2.70447
258     26     39     744.56     3.78787     3.95253
259     12     31     565.89     3.14826     2.91253
260     32     14     136.79     4.69675     3.8039
261     23     3     704.135     3.03536     3.1267
262     44     9     305.975     1.57317     3.13746
263     31     3     607.345     3.20968     4.62653
264     18     40     242.55     2.91081     3.13776
265     11     18     549.92     4.16417     4.02142
266     44     17     523.04     2.54529     2.96068
267     23     22     82.88     3.88176     4.86221
268     22     36     59.425     2.74706     2.7514
269     34     25     760.045     2.7711     4.56442
270     42     14     139.305     4.49979     4.47424
271     39     19     450.675     3.78893     4.14533
272     37     7     531.01     3.46742     3.05498
273     45     38     613.86     4.25155     3.27227
274     33     12     721.62     2.14879     2.83647
275     31     32     539.98     3.83198     3.12403
276     17     5     645.74     3.2194     4.34591
277     20     13     244.55     4.2461     4.56496
278     24     15     570.405     1.55982     3.87494
279     15     27     374.28     4.12551     4.13091
280     18     27     497.04     2.97372     3.37214
281     32     36     174.215     3.07776     2.82823
282     24     13     450.645     3.09154     3.14837
283     18     32     347.34     4.43538     2.74529
284     41     14     647.285     3.46219     4.8941
285     43     8     140.305     2.68981     3.9761
286     28     35     417.22     1.83251     2.50961
287     23     12     599.345     4.61643     4.35667
288     23     12     112.82     2.11429     3.24755
289     37     13     231.61     3.58321     4.51361
290     35     38     626.315     2.03824     4.16799
291     16     20     607.315     1.54988     3.22604
292     13     2     679.165     3.99583     3.90591
293     40     1     167.245     1.75358     3.09885
294     38     3     532.01     3.56868     4.75158
295     15     5     142.245     3.58107     4.04935
296     20     20     42.455     4.74546     2.54265
297     36     17     350.37     3.12978     4.60593
298     8     15     329.855     2.32579     4.37002
299     27     28     281.49     2.9561     3.51939
300     38     23     217.64     1.5126     4.09429
