1     12     40     353.22     2.46731     3.73028
2     28     7     299.425     2.27889     2.73583
3     12     17     678.93     3.42587     3.07497
4     11     30     251.405     1.5173     2.54578
5     16     15     62.53     3.36488     3.63407
6     38     15     611.87     4.49188     4.51773
7     45     12     781.725     3.20914     4.21743
8     22     38     440.77     4.99113     3.5332
9     15     15     38.265     4.13469     4.65796
10     16     26     442.525     4.93762     3.60775
11     37     1     572.095     2.87983     3.36085
12     13     2     509.32     2.04166     4.34515
13     26     34     336.2     3.24354     2.66457
14     26     29     708.44     4.14292     2.70585
15     29     28     509.81     1.77003     4.51506
16     8     40     527.585     3.74012     2.58637
17     42     6     266.895     3.62284     3.95154
18     29     12     447.77     3.70743     4.71229
19     47     3     403.73     2.1442     2.90567
20     17     37     683.93     3.19921     4.34309
21     32     24     528.32     2.60457     4.31303
22     34     20     600.115     3.24151     4.28983
23     43     26     236.875     2.63694     4.03661
24     9     6     451.035     4.01154     3.24534
25     45     6     331.935     2.86039     3.1032
26     11     27     662.42     4.30399     4.42663
27     27     7     344.955     2.19045     2.75254
28     9     23     575.115     3.18629     4.52986
29     33     36     684.42     2.33764     4.7982
30     8     13     170.855     3.83935     2.99829
31     47     7     651.89     3.99231     4.80171
32     17     23     148.835     2.08737     4.10207
33     47     15     752.705     1.69782     3.05856
34     34     23     266.65     1.61493     4.33088
35     41     38     715.685     1.91209     3.3977
36     27     26     647.4     3.37086     2.59896
37     15     12     542.34     4.75411     4.79217
38     34     31     258.895     4.15969     3.26296
39     25     10     172.345     1.94018     3.28295
40     47     12     395.975     4.42192     4.45158
41     26     32     165.59     4.90771     4.21613
42     25     33     722.95     4.19996     4.2085
43     16     32     543.34     1.62433     4.79049
44     8     3     186.365     4.79289     4.44723
45     32     8     272.405     3.08705     4.41992
46     41     3     459.77     2.09806     2.71882
47     8     12     643.91     4.50726     2.90651
48     13     12     129.325     3.14068     4.29212
49     12     18     81.795     4.68404     3.92743
50     33     17     730.95     2.7899     4.54581
51     42     28     65.265     3.06441     3.83328
52     39     21     488.79     4.66417     4.17409
53     21     17     602.625     2.49178     3.25976
54     20     24     671.42     2.22175     4.70382
55     14     12     91.55     3.64132     4.05133
56     33     9     707.685     4.04155     4.32485
57     22     20     448.525     1.6427     3.99747
58     26     14     64.775     1.78829     4.03249
59     37     19     145.57     2.39126     4.38185
60     26     21     646.4     3.3683     4.08261
61     14     23     238.895     2.5454     2.8431
62     45     23     262.14     1.76992     3.25907
63     9     3     567.36     3.21256     4.0495
64     28     8     648.4     2.0941     3.45431
65     32     15     791.99     4.82215     3.18407
66     12     33     709.95     1.77013     4.56122
67     10     4     250.405     4.18607     4.74471
68     31     30     286.915     4.46091     4.67864
69     27     25     631.89     4.24674     4.15456
70     10     16     583.87     4.6536     3.12891
71     26     33     289.67     1.51271     4.68627
72     38     19     619.625     2.43986     3.78796
73     33     18     583.605     3.6818     4.6984
74     39     1     186.345     2.98248     3.72776
75     33     16     188.1     3.9514     2.6838
76     40     6     357.955     4.16941     4.67139
77     36     8     594.36     3.01645     2.63146
78     20     2     82.04     3.95546     4.76074
79     33     5     95.04     1.75561     4.70016
80     46     10     588.85     2.89212     3.13654
81     27     38     313.935     3.10361     3.70449
82     43     23     748.705     1.84394     4.83116
83     10     30     374.485     2.11194     2.91406
84     11     13     499.565     1.89297     3.47293
85     16     35     535.585     2.69739     3.16485
86     27     22     438.015     2.93046     4.30494
87     37     32     796.99     1.5768     4.78263
88     30     20     394.485     4.43623     2.51381
89     36     35     361.71     2.39105     4.81979
90     47     18     171.08     4.94542     4.37338
91     36     7     547.83     4.01453     4.60372
92     32     4     729.95     3.70295     3.69884
93     24     3     520.32     1.55394     2.59835
94     31     35     209.365     4.50513     3.61522
95     24     17     140.325     3.53397     2.57836
96     36     18     702.93     4.22912     3.63674
97     37     16     510.055     2.2696     4.61463
98     36     11     144.57     4.54935     4.55969
99     9     3     544.095     2.42726     3.87371
100     17     3     753.725     4.84223     3.66749
101     28     23     687.175     2.77259     4.72922
102     31     34     224.875     4.27815     2.74834
103     8     1     201.875     4.60628     2.68509
104     41     20     746.705     2.59977     3.92521
105     38     30     115.55     4.88667     4.1126
106     26     34     754.97     3.09004     3.29836
107     39     33     806.745     2.04059     3.79864
108     20     33     128.57     3.72581     4.90051
109     12     16     686.685     3.96165     2.80732
110     45     18     735.195     4.51965     4.96429
111     14     15     595.625     3.19504     4.1538
112     21     1     222.63     3.04913     4.00258
113     15     12     15     3.31137     3.7904
114     9     38     350.22     2.67411     4.20095
115     47     1     333.935     1.96678     4.40588
116     27     39     430.26     1.9405     4.62256
117     16     6     566.605     4.15114     4.53604
118     31     20     54.265     3.67208     4.2259
119     42     28     577.095     2.62337     2.98837
120     15     33     239.895     1.74995     2.69501
121     16     19     473.545     2.53482     3.57791
122     40     40     86.53     1.57968     4.08193
123     16     4     504.565     2.73969     2.67594
124     44     20     75.02     4.24493     3.26151
125     15     32     185.61     3.7931     4.57175
126     46     15     635.38     3.3495     2.69944
127     12     7     198.12     4.1363     4.64621
128     33     5     692.175     1.54678     4.53207
129     16     2     264.16     1.96999     2.85791
130     9     7     125.325     4.75689     2.95907
131     44     34     268.895     2.81553     2.54257
132     32     1     582.605     4.56964     4.44845
133     27     30     593.115     4.76148     4.52391
134     18     4     149.835     4.83796     3.25411
135     27     34     794.745     3.40056     4.03729
136     9     37     451.035     4.95631     4.74624
137     8     2     527.585     2.45183     2.96663
138     26     12     584.36     2.82739     4.05316
139     9     3     474.3     2.07178     4.8928
140     30     6     107.55     3.51698     2.51732
141     42     2     398.73     3.35206     2.95511
142     35     35     267.65     2.09528     4.46234
143     8     2     620.645     4.50513     3.02515
144     24     32     155.835     3.66652     4.27305
145     24     3     644.4     2.73692     4.69314
146     12     30     120.57     3.58524     3.78811
147     25     21     350.71     1.80837     2.5663
148     16     10     380.485     4.86135     2.50549
149     37     33     230.875     4.28253     2.88118
150     16     3     442.525     2.75134     3.09961
151     19     17     515.32     2.46037     2.92642
152     46     39     581.095     3.03781     4.75143
153     8     4     108.815     3.00385     3.27975
154     39     14     550.83     3.99615     4.29113
155     42     11     670.155     4.74685     2.85638
156     44     5     416.24     1.54881     2.65336
157     11     22     778.745     3.19237     4.27099
158     10     21     118.57     3.60767     4.14457
159     20     7     66.53     4.199     4.51071
160     35     9     66.02     4.60233     3.52321
161     8     29     612.89     4.85324     3.42189
162     19     28     329.2     4.19761     3.39221
163     44     19     230.12     4.53055     2.50923
164     19     24     724.705     3.69761     4.40428
165     22     23     254.65     4.14302     4.04645
166     9     8     125.325     4.6379     3.27899
167     35     11     756.215     4.0752     3.00058
168     30     23     441.015     2.56398     3.63361
169     39     7     271.65     4.3072     4.26824
170     23     31     682.175     3.99904     4.62493
171     25     5     25     3.22463     2.72408
172     13     19     455.035     3.59752     4.90486
173     12     28     97.305     2.1176     3.5828
174     29     13     447.77     1.98718     4.3878
175     8     6     605.135     4.86541     3.07222
176     41     9     48.755     4.79876     3.83061
177     14     18     533.585     2.30998     4.42038
178     12     15     50.775     2.88186     4.72556
179     8     19     574.115     4.31671     4.15349
180     10     37     250.405     3.71021     4.50491
181     38     14     557.585     4.02147     3.70815
182     14     11     642.155     1.97298     4.55886
183     42     24     429.75     3.76768     3.85456
184     18     30     444.525     4.8542     3.56555
185     13     5     307.69     4.72794     4.43304
186     35     30     290.915     3.49915     3.63369
187     24     34     70.53     2.21534     4.40298
188     9     31     195.12     2.66952     4.25718
189     20     13     260.405     4.18159     4.70397
190     27     11     453.525     3.58449     4.08345
191     10     24     17.755     2.90184     3.92972
192     42     7     468.525     2.95001     2.99295
193     36     33     718.44     4.84875     4.31433
194     25     33     412.75     4.67624     4.49202
195     42     37     49.755     3.25187     3.03133
196     28     25     749.215     2.28103     3.41777
197     22     24     115.06     1.84672     3.80474
198     38     37     332.69     1.98248     3.95581
199     16     6     62.53     2.30998     3.83297
200     40     3     94.285     2.47768     2.97029
201     11     22     305.69     4.38229     3.52519
202     25     11     304.18     4.90974     3.64643
203     30     33     254.895     4.67891     4.05034
204     25     2     420.505     4.022     4.44571
205     20     32     454.28     4.68789     2.69799
206     21     8     346.71     2.5     3.37329
207     36     19     183.345     3.45578     3.55266
208     38     2     386.975     3.00053     2.55814
209     41     11     149.57     2.96026     3.47987
210     42     34     755.46     2.36862     3.14585
211     20     25     469.79     1.67101     3.42502
212     17     34     428.015     2.04176     3.00325
213     37     12     331.69     4.29759     2.52464
214     41     21     413.24     3.14174     4.73647
215     14     15     200.12     2.22485     2.53052
216     26     30     204.365     3.7539     4.02051
217     8     40     628.4     1.6364     2.54563
218     35     14     678.665     1.89361     3.24236
219     19     27     50.02     4.82514     4.07338
220     28     18     198.61     4.16161     2.95579
221     34     37     235.63     4.19034     3.87844
222     18     3     607.38     1.58438     3.64887
223     13     17     51.775     2.9247     4.66109
224     14     37     518.075     3.64463     2.82411
225     22     38     68.53     2.88614     3.54297
226     13     8     571.36     4.49744     4.8912
227     28     39     245.14     1.65926     3.36673
228     41     18     103.04     3.87449     3.87181
229     43     2     407.485     2.3025     4.30647
230     23     35     511.565     2.17646     3.91736
231     42     34     553.83     4.28466     3.29203
232     16     15     504.565     4.75208     2.63909
233     44     21     447.26     3.60681     3.74538
234     24     40     70.53     3.86424     4.75059
235     40     22     303.67     2.11397     3.12937
236     10     1     692.44     4.84533     3.52283
237     16     4     690.685     4.99263     3.30866
238     42     28     266.895     1.93837     2.55173
239     45     1     727.44     2.95589     3.7244
240     33     37     319.935     1.82664     2.8386
241     26     28     188.855     2.1175     4.87968
242     12     21     756.48     3.85046     2.68204
243     12     40     764.235     3.55138     4.63874
244     13     24     749.725     3.41081     2.88362
245     25     3     691.93     2.54048     4.83856
246     33     31     95.04     4.56227     4.76516
247     38     31     635.135     4.01175     3.21215
248     16     31     458.035     3.2915     3.49895
249     31     12     372.22     1.65937     3.1254
250     33     15     521.565     4.4843     4.25016
251     27     36     174.345     4.75561     3.62545
252     11     22     73.04     2.57968     3.63208
253     29     30     455.525     4.14837     4.80232
254     29     3     339.2     2.91241     3.97366
255     37     20     153.325     3.44702     3.46255
256     31     4     651.4     3.24097     2.89949
257     13     29     230.14     3.39543     4.11573
258     30     32     146.325     1.96582     3.22253
259     28     35     632.89     2.43249     2.77322
260     36     36     803.745     1.53258     3.14913
261     38     29     270.65     2.94008     3.55945
262     38     25     231.875     3.52467     4.29647
263     17     39     738.215     2.17859     3.1357
264     12     36     112.815     2.44168     2.52281
265     34     21     165.835     2.91049     2.93664
266     20     22     384.485     2.66706     4.0701
267     14     36     657.665     1.70978     4.21896
268     16     26     760.48     2.62188     4.51895
269     18     26     638.4     3.96133     3.42265
270     19     1     112.06     2.10703     3.05597
271     20     40     710.195     2.5454     2.84516
272     8     25     77.795     4.83187     4.55466
273     15     15     108.06     4.21128     4.12732
274     11     25     73.04     2.1317     4.46684
275     10     32     64.285     2.13736     4.55252
276     22     39     316.69     4.37193     4.02867
277     26     10     483.545     3.17998     3.65764
278     38     18     394.73     4.53931     3.27784
279     28     25     501.055     4.80795     2.65732
280     35     24     508.055     3.5219     4.38368
281     12     17     430.77     2.22623     4.18012
282     27     10     786.99     2.57562     2.78962
283     24     7     590.115     4.68671     4.81704
284     39     35     77.775     4.97874     3.66871
285     45     16     564.585     4.98537     2.98326
286     45     13     603.36     2.37289     3.69053
287     10     31     149.59     3.64858     4.59204
288     29     12     734.705     1.79363     3.10182
289     8     12     271.67     3.80613     4.04035
290     36     32     741.705     2.38624     3.11892
291     24     24     597.87     4.75112     3.00867
292     28     39     28     2.3103     3.63262
293     29     2     261.65     4.68896     4.5716
294     41     25     669.155     4.33166     3.72593
295     45     29     603.36     2.17186     2.62177
296     21     27     276.915     2.60137     2.50427
297     29     39     540.83     3.22303     4.10672
298     45     28     704.175     3.12305     2.73789
299     10     35     669.175     2.64602     4.07689
300     18     11     785.745     4.40675     4.81689
