1     26     34     148.76     2.43046     4.82322
2     12     31     503.04     4.69526     2.95389
3     34     26     327.26     3.3793     4.42045
4     39     33     570.96     1.79171     3.00287
5     30     24     43.64     3.34619     4.38513
6     47     20     715.36     2.57274     3.22924
7     12     35     148.4     4.27238     4.94224
8     19     18     46.28     1.7994     2.52533
9     36     35     656.62     4.70711     2.64771
10     37     32     248.42     4.73852     3.83389
11     28     27     55.28     1.89949     3.40594
12     29     20     383.64     4.09752     3.57196
13     13     30     163.04     3.07808     3.29981
14     38     27     44.82     4.64858     3.86776
15     27     34     627.16     3.91722     4.73327
16     31     34     331.08     4.53813     2.60865
17     25     26     604.7     4.19141     2.88644
18     19     18     66.74     3.28573     3.80322
19     43     21     540.86     4.61739     4.98352
20     25     25     93.2     4.96902     3.25449
21     10     21     603.34     2.38336     4.87197
22     37     27     187.04     2.59677     4.54695
23     44     34     200.86     2.86552     2.91612
24     29     28     690.54     3.17016     2.84455
25     9     30     479.58     2.03258     3.70174
26     12     34     73.38     2.42972     4.00273
27     47     30     258.42     2.5376     4.05354
28     43     34     431.74     3.79182     3.99197
29     31     34     310.62     3.99712     3.8654
30     27     35     497.58     4.47137     3.63407
31     13     35     360.82     2.45802     4.74303
32     12     31     39.28     4.79203     3.65101
33     20     28     47.28     2.55191     3.95886
34     10     28     310.08     2.1849     2.52632
35     24     25     255.88     3.83689     3.71975
36     18     26     529.5     4.87364     4.6791
37     18     19     249.88     3.32653     3.24702
38     9     19     493.22     2.24749     3.94963
39     47     19     197.04     3.70733     3.66901
40     30     25     575.6     3.92224     4.89937
41     34     20     661.44     2.74247     3.22626
42     35     15     566.96     3.98772     4.42106
43     13     19     101.66     2.3636     2.78886
44     47     24     108.38     3.4436     3.66344
45     12     24     373.46     2.45054     4.18691
46     23     35     629.98     3.32269     2.76711
47     26     24     189.68     3.79791     3.8525
48     33     34     503.58     3.50117     3.41372
49     34     27     320.44     2.76907     4.27564
50     15     31     506.04     3.69643     4.18683
51     32     15     536.68     2.13822     3.27082
52     26     19     203.32     3.15317     3.74607
53     37     15     432.56     3.12017     3.55815
54     13     28     626.8     2.51613     4.31341
55     30     30     111.84     3.08599     2.65488
56     14     30     661.9     4.39084     2.97182
57     37     23     323.44     2.46849     3.08153
58     40     15     381     2.09101     3.27708
59     15     21     117.3     3.35313     2.87858
60     27     22     204.32     2.0753     4.68101
61     12     23     639.44     3.25796     3.93704
62     10     15     180.5     3.0689     4.76806
63     27     23     95.2     1.59987     3.14089
64     20     25     347.36     1.87535     4.30418
65     35     20     157.76     4.8495     3.82214
66     45     24     345.08     4.87396     2.59812
67     43     26     629.52     2.37225     2.52838
68     42     27     451.2     3.20508     3.17537
69     27     26     579.42     3.95856     3.60317
70     40     28     128.66     2.64399     4.76409
71     40     20     278.7     2.53952     4.07804
72     29     17     233.6     3.16076     2.59438
73     28     25     266.7     2.0925     3.87814
74     45     24     147.3     1.66855     2.50946
75     12     26     264.34     2.23179     3.83938
76     22     25     56.1     3.9593     2.88942
77     16     25     302.44     2.48836     4.0389
78     21     32     150.58     3.82611     4.38765
79     46     35     455.2     1.77708     4.93721
80     15     25     137.76     2.87481     4.97948
81     8     29     48.92     3.5501     3.83374
82     25     23     406.92     4.52115     2.82372
83     33     21     489.94     2.13939     4.13396
84     17     26     221.6     3.17678     4.43663
85     20     35     681.54     2.78594     4.92996
86     18     31     229.42     3.62209     3.17774
87     13     17     579.06     1.85612     3.39236
88     28     30     341.72     4.06719     3.04918
89     14     32     395.92     4.24653     4.9762
90     17     20     262.52     2.39895     2.80663
91     12     26     162.04     4.47511     3.93773
92     25     17     495.58     4.61814     2.88347
93     47     26     319.8     4.96144     4.16509
94     47     19     701.72     3.96059     2.62688
95     45     25     706.54     4.99263     2.82052
96     34     17     197.68     4.20936     2.84677
97     40     31     442.38     2.3777     4.29579
98     45     34     692.9     3.19184     3.6771
99     19     23     339.54     4.29043     4.4792
100     31     20     610.7     2.96571     2.74964
101     9     24     615.98     1.79684     2.83624
102     19     33     121.3     4.69184     3.68038
103     38     23     140.3     2.57381     4.80209
104     17     31     98.84     2.19472     4.86847
105     36     19     622.52     2.81201     4.48607
106     12     33     591.7     2.21096     3.60706
107     15     31     267.34     3.30869     2.69021
108     43     33     411.28     4.82418     3.00783
109     41     18     266.06     3.24621     2.73858
110     40     21     585.6     3.58834     4.23688
111     31     34     631.16     3.15937     4.12008
112     43     31     493.12     1.83882     4.06346
113     35     25     96.38     3.0893     3.94368
114     23     35     350.36     3.1897     2.72164
115     8     35     567.24     2.92555     3.70571
116     12     18     189.32     4.2194     4.58411
117     17     17     64.74     4.93548     3.87013
118     12     24     618.98     3.34437     4.148
119     42     21     696.72     4.48056     3.76118
120     15     24     649.26     4.87877     4.83436
121     36     22     492.94     3.92117     4.26824
122     23     22     186.68     4.28317     3.09923
123     38     26     119.84     4.20818     3.36352
124     43     26     336.26     3.59987     2.8573
125     31     27     542.5     2.16225     4.43228
126     32     30     529.86     4.57584     2.71851
127     45     26     242.78     3.94061     4.91493
128     12     35     52.92     3.9734     3.53671
129     9     32     431.84     2.19141     2.76269
130     18     18     359     1.56836     3.77102
131     16     27     404.74     4.39575     3.20498
132     9     17     322.72     3.33529     2.65969
133     12     18     612.16     3.89618     3.32926
134     36     28     104.2     2.32076     3.7064
135     41     27     211.5     2.11461     4.47394
136     43     35     199.86     3.70391     3.47919
137     40     32     660.62     4.95578     4.93301
138     40     23     646.98     3.04433     3.22153
139     32     29     250.24     3.89917     2.97426
140     36     25     179.22     1.71769     3.27647
141     24     30     194.5     4.77879     2.66884
142     16     31     472.94     3.53909     2.82273
143     30     25     575.6     2.74941     2.53403
144     20     24     599.7     3.07295     4.92378
145     26     29     646.62     4.94125     4.48828
146     27     17     217.96     4.1317     4.38856
147     28     28     96.2     2.80132     3.11876
148     12     19     52.92     1.9608     3.44615
149     10     23     125.94     2.62337     2.76154
150     11     16     331.54     2.61248     2.73171
151     35     28     198.68     2.26394     4.89433
152     46     24     168.76     2.50523     2.58515
153     39     18     277.7     1.54732     3.34071
154     25     30     447.84     1.67315     4.66262
155     13     18     244.88     4.35719     4.78904
156     11     32     597.52     1.70028     3.86029
157     12     26     277.98     1.91508     4.62134
158     46     28     427.92     2.34437     3.05063
159     41     33     259.24     3.74888     3.05658
160     11     28     11     3.84747     3.13173
161     47     23     510.76     4.34544     4.10573
162     20     25     347.36     4.43335     3.38771
163     42     19     430.74     4.49306     4.83863
164     39     15     195.86     3.49359     4.66338
165     20     16     449.66     3.31126     4.96498
166     18     15     461.3     3.46059     2.84997
167     33     25     94.38     2.96678     4.22643
168     25     18     406.92     3.36787     2.68448
169     18     35     181.68     1.57808     2.60163
170     18     18     611.34     1.59838     4.36079
171     13     31     26.64     2.30773     3.32431
172     10     20     385.1     4.32002     2.9532
173     27     20     511.22     3.64068     3.7125
174     21     20     355.18     4.6081     3.15317
175     33     25     203.5     2.35195     3.81184
176     25     27     127.3     2.25678     4.31799
177     31     34     651.62     2.16065     2.85028
178     27     28     456.66     4.77697     3.33201
179     12     20     687.18     3.57146     3.50604
180     34     35     538.68     2.58075     2.78077
181     17     34     255.7     2.90429     3.98717
182     15     34     465.12     2.35623     4.43701
183     17     30     112.48     4.01111     2.92436
184     19     28     428.2     3.12658     3.05948
185     40     22     415.1     4.17977     4.57633
186     33     32     612.7     2.49883     3.00462
187     41     32     497.94     3.22655     4.34683
188     8     18     362.64     1.59912     2.65007
189     29     30     445.02     4.27483     4.61524
190     26     28     367     1.69611     4.13121
191     43     23     152.12     2.72196     3.37863
192     31     34     112.84     3.01111     3.38969
193     11     32     590.7     1.89404     3.2075
194     43     23     411.28     2.21619     3.03499
195     10     18     78.2     2.8871     3.01271
196     27     34     108.84     2.62006     3.01836
197     41     31     163.76     3.59677     2.62604
198     12     17     673.54     2.0407     4.11885
199     21     25     177.86     3.43495     2.69227
200     29     17     281.34     3.86637     4.24223
201     17     20     248.88     3.23403     4.87495
202     16     23     438.84     2.30293     2.53258
203     23     19     432.2     3.83914     4.8732
204     13     28     572.24     4.8104     3.79574
205     11     15     58.74     3.38667     3.25228
206     22     33     492.58     4.22495     3.2358
207     41     30     136.48     3.77184     4.08628
208     28     35     218.96     2.07018     4.00403
209     25     18     393.28     1.80229     3.91263
210     41     18     129.66     2.5549     2.56005
211     34     24     702.36     3.54059     3.50032
212     36     22     602.06     1.75881     4.34568
213     44     19     678.26     2.33294     4.92958
214     32     27     311.62     3.50534     4.77149
215     29     15     458.66     4.52649     3.98434
216     45     21     481.48     2.42213     3.015
217     13     33     422.2     4.873     2.85791
218     14     29     164.04     4.1897     3.63315
219     17     31     146.58     2.62113     3.16988
220     9     25     84.02     2.47607     3.48476
221     36     25     642.98     2.29577     4.29662
222     42     24     62.46     3.56056     3.96794
223     9     19     452.3     2.6646     4.51376
224     8     19     89.84     4.14409     3.5683
225     35     16     205.5     1.89222     4.95109
226     15     19     390.1     2.84683     3.22069
227     38     18     99.38     4.8825     3.86036
228     36     16     677.08     3.39457     4.48264
229     19     30     537.32     4.80741     3.69541
230     20     29     170.04     2.49113     3.0208
231     39     30     495.94     1.82376     3.50452
232     37     34     200.68     4.37909     4.9102
233     28     17     273.52     2.97821     4.13556
234     11     20     133.76     2.58769     3.24473
235     39     31     100.38     3.29812     3.75362
236     37     23     582.6     2.36872     2.56188
237     16     22     432.02     4.07146     3.67107
238     37     23     337.08     3.31938     3.57852
239     38     22     419.92     1.81339     4.49019
240     36     21     445.2     1.69259     3.23977
241     32     29     441.2     3.92074     2.55806
242     35     33     682.9     1.89554     2.58034
243     45     28     140.48     4.51346     4.23444
244     27     33     265.7     2.17475     4.89876
245     37     22     541.68     4.46411     2.97159
246     31     22     365.18     3.48943     4.24291
247     29     21     315.44     2.11493     4.20705
248     36     35     499.76     3.07189     4.20972
249     23     17     145.76     3.68169     3.06825
250     16     15     643.44     4.1756     4.55588
251     39     30     659.62     4.34565     4.89097
252     8     31     342.18     3.51079     3.12197
253     32     18     188.86     3.03301     3.54846
254     40     18     271.88     1.86744     3.06864
255     13     18     510.86     1.88144     2.59461
256     15     34     492.4     2.92587     2.9255
257     16     32     36.46     4.39468     4.21911
258     32     15     250.24     3.75486     4.45265
259     31     25     549.32     1.78391     3.51421
260     26     28     646.62     4.9969     3.31385
261     10     16     357.82     3.49765     3.05589
262     9     22     247.7     2.2414     2.56371
263     38     17     624.52     3.43805     2.7958
264     43     32     97.56     4.08567     3.94604
265     13     16     149.4     4.3652     2.76635
266     43     24     424.92     3.38218     4.50507
267     11     21     563.42     2.48932     3.59851
268     34     28     327.26     3.17464     3.50963
269     34     18     559.14     2.24963     4.85168
270     33     32     264.88     2.82109     4.68925
271     40     33     53.64     1.78156     3.65635
272     17     28     337.54     3.80389     3.78292
273     20     27     436.02     1.57071     3.66939
274     11     23     590.7     3.72837     3.90088
275     20     15     347.36     4.7947     4.34126
276     16     24     118.3     3.00822     3.6977
277     42     34     608.06     2.35238     2.99623
278     18     28     495.4     3.2382     3.35925
279     18     23     474.94     2.08107     4.72518
280     16     27     104.66     4.25529     3.40129
281     46     33     516.58     4.16065     2.59018
282     46     33     537.04     3.38614     3.78071
283     42     34     137.48     3.20466     3.14287
284     27     32     490.76     3.88293     3.31957
285     16     30     609.34     3.04091     4.75349
286     10     25     282.8     4.54646     4.44121
287     14     17     355     2.1771     3.75431
288     34     16     415.92     2.03642     3.21909
289     11     30     283.8     2.45589     3.39434
290     22     34     376.64     2.3699     4.73861
291     45     26     461.02     2.39607     3.10709
292     13     20     340.36     3.10639     3.76995
293     22     32     492.58     3.2225     3.0903
294     34     20     504.58     2.22111     3.25541
295     26     23     53.28     3.08235     4.19904
296     29     24     329.08     2.16578     3.1077
297     42     18     96.56     3.9498     3.1502
298     17     17     671.72     2.11611     4.32134
299     13     26     47.1     3.21737     3.04064
300     28     28     362.18     2.90793     3.39656
