1     8     5     146     4.18799     2.88842
2     28     15     174.28     4.18351     3.43211
3     47     9     204.32     4.3684     2.64885
4     34     3     238.24     3.20989     2.9355
5     11     13     223.52     3.75037     3.38916
6     10     10     134.2     1.70605     3.12243
7     21     11     170.04     3.24097     3.48842
8     8     13     110.12     3.39981     4.60852
9     40     2     205.6     4.93506     2.84196
10     10     8     178.36     1.51057     4.58899
11     47     14     251.24     1.51997     3.06681
12     44     8     146.12     2.49829     3.45058
13     47     13     281.6     2.86776     3.01889
14     12     1     86.52     2.99754     4.195
15     25     3     270.64     1.8135     4.62363
16     38     4     93.2     3.94221     4.67528
17     10     1     228.04     1.62305     4.01761
18     26     4     42.56     2.3746     2.64458
19     34     4     298.96     3.64666     3.00462
20     17     13     116.36     2.94467     3.61789
21     32     9     95.48     4.16108     3.32293
22     19     14     237.04     3.59485     4.04523
23     12     7     185.88     3.89874     3.72501
24     28     15     268.12     4.43313     4.79858
25     28     5     83.2     2.26479     4.87053
26     43     13     89.92     4.79385     4.97017
27     40     1     139.36     4.24129     4.53101
28     26     13     288.2     2.48569     3.4843
29     30     7     162.48     4.97874     3.10808
30     17     14     284.72     2.2272     3.52092
31     46     5     214.36     4.57541     4.46287
32     10     13     175.6     1.76981     4.75196
33     31     6     229.72     4.04476     4.55901
34     14     6     121.64     4.7085     3.39
35     32     3     274.88     3.46892     2.91734
36     39     10     240.48     3.97938     2.55005
37     40     9     89.68     2.34106     4.38414
38     20     11     108.32     2.54604     2.92306
39     47     13     93.92     2.09442     3.71021
40     16     7     38.08     4.77184     3.76209
41     35     8     148.16     3.81906     2.9445
42     19     8     250.84     2.98088     4.18165
43     20     14     240.8     4.66631     4.13854
44     39     1     276.36     4.70605     4.76844
45     47     11     80.12     3.44061     4.86412
46     37     9     205.36     2.62423     4.5056
47     39     14     119.04     4.87866     4.0434
48     46     9     261.28     2.67988     3.0089
49     31     4     293.2     1.616     3.09168
50     42     1     64.08     1.895     3.07558
51     18     4     260.88     3.84213     4.87236
52     12     13     202.44     3.36766     3.54564
53     43     10     192.04     4.64132     2.96411
54     43     7     263.8     1.95695     4.97566
55     13     11     90.28     3.52243     3.7418
56     35     8     264.08     3.65712     3.12517
57     29     12     37.28     4.13565     3.76827
58     18     8     285.72     1.6568     2.75552
59     42     1     83.4     3.67689     4.99977
60     28     4     290.2     3.58802     4.24123
61     44     11     159.92     1.97906     2.80351
62     24     13     286.2     4.96123     2.99356
63     34     11     249.28     2.29235     4.288
64     24     1     266.88     3.2884     4.19706
65     43     4     51.28     3.74995     4.44494
66     37     5     111.52     3.89425     2.85844
67     46     10     241.96     3.02297     2.60483
68     8     1     79.76     3.41305     4.16791
69     18     2     216.72     1.66204     4.20476
70     26     4     139.16     3.47533     4.17272
71     15     7     136.44     1.6269     2.8676
72     37     6     199.84     2.08032     3.26373
73     18     6     95.28     3.00278     2.79565
74     33     8     151.68     4.6567     4.97429
75     29     10     45.56     3.90472     3.97496
76     40     1     304.96     2.3103     2.59133
77     12     4     174.84     2.56986     2.69311
78     18     1     29.04     4.76031     3.57967
79     9     15     246.36     1.63619     4.86961
80     10     15     26.56     1.96165     4.31745
81     34     12     53.32     4.1097     4.69771
82     15     14     48.12     4.91604     2.64595
83     14     13     132.68     4.51837     3.60042
84     36     8     160.2     4.66952     3.23054
85     19     5     57.64     3.25411     4.49751
86     8     13     71.48     3.4985     3.23397
87     11     14     44.12     2.10233     3.88562
88     23     7     92     2.78263     3.3037
89     42     5     66.84     1.95834     4.23101
90     31     12     298.72     3.56537     3.86998
91     42     5     249     2.73179     4.17463
92     19     13     206.68     2.30165     4.25733
93     47     6     223.64     1.93837     4.04942
94     44     9     68.84     2.79417     4.6086
95     28     13     199.12     2.47938     4.21087
96     43     4     222.4     2.31574     3.12105
97     44     8     140.6     1.60831     3.67908
98     16     14     283.72     4.42032     3.59539
99     25     7     179.56     3.08513     4.09421
100     23     6     39.56     2.4404     3.29684
101     24     9     258.6     3.51805     3.98396
102     21     6     32.04     3.67379     3.62926
103     19     7     107.32     1.89308     3.34353
104     23     4     287.96     3.25518     3.6211
105     14     5     96.8     4.29075     3.52832
106     36     1     60.84     2.2178     3.72478
107     27     5     275.4     2.7899     4.95903
108     14     6     138.2     3.24087     4.92744
109     22     14     137.92     2.06024     2.63901
110     29     3     92.48     1.58524     3.17499
111     25     3     218.2     2.64132     4.48485
112     19     11     190.12     2.71705     4.10878
113     33     12     198.6     3.90889     4.96826
114     9     9     124.92     3.61707     3.11373
115     39     13     163.2     2.22997     4.0717
116     17     12     44.6     4.27996     3.18033
117     41     3     283.88     1.80432     4.05583
118     10     2     222.52     3.89885     3.0781
119     46     13     225.4     3.19344     4.03928
120     15     10     155.76     2.73927     3.34193
121     45     13     257.52     4.53781     4.89166
122     24     11     255.84     2.699     2.57103
123     23     10     23     4.96101     4.43846
124     8     8     63.2     3.0565     4.04027
125     40     14     100.72     3.16118     2.97845
126     29     5     117.32     1.90611     2.62375
127     34     9     298.96     1.69109     4.11428
128     27     14     123.6     3.28167     4.53169
129     34     3     119.56     2.92448     3.39427
130     41     6     272.84     1.96635     4.85847
131     17     11     77.72     3.71     4.76829
132     10     7     283.24     1.99135     2.94458
133     12     15     241.08     2.71363     4.85458
134     46     12     217.12     2.32098     3.0504
135     28     15     171.52     2.94766     2.5206
136     30     13     187.32     2.22591     2.84211
137     31     11     182.8     2.48772     3.77514
138     28     6     257.08     1.84384     4.691
139     30     10     203.88     4.87663     4.47333
140     41     15     123.8     4.92737     4.78431
141     37     4     227.44     3.71651     3.33445
142     12     3     196.92     2.77911     2.54952
143     30     13     231.48     4.44841     2.77207
144     42     14     64.08     2.37577     2.89064
145     22     2     27.52     2.8182     2.53624
146     8     2     43.88     4.17817     3.73661
147     38     1     46.28     4.03183     3.66909
148     35     9     294.44     3.12871     3.90301
149     27     11     159.48     2.09645     2.77184
150     17     9     254.36     2.33775     3.76583
151     22     12     160     3.35025     4.08551
152     37     9     227.44     4.45663     3.74767
153     21     14     78.96     3.17849     4.38292
154     39     14     88.68     1.73745     3.1167
155     24     6     219.96     3.41882     3.174
156     41     11     140.36     3.28199     4.09795
157     13     15     145.48     3.95204     3.22352
158     11     3     273.2     4.97661     3.79704
159     37     9     61.84     3.48227     3.88104
160     32     13     48.56     3.61579     3.93674
161     13     12     170.32     2.5031     4.72335
162     23     13     69.92     2.71224     3.40556
163     46     5     73.6     4.95247     4.50972
164     27     5     145.68     2.99541     3.61911
165     29     13     70.4     4.55362     2.94939
166     35     2     109.52     2.09667     4.19416
167     35     15     189.56     4.84544     2.78176
168     27     9     159.48     3.42245     3.9346
169     22     11     63.4     2.89831     4.66903
170     17     2     160.52     2.7147     4.63057
171     14     9     248.6     3.2194     4.90089
172     24     5     197.88     4.79929     2.66976
173     17     14     182.6     2.3433     3.41235
174     41     9     283.88     4.02126     3.46103
175     40     10     285.64     3.61226     4.61409
176     45     6     141.6     1.86766     3.67092
177     31     8     254.56     2.64238     3.53458
178     36     4     215.4     2.27879     3.77239
179     9     11     163.56     2.97842     4.77538
180     18     12     213.96     2.14548     3.40625
181     18     9     167.04     2.43538     4.27862
182     29     11     208.4     4.99519     4.55496
183     35     1     57.08     2.62743     3.90728
184     8     11     132.2     1.86445     2.52869
185     42     2     94.44     3.18522     3.83763
186     10     11     56.92     3.3605     4.76478
187     31     5     293.2     1.66012     2.76414
188     39     12     94.2     3.90793     4.9382
189     8     1     264.68     2.61579     3.41739
190     38     5     145.64     4.18532     4.88624
191     13     3     21.28     4.4075     3.39396
192     10     8     247.36     4.24781     4.34416
193     13     6     54.4     2.14901     3.79902
194     41     7     270.08     2.33753     3.49445
195     8     2     154.28     3.36691     3.20139
196     40     11     194.56     2.8824     3.32804
197     18     4     150.48     3.84256     4.40123
198     13     1     253.12     2.18052     3.81809
199     46     2     159.16     4.14078     4.0099
200     20     15     215.96     4.27419     4.90623
201     25     5     182.32     3.82739     4.84283
202     43     7     211.36     4.00983     2.80145
203     27     13     250.56     4.8731     3.6243
204     29     4     42.8     3.78658     4.09169
205     42     12     301.44     3.24525     4.0054
206     18     10     142.2     4.49145     2.66724
207     30     8     217.68     3.68746     4.89372
208     30     1     112.8     2.1222     4.45738
209     22     5     165.52     1.68607     4.09589
210     46     11     131.56     4.0987     4.97894
211     25     10     212.68     2.62465     4.77325
212     22     13     129.64     2.25999     4.69794
213     46     11     272.32     4.62561     4.70878
214     21     6     125.88     4.05042     4.70328
215     21     13     266.64     4.57968     3.38733
216     23     13     254.84     2.89254     2.69288
217     43     6     197.56     2.86274     4.38864
218     11     3     71.72     3.2477     4.27297
219     26     4     48.08     3.2398     3.09168
220     10     10     167.32     2.36392     4.56877
221     23     3     97.52     4.45717     4.69291
222     30     15     63.12     2.21192     2.64893
223     19     12     110.08     4.52147     2.53586
224     25     14     154.72     2.60735     3.76156
225     34     8     149.92     3.66674     4.2542
226     25     14     276.16     3.52211     4.38299
227     30     4     173.52     2.50833     3.22619
228     43     4     65.08     2.58182     2.57935
229     29     11     227.72     2.38517     2.8428
230     13     12     200.68     1.75219     3.68023
231     39     12     165.96     4.38859     3.5876
232     10     6     90.04     2.21085     3.76492
233     33     2     41.28     3.57936     2.92917
234     18     9     53.88     4.9091     3.46149
235     13     11     184.12     2.89222     3.0266
236     39     11     121.8     2.81884     4.55794
237     16     15     203.68     4.72709     3.74653
238     17     9     124.64     3.36937     4.42602
239     10     11     189.4     4.7289     3.49361
240     11     5     63.44     4.06922     3.2577
241     25     3     135.4     1.7539     2.8531
242     28     8     301.24     1.81756     4.11397
243     23     1     122.36     3.02499     3.54564
244     39     10     240.48     4.40194     3.28578
245     23     2     196.88     3.47191     2.69509
246     35     10     51.56     2.18329     3.46858
247     44     8     295.16     2.2617     4.90852
248     36     14     185.04     4.97041     4.74807
249     10     14     239.08     4.01559     4.66872
250     24     8     197.88     4.07883     3.39915
251     27     13     134.64     4.71224     4.03943
252     43     4     167.2     3.0799     3.49757
253     11     6     121.4     4.2806     3.18278
254     19     12     198.4     1.73606     3.8432
255     37     8     103.24     3.87887     3.68961
256     29     12     299.48     3.12423     2.69684
257     28     2     63.88     1.86093     4.72175
258     14     14     212.72     1.94531     2.82899
259     26     3     199.88     2.43132     4.46692
260     10     3     48.64     3.02361     4.38078
261     13     4     269.68     1.98622     4.4071
262     17     14     41.84     3.49135     3.03819
263     28     11     279.16     2.14345     3.89782
264     45     2     290.64     1.66225     3.5184
265     14     9     121.64     3.9592     2.56104
266     30     9     32.76     4.59197     3.36833
267     36     14     245.76     4.33166     2.99043
268     14     1     99.56     2.82579     4.57625
269     19     1     201.16     1.59336     3.76843
270     13     14     225.52     3.33476     2.99516
271     11     15     46.88     3.29096     2.79679
272     29     2     186.32     1.63833     3.07993
273     10     11     200.44     4.65082     3.43898
274     39     15     72.12     1.61515     2.93535
275     9     6     138.72     4.23424     3.47537
276     13     2     90.28     2.50085     4.67772
277     37     15     177.76     4.27889     4.37048
278     38     9     239.48     2.0737     2.60872
279     32     13     280.4     2.72826     3.35353
280     21     6     172.8     2.02777     4.20194
281     14     10     273.44     4.94852     3.31065
282     42     4     218.64     1.53343     3.90118
283     41     8     82.4     2.63213     2.99013
284     32     1     136.88     3.48526     4.73235
285     45     3     69.84     3.89105     2.51991
286     13     6     184.12     1.93762     2.72668
287     28     11     77.68     2.53439     4.23795
288     45     11     58.8     3.22794     4.15799
289     35     14     62.6     2.03642     3.83427
290     32     9     84.44     3.78712     3.09023
291     43     15     54.04     3.19045     4.30631
292     31     1     44.8     1.63726     4.24017
293     9     7     207.72     4.45044     2.72675
294     10     10     54.16     3.07776     3.65001
295     39     10     63.84     4.46037     4.82337
296     21     4     255.6     3.55811     4.67467
297     33     12     281.4     3.27142     4.87136
298     38     3     162.2     2.2383     4.27999
299     16     6     280.96     2.24578     3.39869
300     41     5     176.24     4.73702     4.65438
