1     19     11     454.24     2.38079     3.14394
2     44     35     253.56     2.78498     2.5985
3     10     35     337.773     4.45193     2.61086
4     46     26     67.4933     1.50577     4.6495
5     18     6     60.9867     2.65584     4.18424
6     35     39     454.12     4.55618     3.08344
7     36     32     541.093     2.279     4.98383
8     30     7     357.773     2.88485     4.02455
9     44     10     237.44     2.8229     3.5873
10     38     36     118.6     3.64751     2.93039
11     36     8     100.48     2.28391     3.36032
12     29     6     528.72     2.3292     4.32897
13     8     4     212.187     3.62017     3.59897
14     36     7     358.4     2.55576     4.36697
15     11     10     258.173     2.40558     3.48491
16     12     5     474.107     3.09111     3.67153
17     17     2     43.8667     4.67197     3.85289
18     22     28     215.44     4.52318     3.02385
19     44     25     441.627     4.93773     4.27084
20     44     34     565.213     4.13683     4.34576
21     47     32     235.067     4.92544     2.93268
22     14     33     363.267     3.47426     4.49797
23     14     11     202.067     2.9655     4.363
24     38     8     102.48     4.08374     4.39215
25     12     27     500.973     3.08866     4.93492
26     44     3     60.12     1.95396     3.41418
27     34     21     555.213     1.80442     3.70006
28     27     22     499.853     1.63833     4.16089
29     31     25     476.987     1.56825     3.53122
30     10     22     327.027     4.56462     4.9884
31     11     12     489.227     1.93623     2.57721
32     28     24     81.7333     3.03343     2.874
33     27     6     505.227     3.40632     3.53084
34     24     40     427     4.40376     4.08979
35     32     21     327.533     2.94766     3.20864
36     33     11     274.8     4.96571     2.68853
37     8     32     502.347     2.2179     4.94354
38     23     5     388.387     4.5015     4.30326
39     11     37     446.24     3.9671     3.78986
40     13     4     442.867     2.03301     2.75803
41     47     19     89.9867     3.62935     4.54123
42     9     35     444.24     4.25806     4.49217
43     44     24     119.227     4.10254     2.56027
44     32     1     311.413     4.6724     3.29608
45     17     4     387.76     4.71491     4.92164
46     15     7     57.9867     3.38122     2.86058
47     14     5     261.173     2.87909     4.36613
48     26     37     36.7467     4.59699     4.63797
49     47     9     283.427     4.93463     3.5696
50     25     30     143.213     2.32418     3.51596
51     16     31     461.987     4.17624     4.72213
52     14     7     239.68     3.23382     3.8039
53     19     30     400.507     3.07178     4.42076
54     32     12     397.387     2.7225     3.03156
55     19     36     518.72     2.66546     3.87463
56     27     11     274.173     1.6615     3.56082
57     37     17     440     4.67048     4.42282
58     46     6     449     4.33198     4.50903
59     26     25     445.12     1.7477     3.36398
60     12     37     54.9867     4.54753     3.98556
61     22     14     145.587     4.97298     2.59919
62     27     35     344.027     1.96561     4.14068
63     36     19     519.6     3.49103     2.5869
64     40     21     174.333     3.08524     4.02676
65     23     26     162.707     3.3574     4.11077
66     17     22     468.36     3.43217     2.77215
67     18     23     539.213     2.06772     2.85913
68     17     21     108.347     3.43239     3.06772
69     18     27     216.813     3.77494     4.31852
70     32     20     209.32     1.97255     4.96529
71     23     34     517.347     1.69248     3.97778
72     33     35     564.96     2.64805     4.98901
73     31     5     106.227     4.68757     2.84631
74     34     12     560.587     4.69825     3.05956
75     26     33     203.32     3.05918     3.28387
76     31     21     439.373     3.12978     4.73029
77     22     22     322.907     3.00566     2.64313
78     47     17     299.547     1.52756     3.73585
79     13     25     491.227     3.77868     4.72503
80     13     38     195.693     2.55202     4.85382
81     11     34     252.8     1.5251     4.04576
82     25     8     465.613     4.12497     4.57823
83     41     22     320.413     2.31649     2.91757
84     20     13     46.8667     4.80271     4.60616
85     12     38     312.907     2.36541     3.84091
86     24     31     416.253     4.33657     3.13631
87     46     6     368.4     1.93004     4.70962
88     30     14     132.093     2.92106     3.98083
89     19     40     438.12     3.90632     4.32829
90     45     35     254.56     2.62925     3.48842
91     38     39     387.267     4.10639     3.24282
92     34     22     189.827     4.03578     2.78123
93     42     28     359.027     4.72613     4.88266
94     42     33     391.267     1.52724     2.80343
95     41     36     67.8667     1.99904     4.51567
96     26     34     251.68     1.801     4.68268
97     17     39     489.853     4.03867     3.51634
98     23     13     361.52     2.54999     2.90368
99     26     11     316.16     1.8668     3.94528
100     15     7     391.133     4.83583     3.79498
101     17     39     124.467     2.13138     3.44211
102     46     5     287.8     3.14943     4.32722
103     40     17     211.947     2.51004     2.93039
104     18     3     324.28     2.15947     3.72501
105     19     1     104.973     4.30218     4.63538
106     24     5     233.56     4.14772     2.89041
107     45     3     458.747     2.7084     2.91368
108     19     25     40.4933     2.13128     4.13945
109     17     32     548.96     3.79727     2.89659
110     28     35     242.933     3.17454     3.75065
111     17     22     92.2267     1.65894     4.44433
112     37     32     402.387     4.88614     4.82681
113     19     27     309.16     3.24845     3.91408
114     37     36     327.16     2.10479     2.96838
115     46     22     131.973     2.91316     3.74012
116     40     12     99.1067     2.77291     4.76028
117     34     23     265.053     4.61109     4.8262
118     20     28     175.827     3.99605     4.07002
119     29     34     534.093     4.31425     4.25069
120     29     10     437.373     1.79203     3.66001
121     31     24     374.893     2.60083     3.2841
122     9     1     369.013     3.02585     4.61035
123     23     21     71.36     1.93495     3.2194
124     20     31     460.613     4.53279     3.55586
125     19     35     94.2267     2.63224     4.01425
126     46     24     169.587     2.42929     2.73469
127     12     21     431.12     4.51538     3.24618
128     8     9     303.533     3.61077     2.84967
129     40     13     99.1067     3.75497     2.88049
130     19     13     190.947     4.43698     3.74203
131     22     24     505.6     2.3997     3.84991
132     17     11     43.8667     3.10532     2.8779
133     37     28     558.213     2.59229     3.44722
134     17     30     462.987     3.71149     4.14708
135     38     9     123.973     2.97436     3.03064
136     15     36     369.64     4.99733     4.47417
137     13     21     77.48     4.27804     3.54122
138     34     31     222.067     1.78616     3.24267
139     29     22     82.7333     3.10511     3.83274
140     21     7     536.84     2.60639     4.53139
141     9     4     444.24     1.89425     4.31463
142     30     22     336.28     4.00171     4.66277
143     19     11     24.3733     3.57488     3.40678
144     10     35     434.493     2.02873     2.5647
145     40     14     362.4     4.90899     4.30731
146     23     32     243.307     2.4436     2.94435
147     25     15     385.013     2.52083     4.57251
148     41     28     567.587     1.57413     4.77409
149     28     8     559.96     4.61333     3.50925
150     38     26     489.36     4.38069     2.59049
151     26     30     52.8667     2.87236     4.88075
152     17     39     140.587     2.70402     3.10602
153     23     16     366.893     2.55896     4.92317
154     26     32     101.227     4.70124     4.6324
155     13     36     324.653     2.28829     3.17652
156     12     2     92.6     3.46838     4.31707
157     17     3     387.76     3.99626     3.6269
158     22     39     521.72     3.85142     3.19208
159     36     40     191.827     4.09442     3.66138
160     20     40     347.773     2.44382     4.03554
161     43     36     569.587     4.31094     3.33605
162     35     22     217.693     4.77259     4.54512
163     32     5     558.587     3.72089     4.95575
164     8     32     384.133     2.6708     3.32453
165     31     19     111.6     3.46208     2.96648
166     41     32     62.4933     2.8386     3.68259
167     41     9     83.9867     3.14003     4.1612
168     26     13     547.213     1.5909     2.74407
169     20     2     36.12     2.91957     3.19658
170     34     27     71.6133     3.79342     3.37405
171     41     17     196.827     4.30378     3.42372
172     27     22     155.96     1.98494     3.91385
173     21     16     429.373     2.60137     3.03011
174     38     19     75.6133     3.18863     3.22993
175     25     34     256.053     2.58075     3.99541
176     20     23     100.6     1.90974     3.57547
177     18     33     292.04     4.81158     3.85838
178     38     38     193.827     4.32119     3.76392
179     17     33     538.213     4.69419     2.7974
180     22     37     339.027     2.1363     2.65534
181     44     27     484.613     4.17689     3.52298
182     36     40     191.827     4.67016     2.95549
183     12     27     404.253     4.65937     3.98251
184     10     14     15.3733     3.08673     2.82678
185     45     26     130.973     2.08524     2.87812
186     24     8     195.947     3.33518     2.81243
187     8     37     480.853     1.721     2.99699
188     25     37     175.453     1.77216     3.07268
189     44     28     328.787     3.62284     4.85344
190     36     8     422.88     4.9734     3.43348
191     17     3     505.973     4.29086     3.14409
192     44     25     350.28     2.73019     3.74813
193     28     4     533.093     4.01122     3.51581
194     16     8     48.24     2.7367     4.5706
195     30     28     379.267     2.38507     4.6456
196     20     37     546.587     4.46197     3.14249
197     45     18     259.933     3.04561     3.1328
198     38     3     398.013     3.21032     4.69153
199     25     35     266.8     3.06195     3.70495
200     26     16     348.4     3.37022     4.04263
201     24     16     346.4     2.03162     4.73449
202     22     15     382.013     2.34896     2.54234
203     11     6     489.227     2.85922     4.06941
204     23     14     259.427     4.69654     2.79466
205     23     5     55.24     4.22346     2.67586
206     42     24     455.747     3.4153     3.71006
207     12     2     259.173     2.23147     3.59287
208     35     12     314.413     1.95877     3.3668
209     41     14     331.16     4.76074     3.70006
210     34     20     222.067     3.4169     4.6849
211     46     28     169.587     2.48793     3.29791
212     25     31     556.96     1.88881     3.91202
213     33     15     559.587     1.60639     3.50017
214     23     8     366.893     4.04411     4.42289
215     42     9     364.4     2.72987     3.93887
216     9     37     476.48     3.8699     3.3301
217     39     29     350.653     2.9843     3.28196
218     43     40     553.467     1.60724     3.40838
219     9     6     202.44     3.78787     2.56363
220     19     33     201.693     3.87396     2.83059
221     20     30     299.413     3.31649     3.82656
222     47     34     213.573     4.97468     2.71676
223     43     24     446     1.65947     4.07704
224     26     34     375.267     1.89927     4.99519
225     42     38     251.56     4.66054     4.55267
226     35     3     244.56     4.50908     3.07642
227     42     3     423.507     1.94702     2.80229
228     29     12     195.573     2.40835     2.83975
229     24     26     507.6     3.1474     2.57904
230     24     15     265.8     4.00652     3.93178
231     46     6     287.8     2.7947     4.04462
232     23     28     528.093     4.26479     3.87768
233     25     8     159.333     3.41893     4.28747
234     8     12     276.667     3.63266     2.50534
235     10     28     69.1067     2.326     3.15271
236     39     31     366.773     4.6708     4.18172
237     45     28     324.413     1.56494     4.38467
238     27     31     327.907     3.86125     2.86088
239     45     11     372.773     2.58171     4.58197
240     31     34     213.693     3.10553     4.94659
241     21     11     552.96     3.06131     4.96521
242     35     4     174.707     2.4106     4.96506
243     16     33     144.96     2.95685     3.45668
244     33     19     226.44     1.76159     4.05179
245     27     27     435.373     2.20669     4.57366
246     8     9     341.147     1.68223     3.75042
247     22     1     64.9867     4.13854     4.63263
248     28     29     280.547     2.48323     2.62375
249     22     25     382.013     3.56099     4.76745
250     19     10     362.893     2.19739     3.17805
251     46     24     51.3733     1.54337     4.25932
252     34     7     544.467     3.70327     4.09871
253     9     24     19.7467     4.88208     4.1792
254     23     13     468.987     3.03504     2.79962
255     26     5     396.76     3.25497     3.84304
256     44     37     489.987     4.38111     3.28455
257     20     32     111.347     4.56355     2.5792
258     34     7     302.667     2.26917     4.32035
259     26     36     353.773     2.46155     4.30883
260     35     11     51.12     4.43986     2.92405
261     17     11     393.133     2.07231     4.93797
262     39     4     452.747     4.40664     3.16103
263     32     26     241.56     2.39297     2.56302
264     16     1     32.12     1.70412     2.75697
265     31     24     73.9867     1.88603     2.98853
266     14     34     99.9733     3.32408     2.52098
267     45     27     415.76     2.75903     3.05635
268     44     17     371.773     2.83753     3.58264
269     41     3     261.307     3.43078     4.28938
270     17     14     441.493     3.70605     4.94034
271     10     21     251.8     3.68618     4.34561
272     8     25     378.76     2.77964     3.82252
273     39     2     124.973     1.51784     3.78643
274     33     4     215.693     3.98216     3.86219
275     15     22     401.88     2.65552     3.15653
276     45     23     109.48     2.68426     3.58249
277     34     25     34     4.28242     2.87614
278     45     26     61.12     3.76437     2.69593
279     38     9     43.3733     1.93997     3.44653
280     28     30     516.973     3.35633     3.7157
281     11     29     301.16     2.11985     3.46728
282     33     37     387.64     4.2852     3.87913
283     40     28     276.427     2.0423     2.9667
284     14     21     486.853     2.18981     4.88464
285     11     20     166.827     3.12423     4.54413
286     43     25     472.867     1.83422     2.94
287     14     20     411.627     2.13202     4.82498
288     28     16     549.213     4.105     4.12404
289     20     35     256.427     2.02489     3.72845
290     30     20     454.493     2.19686     2.5602
291     24     6     56.24     3.98312     4.04775
292     14     12     486.853     4.48601     3.90316
293     14     37     400.88     1.62487     3.84228
294     11     27     96.9733     3.59047     4.13732
295     16     6     187.947     1.91145     4.14319
296     15     14     509.347     3.61835     3.68831
297     18     25     136.213     2.73788     4.47043
298     18     34     458.613     4.10297     4.34706
299     14     27     62.36     4.21278     3.66329
300     47     36     310.293     3.62636     4.00548
