1     43     20     383.28     2.96208     4.38292
2     21     22     455.4     4.53877     3.18064
3     29     29     166.56     4.82771     3.30119
4     24     24     52.96     4.03365     4.70763
5     43     34     687.36     3.50887     4.53299
6     17     32     118.36     3.16247     2.94359
7     43     19     752.52     3.38902     4.31997
8     29     25     412.72     1.99936     4.14533
9     15     32     543.52     2.88923     3.2429
10     25     31     466.64     2.42908     4.75288
11     34     29     497.36     1.8104     2.98845
12     35     35     606.96     4.33209     4.56359
13     39     22     531.32     3.86189     3.42998
14     30     18     616.44     3.95738     2.71821
15     26     21     547.28     3.87909     2.51938
16     9     30     711.28     4.98366     4.00037
17     29     24     318.6     1.72709     3.99289
18     33     19     337.08     3.76693     2.94679
19     45     27     305.64     4.39308     2.88804
20     35     29     527.32     4.77622     3.27219
21     42     18     650.16     2.26479     3.87425
22     35     20     520.08     3.21651     2.60498
23     42     23     70.96     3.59838     4.89502
24     15     22     652.12     4.83956     2.53632
25     38     32     342.08     4.67186     3.62316
26     44     33     181.56     2.44136     3.98144
27     28     19     542.04     4.12711     4.22849
28     17     32     596.2     3.54849     2.85333
29     44     26     434.96     1.99947     4.45769
30     31     31     139.6     4.29054     3.54923
31     43     22     361.56     4.43442     3.02698
32     39     26     647.16     3.96059     2.74949
33     43     20     557.04     2.59133     4.82734
34     28     22     404.48     4.26415     3.5287
35     24     23     697.32     2.73617     3.94162
36     44     30     695.6     3.75347     4.77966
37     12     16     728.76     2.52008     4.47539
38     28     15     143.84     4.95161     3.44958
39     20     25     671.6     4.44659     4.19874
40     25     27     712.8     2.66214     4.58922
41     25     27     184.28     3.52564     3.50177
42     47     25     640.68     2.46828     4.21377
43     25     20     625.92     1.61557     4.66231
44     38     26     349.32     2.91722     4.97711
45     19     34     243.44     2.95236     3.92537
46     8     34     377.24     4.39393     4.65773
47     31     25     711.56     4.86637     3.89653
48     44     34     724.56     2.68137     4.95796
49     27     26     512.08     4.68661     3.74638
50     22     34     680.84     2.20904     3.11487
51     47     18     539.32     1.83262     4.72846
52     45     17     450.44     3.48793     3.82466
53     42     30     483.64     2.094     3.50909
54     36     26     332.84     3.2336     3.97839
55     10     25     516.8     3.09677     3.31011
56     34     30     381.52     3.67742     2.71111
57     24     34     154.32     2.9577     2.86401
58     33     23     423.96     3.06355     4.26336
59     33     35     648.4     4.12647     3.18133
60     26     23     460.4     2.33561     3.65452
61     15     32     51.2     1.91476     4.63088
62     16     30     291.12     3.50876     2.66953
63     46     17     140.12     3.21299     4.33218
64     25     33     169.8     3.23093     3.65764
65     15     28     261.16     1.89457     3.86059
66     24     19     429.44     2.53055     3.64368
67     40     15     510.6     1.90803     4.76524
68     37     23     413.48     4.75208     3.75195
69     34     20     475.64     4.05608     4.39833
70     43     21     557.04     1.67902     3.94223
71     18     20     39.72     1.96187     4.55847
72     34     25     743.52     3.84501     3.05933
73     17     20     509.32     4.72484     2.94527
74     19     16     576.48     3.03087     4.19362
75     44     27     196.04     2.26031     4.92744
76     22     30     463.64     3.45119     2.85531
77     13     34     215.72     2.83113     3.12197
78     47     23     720.32     2.62636     2.96068
79     16     24     428.68     2.76244     4.78797
80     12     19     345.04     2.44424     3.13105
81     22     27     456.4     3.84747     4.53032
82     25     31     539.04     4.90728     3.3037
83     13     19     165.04     4.93815     4.81849
84     37     26     73.2     3.06836     4.15624
85     22     23     615.68     2.72538     4.31585
86     10     23     379.24     2.15413     4.34225
87     46     18     639.68     1.70519     4.02272
88     9     16     443.4     4.37513     3.04102
89     14     30     448.4     1.83369     3.73096
90     19     19     207.24     2.92405     2.818
91     11     24     25.48     2.36787     3.792
92     33     33     510.84     2.66129     2.79923
93     47     17     206.28     4.39575     4.69672
94     29     17     57.96     4.48793     4.65735
95     29     35     658.88     1.55287     4.46799
96     15     20     615.92     2.40611     3.91034
97     9     29     9     4.42672     3.8657
98     25     16     365.28     3.76778     4.03348
99     38     35     515.84     4.14826     4.40481
100     11     24     76.16     2.70925     3.38221
101     22     18     246.44     4.67144     4.18462
102     32     33     509.84     4.77494     4.92943
103     45     28     276.68     4.73991     4.03203
104     39     25     140.36     4.72773     3.81344
105     38     17     349.32     3.04134     3.95627
106     43     30     578.76     1.54668     2.70005
107     45     17     703.84     2.04946     4.91676
108     12     25     417.44     1.61344     4.95605
109     27     33     135.6     3.55298     3.40274
110     35     23     447.68     3.08449     3.13517
111     14     27     680.08     2.87236     3.82633
112     25     21     647.64     3.45172     2.77772
113     38     31     153.84     2.76437     3.7273
114     17     17     617.92     2.29096     4.02127
115     17     32     596.2     1.51399     4.29083
116     25     33     206     2.69718     3.52466
117     8     18     464.12     4.21342     3.6774
118     46     18     350.08     4.40771     4.20454
119     24     17     60.2     4.72869     3.16546
120     21     21     462.64     2.61248     2.78382
121     25     33     126.36     4.85463     3.60668
122     18     23     568.24     2.95257     2.65328
123     26     35     272.16     4.15595     4.69329
124     13     25     230.2     3.7053     4.54543
125     44     23     543.56     2.49712     4.53803
126     32     15     292.64     4.65755     2.52037
127     26     24     409.72     4.75892     4.56717
128     11     23     510.56     4.16588     2.76536
129     23     24     493.6     3.24236     4.72541
130     32     28     444.68     1.90547     2.70569
131     24     16     458.4     4.26127     3.99319
132     47     35     68.72     3.80474     2.92833
133     14     19     622.16     4.42085     3.71708
134     10     22     487.84     4.66866     4.41878
135     13     16     317.08     4.08492     3.75225
136     34     17     490.12     4.48975     3.60935
137     32     24     394     2.03012     3.91751
138     25     29     654.88     2.44531     2.7411
139     27     15     490.36     2.78765     3.26304
140     30     15     276.16     3.58406     3.03705
141     15     25     43.96     1.67251     4.65033
142     20     26     70.68     3.19793     3.18888
143     25     18     75.68     3.50053     4.64461
144     35     28     121.88     4.88368     3.15561
145     11     24     727.76     4.99231     3.72036
146     38     22     465.16     2.29     3.27525
147     26     25     395.24     3.8652     4.27847
148     43     24     405     1.55405     3.68793
149     15     20     65.68     3.1129     3.97649
150     30     34     732.28     3.92405     4.073
151     14     19     79.16     3.47159     4.3714
152     14     33     651.12     4.56922     3.69732
153     42     22     541.56     1.57488     4.87419
154     30     29     261.68     4.07883     4.27702
155     39     19     162.08     4.29545     4.51788
156     38     32     733.04     4.6474     3.15073
157     46     29     284.92     3.27366     4.0376
158     40     18     264.44     4.94723     4.26664
159     28     29     85.92     4.13555     3.26266
160     35     34     599.72     4.18981     4.48073
161     11     18     213.72     1.89607     3.82244
162     19     16     337.56     4.87332     2.66831
163     24     24     538.04     4.0517     4.66323
164     39     28     191.04     3.71801     4.14815
165     35     21     158.08     3.359     2.87851
166     17     33     560     2.2899     2.91818
167     34     30     142.6     1.80175     4.85199
168     10     28     451.64     2.31083     4.20499
169     23     35     703.56     1.74567     2.71187
170     43     34     470.16     3.15659     4.82444
171     21     30     571.24     2.77953     3.59928
172     29     25     622.68     1.54241     3.85617
173     31     17     682.6     4.24471     4.24757
174     42     23     592.24     3.89639     3.62957
175     42     25     208.52     2.95183     3.37558
176     26     31     416.96     2.41946     3.52268
177     38     21     132.12     3.58567     4.39215
178     15     21     579.72     2.3339     4.07346
179     24     24     320.84     3.2962     3.41403
180     42     16     440.2     2.31874     3.90378
181     11     24     32.72     2.97842     2.59598
182     35     22     563.52     1.63266     4.45547
183     34     21     149.84     3.23873     3.77308
184     20     18     534.04     2.4248     2.53937
185     31     18     146.84     2.54946     4.91615
186     23     31     609.44     3.73243     3.19689
187     8     18     616.16     4.5909     4.39879
188     20     25     222.72     4.66706     2.87309
189     44     27     449.44     3.27996     3.07817
190     44     28     739.04     2.7868     2.90376
191     43     27     499.12     4.98761     4.18729
192     24     24     530.8     1.65755     3.31393
193     44     19     492.88     3.94275     3.53969
194     27     27     157.32     3.10083     4.42915
195     36     28     151.84     1.8244     2.54761
196     28     22     737.52     1.62893     3.79948
197     21     30     354.04     1.54059     4.05179
198     13     32     273.64     2.06847     3.43562
199     36     24     340.08     3.19536     3.46393
200     14     19     680.08     4.37086     4.85801
201     11     27     155.8     2.2429     2.7221
202     19     33     424.44     4.61013     4.45791
203     29     32     195.52     3.82984     4.55809
204     41     27     301.64     1.66834     4.17127
205     37     34     695.84     4.32386     4.57739
206     30     20     80.68     2.60959     4.96521
207     31     19     313.36     3.03076     3.652
208     22     15     297.12     2.23916     3.13662
209     13     21     715.28     2.09923     3.12548
210     46     20     422.48     3.3526     4.42381
211     19     23     359.28     1.61184     2.83052
212     45     34     73.96     4.1709     3.42998
213     35     21     230.48     3.86477     4.4187
214     46     28     53.24     1.96347     3.35971
215     26     25     207     2.33476     2.50351
216     16     35     595.2     2.359     3.56784
217     9     34     132.08     4.33294     3.6153
218     45     18     45     2.84309     4.92088
219     14     35     462.88     3.34704     2.96869
220     22     22     36.48     2.94403     2.97029
221     8     30     703.04     2.5706     4.04279
222     22     26     79.92     2.60585     3.93971
223     15     31     521.8     2.11963     3.47377
224     27     32     555.52     2.74899     3.52298
225     17     20     67.68     2.43698     3.75996
226     24     30     161.56     4.51794     3.4959
227     21     31     332.32     2.88411     3.77934
228     30     19     174.8     3.71715     3.64002
229     36     26     579     2.5204     4.61966
230     22     27     36.48     4.9341     3.9787
231     11     15     213.72     3.07007     3.221
232     16     25     44.96     2.84928     4.82635
233     20     23     295.12     3.57637     3.83106
234     15     26     724.52     4.23542     4.64927
235     10     30     227.2     4.24322     4.77233
236     43     24     629.44     3.14153     3.24
237     23     31     580.48     1.96475     3.0224
238     38     18     392.76     3.76714     2.70333
239     17     22     733.76     2.04219     4.10672
240     15     33     463.88     3.52222     3.75523
241     33     24     214     4.0878     4.80338
242     42     29     150.6     2.77558     4.83406
243     43     32     267.44     4.11675     3.66062
244     38     22     305.88     2.79011     4.02432
245     41     26     91.68     2.32664     4.32745
246     29     16     419.96     2.34619     3.7936
247     24     21     89.16     2.5643     4.19553
248     32     34     596.72     3.5517     3.54045
249     9     28     718.52     3.47992     3.35467
250     24     18     661.12     2.34053     4.95666
251     41     26     330.6     2.36872     3.86044
252     30     33     102.4     2.15819     2.70013
253     41     25     287.16     4.7006     4.3141
254     13     19     172.28     1.83422     2.88217
255     31     21     733.28     4.33657     4.75501
256     10     34     379.24     3.14367     4.36567
257     28     32     78.68     4.43345     4.36605
258     19     19     308.6     3.05426     2.87652
259     12     16     431.92     2.03525     4.4911
260     37     27     196.28     2.16236     2.92764
261     41     15     446.44     2.85302     4.46493
262     36     34     267.68     4.81628     2.55524
263     40     20     409.24     3.23072     2.75597
264     31     15     364.04     3.92608     3.36764
265     33     34     235.72     2.30058     3.42151
266     25     25     278.4     2.9624     3.40632
267     35     20     150.84     2.32429     2.87477
268     25     22     625.92     1.64153     2.82037
269     47     24     54.24     4.22228     4.46562
270     27     21     707.56     4.79876     4.85214
271     41     25     214.76     1.79075     3.3726
272     29     29     644.4     1.94841     4.63645
273     42     34     585     2.60585     4.30837
274     27     28     403.48     1.53258     3.31194
275     16     21     595.2     2.11547     4.53726
276     43     26     144.36     4.35633     4.94476
277     20     17     215.48     1.91861     4.70496
278     18     25     104.88     3.71032     3.76484
279     34     32     200.52     2.23222     4.98177
280     21     19     230.96     1.68233     4.21506
281     29     34     499.6     3.54518     4.017
282     40     33     83.44     3.15445     3.81207
283     17     35     255.92     3.46048     3.20688
284     35     24     730.04     4.9891     3.82046
285     31     33     277.16     2.72431     3.77491
286     32     18     256.44     4.90162     2.73904
287     45     18     689.36     2.94285     4.16372
288     47     30     481.4     2.02126     2.59972
289     43     30     578.76     2.98686     2.74071
290     18     31     517.56     3.13939     3.07871
291     47     25     763.76     4.58289     3.31568
292     33     30     670.12     3.1442     3.42021
293     26     32     264.92     2.59314     3.47041
294     23     27     681.84     2.64473     4.6733
295     33     22     561.52     1.98206     3.2017
296     42     21     505.36     3.2806     4.73991
297     20     28     106.88     1.97052     3.87631
298     23     27     254.68     1.72057     3.73707
299     26     27     474.88     3.37791     4.9984
300     12     19     207.48     3.34811     4.67009
