1     39     28     270.653     1.92032     3.27113
2     16     30     138.64     4.93538     2.67052
3     19     27     39.44     4.41081     4.80773
4     29     23     229.993     3.58684     2.78932
5     34     30     262.247     1.84982     4.48447
6     20     20     149.453     1.5345     3.26044
7     21     29     252.653     4.15093     3.88096
8     31     19     269.467     4.0204     3.95482
9     33     18     261.247     3.05576     2.57782
10     45     18     314.127     2.16877     4.05766
11     24     19     269.28     3.53974     3.36154
12     26     31     111.167     3.73467     3.67954
13     15     28     15     4.90269     2.74163
14     13     15     323.007     3.03909     3.28082
15     38     23     75.4733     1.5486     4.28182
16     8     19     188.553     2.09218     3.40732
17     12     21     35.8467     3.45289     4.74128
18     44     29     132.573     2.40408     4.73968
19     24     15     231.807     2.81585     3.03072
20     43     22     46.4067     2.48216     3.45416
21     25     22     348.633     2.40493     4.47966
22     28     34     252.84     4.51762     4.39703
23     23     29     189.927     4.08417     2.9162
24     18     28     161.08     2.25742     4.57045
25     39     29     93.5067     3.03044     3.06017
26     21     26     92.54     2.5659     4.43159
27     19     24     165.487     1.63833     3.22764
28     39     21     205.927     3.67219     4.50385
29     40     27     77.4733     4.61162     3.3488
30     24     30     279.5     3.60564     4.80056
31     38     28     296.907     2.24268     3.29814
32     27     15     306.347     3.81959     4.56145
33     20     34     316.38     4.87919     4.03676
34     39     18     168.453     4.50096     4.80163
35     17     28     224.807     2.5784     4.06758
36     47     33     309.313     2.069     3.67252
37     36     34     87.1     3.94926     3.70281
38     43     33     90.6933     2.86082     4.63607
39     45     26     130.167     3.68126     4.64446
40     28     25     252.84     4.00406     4.95079
41     17     21     47.66     4.76159     4.87617
42     43     30     145.2     4.47746     4.47089
43     10     31     299.567     4.37909     3.86891
44     43     24     196.3     4.35922     4.75715
45     20     28     343.633     3.01634     3.09839
46     43     29     298.5     2.76244     3.50131
47     34     18     337.193     1.72901     4.37513
48     21     30     279.907     4.95824     4.26206
49     15     32     96.76     1.61216     3.48666
50     42     22     300.907     3.68575     4.01364
51     45     29     239.18     1.95524     4.15342
52     11     21     300.567     4.65104     3.50787
53     10     19     54.2867     4.08342     4.7956
54     25     30     110.167     1.71181     2.94725
55     22     24     59.4733     3.38667     3.11335
56     22     16     222.993     3.25134     2.97182
57     30     22     98.1333     4.53738     3.4798
58     26     31     233.807     4.73809     3.45752
59     12     29     155.08     3.89383     4.64576
60     39     22     338.787     1.97447     2.62795
61     12     32     56.2867     2.0925     2.75712
62     21     28     55.0667     3.03194     3.97801
63     24     24     51.2533     4.82707     4.68551
64     39     22     236.587     3.87449     3.51001
65     45     28     191.487     4.81532     4.1702
66     43     28     199.707     4.66855     4.78309
67     13     31     26.6267     4.45343     3.27372
68     14     33     211.587     3.78178     4.27381
69     35     23     256.433     2.15787     4.14937
70     30     18     142.42     4.46796     4.55054
71     10     18     142.86     1.89457     3.62087
72     39     16     222.96     2.74055     2.75948
73     38     24     85.6933     3.89586     3.07535
74     23     27     36.6267     1.93303     4.42396
75     16     33     247.653     4.56452     3.6684
76     26     21     220.18     4.9467     2.55478
77     39     34     263.84     2.06548     4.34149
78     38     35     187.893     1.68661     4.57518
79     18     31     130.42     4.10607     2.65206
80     39     22     178.673     4.18458     4.55649
81     23     19     261.467     2.9013     3.41624
82     20     31     180.113     3.40931     3.26701
83     23     35     23     4.82952     2.66381
84     41     27     313.533     1.76501     3.53366
85     39     19     165.047     2.77334     4.40596
86     43     31     199.707     2.27665     3.4154
87     17     35     296.347     3.14943     2.71477
88     39     33     62.8467     3.46304     4.68993
89     17     17     149.86     2.62519     4.11687
90     12     28     325.413     3.39714     4.15227
91     17     28     313.38     2.02264     2.79733
92     20     17     330.007     2.4545     2.72607
93     45     33     337.973     4.91113     3.61812
94     38     18     290.093     4.74888     4.88769
95     15     16     185.333     4.38528     2.94778
96     15     32     15     4.25465     3.40228
97     36     21     158.64     3.53343     4.80415
98     45     27     303.907     4.61803     4.37277
99     45     31     310.72     3.09037     4.80918
100     26     17     230.4     2.65467     2.60094
101     47     33     64.0333     1.78028     4.45685
102     47     26     367.227     2.03557     4.76173
103     20     26     118.793     2.34555     3.19308
104     39     24     338.787     4.6599     2.88896
105     8     33     106.793     2.26341     3.30836
106     47     27     312.72     4.21545     3.17469
107     44     15     343.787     4.1505     2.64275
108     45     22     361.82     2.92683     2.58026
109     14     20     41.2533     3.85473     2.60361
110     22     18     39.0333     2.49113     3.26022
111     15     21     284.127     1.73424     3.99556
112     38     32     126.573     4.20103     4.7985
113     36     22     254.027     2.12465     3.16279
114     36     33     162.047     4.25454     4.25748
115     14     19     351.26     4.49295     3.44493
116     43     15     220.147     1.75422     4.0392
117     34     26     245.213     3.77953     4.44365
118     27     20     33.8133     1.8919     2.55905
119     25     27     151.047     3.42726     4.10344
120     13     16     278.72     3.82226     2.73255
121     41     32     126.167     2.59848     3.60401
122     42     32     106.727     4.72271     3.27349
123     27     25     221.18     3.07958     2.56516
124     29     29     76.6933     2.54208     2.80587
125     11     22     310.787     4.37204     4.56473
126     13     25     227.62     4.43612     4.28747
127     27     19     74.6933     4.47223     2.96808
128     12     31     240.247     2.38977     4.74609
129     31     23     51.44     2.83818     4.57152
130     43     15     380.26     3.52895     2.82846
131     34     25     221.367     2.04401     3.55655
132     35     34     116.76     3.1175     4.16189
133     40     28     169.453     4.62145     3.258
134     45     23     65.44     1.74332     4.52742
135     43     29     148.607     1.58876     3.24381
136     19     33     226.807     3.69152     3.34681
137     14     22     272.907     1.66877     4.20797
138     45     22     222.147     3.50406     4.981
139     13     28     251.467     3.19184     3.17484
140     29     16     141.42     2.72922     2.84143
141     35     26     273.467     3.18853     4.01776
142     19     18     151.86     4.35591     3.8142
143     9     20     158.893     1.66845     3.28829
144     10     18     268.907     2.43719     2.99593
145     14     34     351.26     4.58716     3.85922
146     33     18     360.04     1.90098     3.74287
147     34     29     119.167     4.50053     3.87936
148     43     19     90.6933     2.04807     3.03232
149     26     15     155.453     1.90654     3.54144
150     47     17     278.653     3.23724     4.6363
151     15     28     18.4067     4.27462     4.66216
152     16     24     343.04     1.7586     2.60758
153     47     16     380.853     2.76212     3.07421
154     30     20     50.44     4.39457     2.5792
155     10     20     91.76     3.61921     3.83221
156     28     22     358.447     3.16684     3.37535
157     46     27     349.193     2.27996     4.22956
158     24     27     51.2533     4.77323     3.93513
159     43     19     114.54     1.64228     4.62905
160     31     29     109.353     2.70946     3.0491
161     24     15     245.433     4.5345     4.60509
162     22     17     294.533     4.08097     4.40809
163     37     29     282.28     4.86915     4.39871
164     25     18     266.873     2.59987     4.46425
165     14     23     102.573     1.98558     4.18569
166     8     27     297.567     2.77099     3.10541
167     23     27     329.6     3.17891     3.65604
168     45     25     147.2     4.26511     4.64095
169     10     15     149.673     3.91679     4.40695
170     15     25     181.927     2.47885     4.10054
171     18     35     127.013     1.74332     2.6474
172     26     19     165.673     1.78359     3.8461
173     44     34     112.133     1.87182     4.71664
174     21     32     27.8133     2.96037     2.99493
175     9     29     196.367     3.96336     2.91314
176     19     17     32.6267     3.3229     4.65659
177     21     33     140.233     1.59325     4.13816
178     10     34     228.027     2.52863     3.48109
179     27     16     170.08     4.90686     3.84999
180     31     22     136.607     3.57648     3.521
181     46     16     383.26     2.4592     2.83227
182     40     33     152.42     1.9922     3.90461
183     41     15     58.0333     2.24621     4.27358
184     16     29     291.94     1.70188     4.82276
185     9     33     175.927     4.92074     3.66016
186     31     16     153.64     1.59218     3.82717
187     22     20     321.787     3.69622     3.98106
188     24     21     119.387     1.75838     4.94224
189     46     32     338.973     3.93976     3.74561
190     41     23     224.96     4.93997     3.08847
191     33     21     165.86     2.95054     2.8135
192     38     20     351.413     2.64345     3.81924
193     13     31     312.787     3.42683     3.53755
194     46     25     66.44     1.95386     3.36924
195     44     27     234.773     4.62027     4.71854
196     36     31     277.873     2.03151     4.01601
197     42     16     79.4733     2.67774     3.37275
198     40     27     332.973     4.29833     4.75364
199     8     33     106.793     3.6708     4.31249
200     27     23     302.94     3.81051     4.77912
201     35     15     215.553     3.81201     2.538
202     47     30     217.333     3.81948     4.79125
203     13     23     326.413     3.35954     3.44333
204     13     31     346.853     4.51976     3.60202
205     10     19     275.72     1.70925     3.333
206     12     18     192.553     4.4843     2.56027
207     29     15     83.5067     1.67347     2.75292
208     17     24     74.9133     4.28776     2.78817
209     33     20     155.64     1.94798     2.63245
210     17     16     51.0667     1.81681     2.7298
211     40     23     77.4733     2.2664     3.23962
212     25     24     300.94     3.76885     3.51283
213     24     33     139.827     3.74204     3.44882
214     38     32     341.193     4.33668     4.6221
215     9     32     339.447     4.39692     2.8206
216     30     19     224.18     4.58193     4.88594
217     32     24     277.28     3.87877     3.99472
218     45     35     334.567     2.49562     3.77506
219     47     19     326.347     3.36531     2.8946
220     25     27     171.487     2.74642     3.01416
221     26     34     223.587     4.15595     4.24558
222     23     22     186.52     4.116     3.50528
223     12     20     155.08     4.9514     4.90432
224     10     31     125.827     3.12156     2.56432
225     40     15     244.4     4.82002     2.50191
226     27     27     207.553     3.32739     3.97
227     16     19     16     4.85217     4.39879
228     28     20     184.707     2.34213     3.32492
229     42     35     130.573     1.50256     4.45204
230     12     31     264.093     2.0047     3.72974
231     21     18     75.5067     3.11899     2.5959
232     23     34     268.28     3.25732     4.26916
233     41     33     173.86     3.15915     4.73426
234     35     19     126.98     3.20551     3.81085
235     36     27     124.573     4.59528     2.94534
236     20     18     231.213     4.86734     2.61711
237     46     32     223.147     4.50545     3.49979
238     16     28     237.433     4.60746     4.26817
239     14     15     54.88     1.85366     2.69044
240     19     18     202.96     2.76127     2.89872
241     34     20     272.467     3.95578     2.97502
242     21     25     324.193     2.44542     3.24702
243     11     27     184.74     3.63427     4.43114
244     31     34     119.573     3.55512     3.51581
245     31     20     95.7267     4.05992     4.02394
246     34     25     44.22     2.45012     3.54633
247     13     15     125.42     3.78135     2.68616
248     8     24     157.893     4.32803     3.30477
249     36     27     257.433     4.94125     2.71073
250     8     15     86.3533     2.78423     4.18088
251     13     29     329.82     2.68116     2.95579
252     38     34     361.633     3.56078     3.09923
253     44     19     299.5     4.73339     4.36239
254     41     31     92.1     4.98109     4.44349
255     44     34     234.773     4.19964     3.28425
256     20     32     268.687     1.57317     4.79225
257     16     15     128.42     3.51859     2.63085
258     21     17     344.633     3.88112     2.968
259     26     33     318.973     2.11953     3.32217
260     17     21     350.853     4.46144     2.8988
261     47     31     230.96     3.76469     3.55617
262     30     27     207.147     2.07007     4.29167
263     40     32     367.04     1.57819     3.38923
264     32     18     215.96     3.53514     3.61888
265     19     22     131.42     3.76298     4.62828
266     13     15     33.44     3.31671     2.91726
267     41     24     289.687     2.00491     3.53633
268     24     32     289.72     3.75582     3.89912
269     30     34     265.06     1.56505     3.84976
270     17     18     170.3     2.50929     4.87617
271     12     25     250.467     4.55864     2.60849
272     27     16     343.82     3.17347     2.99585
273     16     16     261.28     2.42128     3.79864
274     29     21     199.333     3.5941     4.29037
275     43     22     199.707     2.06484     4.80728
276     11     31     147.267     3.86477     4.0376
277     26     23     73.6933     1.71737     3.1904
278     42     31     324.753     2.51228     4.93538
279     31     18     310.347     3.95407     3.75294
280     15     24     335.227     1.87001     3.08733
281     22     18     229.807     2.91252     3.44096
282     32     34     273.873     1.6379     4.30235
283     24     15     54.66     1.69836     4.04729
284     25     35     317.973     1.63095     3.20513
285     35     21     113.353     3.9765     2.72866
286     25     20     307.753     3.2148     2.66076
287     16     15     56.88     4.24984     2.83616
288     10     16     234.84     2.42833     3.51062
289     12     25     335.633     4.82728     2.5573
290     29     28     212.96     2.7946     4.62119
291     32     26     359.04     3.47703     3.87173
292     43     28     305.313     2.31895     3.24549
293     9     19     135.047     4.26885     4.31822
294     45     15     375.447     3.67421     3.19712
295     40     25     135.387     2.60308     4.07514
296     29     19     185.707     2.07381     3.33613
297     19     22     22.4067     3.92811     3.35292
298     35     15     191.707     3.33273     3.86822
299     35     15     365.447     2.64345     2.59903
300     33     18     56.8467     2.11504     2.95579
