1     22     31     646.78     4.65883     2.50618
2     38     29     122.24     1.70199     4.66971
3     26     16     26     3.61504     3.96344
4     30     27     219.54     3.15883     3.91751
5     17     21     515.42     4.05811     3.57395
6     39     32     677.82     2.15371     3.18361
7     36     15     155.34     4.10746     4.43983
8     27     17     132.3     4.13875     3.13845
9     8     33     85.22     2.03162     3.40579
10     35     26     210.5     3.89383     3.88394
11     22     29     78.16     4.90291     2.51503
12     8     25     211.58     4.02478     2.8148
13     36     30     422.1     4.43826     3.27601
14     11     19     298.82     4.1489     2.79229
15     17     25     417.14     4.02937     3.74317
16     47     32     489.26     2.76757     3.13067
17     28     24     168.4     2.4593     3.40899
18     17     33     431.18     4.82781     3.39595
19     37     21     465.22     4.30677     3.40953
20     23     16     289.76     3.46913     2.51724
21     26     32     369.98     4.5376     4.54169
22     22     21     99.22     2.45984     3.21055
23     20     30     602.66     3.28445     3.09351
24     26     32     320.84     2.32002     4.21529
25     8     18     667.88     1.81361     4.48653
26     26     27     278.72     2.63181     2.84257
27     23     25     191.48     4.17902     4.73098
28     41     27     665.78     3.0376     2.83746
29     30     32     507.36     3.56409     4.69337
30     46     30     663.76     2.92555     2.55181
31     30     30     381     2.31115     4.67658
32     29     27     625.7     3.30271     3.43127
33     13     15     581.62     2.63843     4.31234
34     12     30     68.16     3.85559     3.81382
35     19     26     566.56     3.04401     2.7665
36     23     24     205.52     2.19782     3.04117
37     22     16     653.8     3.89746     4.25642
38     12     30     208.56     2.30645     3.38252
39     39     31     705.9     4.71972     3.88104
40     40     33     573.52     4.1442     4.77119
41     43     29     653.74     3.64954     3.76362
42     40     22     292.72     2.47052     4.85275
43     19     18     419.14     2.59774     4.50667
44     32     30     425.12     1.83935     4.34729
45     28     25     561.52     4.0893     4.45967
46     8     17     548.54     2.28509     2.7224
47     23     21     682.88     3.29214     4.29891
48     42     30     42     4.69504     4.1802
49     18     19     305.82     3.23435     4.42045
50     30     19     556.5     4.37022     3.9555
51     13     28     630.76     4.2085     2.64481
52     46     31     186.4     4.27377     4.92775
53     30     19     135.3     2.36317     4.73472
54     10     23     536.5     2.46593     4.54428
55     37     15     675.82     4.48238     2.72523
56     21     16     189.48     2.72741     4.5571
57     41     23     637.7     2.95236     3.56624
58     37     28     373.96     2.8699     3.57158
59     34     19     342.88     1.91604     3.07756
60     15     24     429.18     2.73403     4.90768
61     21     34     322.86     3.61451     2.71653
62     9     31     500.4     3.87513     4.77386
63     43     29     330.82     3.91636     4.15815
64     39     31     607.62     4.4357     3.25343
65     25     22     151.36     4.03504     4.18744
66     23     22     430.16     3.20679     3.10327
67     42     32     119.22     3.43217     4.90471
68     36     22     681.84     2.37556     3.86532
69     40     31     348.88     1.91038     4.24322
70     31     16     171.4     1.96069     3.79032
71     47     34     285.68     3.8919     4.29899
72     33     24     166.38     3.43591     4.57404
73     42     19     147.3     3.88539     4.97353
74     34     26     328.84     1.53995     3.90629
75     44     29     72.08     2.14057     2.92901
76     45     25     318.78     2.77515     3.33216
77     41     20     434.12     4.99028     3.35574
78     18     35     635.76     4.09282     3.92582
79     34     24     714.94     2.87834     4.55206
80     19     28     657.82     1.76597     4.77691
81     28     19     533.44     3.07851     2.81724
82     31     24     627.7     2.45022     4.2893
83     17     29     389.06     1.59688     2.65648
84     34     21     118.24     4.93207     4.29258
85     30     29     465.24     2.76469     4.79843
86     35     25     126.26     1.56323     4.46562
87     44     21     570.5     2.51741     4.52506
88     29     30     506.36     2.88581     4.57305
89     31     15     494.32     1.86146     2.81449
90     30     31     724.98     4.94061     4.51422
91     34     16     314.8     1.52831     2.79633
92     11     30     502.4     4.26661     4.68429
93     40     30     278.68     2.31703     4.01868
94     34     31     209.5     4.58588     4.14808
95     36     15     674.82     4.12252     4.52849
96     22     30     57.1     4.6771     4.12664
97     19     23     299.8     3.65296     3.26418
98     15     22     190.5     2.43559     4.29586
99     29     28     667.82     4.83444     2.7607
100     31     35     564.52     4.62177     4.39787
101     23     33     549.5     3.40173     4.66704
102     22     31     267.7     3.7962     3.66474
103     12     18     138.36     1.67849     3.07627
104     31     31     382     2.94339     3.05498
105     23     18     366.98     4.5439     3.16836
106     41     21     69.08     3.78178     2.80244
107     10     25     438.22     3.5862     2.66495
108     31     33     276.7     4.2618     2.77734
109     19     29     103.24     1.94552     3.59706
110     33     31     405.06     1.75166     3.16027
111     26     34     720.98     2.84288     4.38536
112     24     34     634.74     1.91017     2.92856
113     28     35     498.34     3.79652     4.73228
114     14     27     491.36     1.7476     3.6552
115     11     22     333.92     3.5266     3.32751
116     27     31     62.1     2.87342     3.61965
117     20     31     328.88     4.047     3.36558
118     25     33     488.32     2.43175     4.73251
119     15     28     92.22     4.44446     3.37565
120     9     27     86.22     3.72495     4.77103
121     10     19     676.9     3.84555     3.36413
122     28     15     350.92     4.52361     4.92836
123     38     17     557.48     3.07071     3.7701
124     27     24     55.08     1.56462     2.67495
125     41     16     637.7     4.9765     4.73258
126     31     28     122.26     4.23766     4.93225
127     27     20     553.5     2.98408     3.17042
128     10     17     697.96     4.95674     4.05881
129     33     27     215.52     3.29716     2.67548
130     20     29     511.4     4.22153     4.14945
131     45     34     543.42     3.80528     3.71738
132     15     31     78.18     2.86584     2.64649
133     19     19     75.16     3.17603     4.16082
134     19     21     355.96     3.49252     4.76363
135     21     24     336.9     1.63448     2.5959
136     19     22     19     3.59656     3.22184
137     41     24     139.28     3.92961     4.48103
138     46     32     88.12     4.87577     3.29905
139     38     35     248.6     3.489     3.59722
140     22     27     148.36     3.72901     3.19063
141     42     25     154.32     3.76009     3.81657
142     21     27     372     4.94136     4.68368
143     31     35     585.58     3.24033     3.6816
144     27     16     111.24     2.55747     4.14312
145     41     15     679.82     3.69301     3.79818
146     41     25     244.58     4.94211     3.81092
147     18     21     369     3.05223     4.54062
148     34     21     97.18     2.52777     3.41678
149     30     23     696.9     4.51463     4.06911
150     28     15     119.26     4.25091     4.60273
151     31     29     620.68     3.31799     4.15998
152     27     23     406.08     2.67443     3.15867
153     18     31     228.6     3.70925     3.84793
154     15     32     239.64     4.29844     4.07186
155     8     34     471.32     3.09774     3.3816
156     9     22     675.9     2.55821     4.38772
157     31     22     199.48     2.89724     3.49086
158     25     25     509.38     2.01004     3.88424
159     22     25     562.54     4.05597     4.96673
160     27     22     455.22     2.70402     3.55762
161     20     25     420.14     4.77227     3.55426
162     22     33     57.1     4.24439     4.42183
163     18     29     705.96     3.89949     2.65755
164     36     16     323.82     1.53781     4.11908
165     20     25     209.54     3.03803     3.85723
166     20     27     321.86     3.72944     3.84465
167     20     31     420.14     3.81436     2.74056
168     43     32     527.38     2.82482     3.08237
169     39     18     74.1     3.84747     2.5441
170     39     25     200.46     4.0015     4.65392
171     38     30     606.62     1.90376     3.10869
172     34     35     581.56     2.10628     2.57981
173     30     27     423.12     1.73852     2.64695
174     29     18     50.06     2.34138     2.75368
175     9     35     437.22     4.1254     4.82368
176     27     23     378     4.63747     3.92827
177     27     17     104.22     4.57274     3.64788
178     18     31     656.82     4.2132     4.01433
179     13     26     335.92     3.72869     3.67855
180     21     20     98.22     4.82482     4.19187
181     21     34     301.8     2.47212     3.0417
182     44     21     93.14     2.70049     3.33415
183     12     30     187.5     2.6928     4.26077
184     34     18     672.82     4.16407     2.74392
185     47     18     299.72     3.25742     2.89865
186     22     17     709.96     3.44488     3.70243
187     23     26     458.24     1.66396     4.01379
188     27     19     399.06     4.67678     2.83029
189     9     31     30.06     4.88443     3.92651
190     9     15     493.38     4.08289     2.76177
191     47     21     222.5     3.89276     4.80018
192     17     25     466.28     2.34886     3.13105
193     28     18     631.72     2.88272     4.53314
194     13     27     20.02     1.68361     4.37071
195     12     25     348.96     1.67165     4.46402
196     21     15     491.34     1.56729     4.32348
197     18     22     691.92     4.79257     4.88929
198     35     34     575.54     3.68661     2.66579
199     24     23     311.82     4.77291     3.3932
200     16     15     388.06     1.558     3.1444
201     19     31     384.04     2.60201     3.49071
202     37     22     177.4     3.8386     3.62476
203     11     31     558.56     2.38528     3.58219
204     35     33     414.08     3.82354     3.95268
205     15     29     541.5     4.68554     3.72112
206     27     34     90.18     3.63181     4.12831
207     24     26     599.64     2.05255     2.69417
208     39     15     186.42     2.07958     2.79191
209     26     23     229.58     4.74033     2.91414
210     15     21     64.14     2.24065     3.52321
211     14     16     49.1     2.11034     3.12418
212     37     28     619.66     3.69419     3.95253
213     34     26     188.44     3.22452     3.91629
214     9     19     535.5     3.96026     2.68448
215     39     17     109.2     2.62358     3.56082
216     38     21     199.46     2.12326     4.03462
217     17     34     557.54     4.2946     4.1493
218     35     31     512.36     4.6427     3.07794
219     43     33     323.8     2.3244     3.04926
220     19     23     103.24     1.85003     3.51047
221     33     18     657.78     2.24236     4.67231
222     45     30     515.34     2.63565     3.32286
223     36     28     485.28     2.54924     2.55364
224     13     35     76.18     4.82098     3.28677
225     42     31     729.96     2.93356     4.24497
226     17     15     655.82     2.71929     3.25404
227     35     24     694.88     4.17667     4.01952
228     20     21     265.7     3.884     3.76743
229     13     32     34.06     3.24396     3.38954
230     23     33     598.64     2.54369     2.98486
231     41     29     700.88     4.56462     4.43648
232     43     35     408.04     4.22602     3.91575
233     19     18     419.14     1.99797     3.4534
234     40     23     180.4     3.56697     4.46951
235     30     30     79.14     4.98825     4.90043
236     33     20     489.3     2.8103     2.81709
237     38     29     52.04     3.90579     3.17171
238     14     33     519.44     4.49199     3.0652
239     12     16     152.4     4.07691     4.67627
240     33     28     320.82     2.81393     3.7418
241     37     31     395.02     2.50043     2.7298
242     25     29     614.68     1.70423     4.09543
243     35     26     477.26     1.75219     2.76032
244     10     19     101.26     3.56548     3.20666
245     19     23     68.14     1.57627     2.82556
246     43     28     646.72     3.70968     4.41168
247     14     25     210.56     3.16503     4.44304
248     15     27     344.94     4.48216     2.53853
249     8     24     408.14     1.6254     3.73241
250     45     17     473.22     3.57146     3.95634
251     12     22     33.06     1.63341     2.87095
252     23     35     352.94     2.00769     4.43617
253     38     29     311.78     3.77601     4.36102
254     30     18     149.34     3.84822     4.82513
255     47     27     362.9     3.58     3.10991
256     37     24     696.88     4.04988     4.53276
257     20     27     609.68     3.22922     3.82267
258     18     22     425.16     3.03076     2.8296
259     31     25     718.96     4.46902     3.70701
260     32     15     67.1     2.41733     2.95877
261     37     18     647.74     3.69718     2.99104
262     47     28     250.58     2.98045     4.05965
263     14     27     673.88     3.24439     3.25327
264     34     23     216.52     4.75817     3.40411
265     41     31     672.8     3.8401     3.56517
266     24     19     276.72     2.36616     3.94581
267     21     27     175.44     2.76714     4.44632
268     20     35     139.34     3.49637     4.68093
269     17     21     389.06     4.70391     4.63179
270     14     33     259.7     4.10169     3.82229
271     29     32     513.38     3.25283     3.15249
272     40     30     699.88     4.27003     4.78576
273     46     28     649.72     3.15787     4.22765
274     17     23     403.1     1.78359     4.98878
275     22     33     365.98     2.70872     4.96986
276     21     16     505.38     1.8684     4.96216
277     18     28     81.18     2.83209     3.40243
278     42     25     154.32     4.62871     2.77337
279     34     31     104.2     4.37182     4.29014
280     13     15     644.8     1.67005     3.76347
281     12     28     573.6     4.0548     2.78092
282     27     28     406.08     2.91102     3.09519
283     18     33     383.04     3.14602     3.36169
284     17     29     396.08     2.57958     3.61499
285     15     31     443.22     4.2899     4.12557
286     45     35     403.02     3.40002     4.02646
287     22     16     471.28     3.53974     3.85182
288     42     17     189.42     4.46539     4.87671
289     11     34     284.78     2.07456     4.39894
290     47     26     376.94     1.7978     4.85519
291     24     19     655.8     2.60329     3.40915
292     33     32     180.42     1.59731     4.90532
293     18     24     88.2     4.45685     4.8265
294     13     23     230.62     4.17656     2.64779
295     41     32     237.56     4.3668     4.7264
296     47     23     68.06     4.08438     4.61753
297     27     31     427.14     2.93281     4.9588
298     29     35     527.42     2.91594     3.81169
299     9     22     500.4     2.77686     4.60265
300     20     35     672.86     3.31137     2.55181
