1     10     30     745.735     1.96806     4.70061
2     14     4     434.42     4.48035     3.03011
3     25     38     340.315     4.39351     2.80457
4     18     26     389.91     2.42235     2.85508
5     16     11     185.785     1.64164     3.45927
6     43     33     560.44     3.89778     4.34355
7     9     23     178.785     4.395     4.09627
8     30     33     515.1     2.94093     3.88249
9     8     4     751.82     3.08609     4.60135
10     10     18     187.87     3.64057     2.87622
11     38     38     506.93     2.80314     2.51907
12     41     22     57.17     1.88774     4.35804
13     33     31     146.19     4.38058     3.57082
14     10     12     503.185     4.3119     4.91348
15     42     18     761.565     1.67913     4.98451
16     10     14     802.33     3.90301     4.41702
17     38     8     474.59     2.05245     4.13717
18     39     4     661.545     3.3229     3.58104
19     31     30     241.21     3.50117     2.5103
20     35     38     51.17     1.90291     4.31684
21     24     12     557.61     2.01495     4.95735
22     47     6     192.53     2.32963     2.90841
23     35     24     479.675     4.6019     4.28343
24     38     3     417.995     2.01773     3.49933
25     30     25     118.935     2.5047     3.63842
26     13     8     198.955     4.1708     4.39077
27     26     29     252.38     2.60575     4.22185
28     10     11     672.97     3.02905     4.65354
29     27     4     318.06     1.51859     3.30035
30     34     14     131.02     2.80528     3.55144
31     19     10     382.825     3.86712     2.53792
32     9     17     9     3.80752     2.77795
33     47     32     95.51     4.2523     4.13831
34     30     23     822.33     4.74963     4.00479
35     24     4     80.595     2.90686     4.80033
36     12     4     238.38     3.74973     4.24322
37     19     37     504.1     2.53674     4.98505
38     35     13     600.95     1.51517     4.0183
39     33     15     404.91     3.85067     3.49635
40     36     40     707.055     3.21641     3.35452
41     16     13     614.29     3.27654     4.87342
42     9     32     534.525     1.54636     3.07543
43     8     18     307.145     3.36605     4.59532
44     42     34     130.935     3.96977     3.91423
45     15     15     524.355     4.38667     4.59922
46     33     35     801.075     2.65744     3.43799
47     46     24     611.95     1.60019     4.11
48     39     8     750.48     2.61066     3.28394
49     18     15     139.275     2.23061     3.28318
50     45     11     198.615     2.97041     4.20843
51     28     16     149.275     2.61718     4.65987
52     44     29     585.695     1.51634     3.9478
53     33     19     728.31     2.55747     4.93408
54     13     7     805.33     4.85217     2.89262
55     10     37     309.145     4.33561     4.53314
56     26     7     244.295     2.27804     2.57408
57     29     39     311.975     3.43965     2.51038
58     11     2     27.17     4.85238     4.46249
59     42     13     82.425     2.46582     4.24978
60     42     4     826.245     2.63843     4.07849
61     15     40     144.36     2.71021     4.48378
62     39     1     467.505     4.641     2.91765
63     37     5     619.12     4.94809     3.12342
64     21     24     433.335     3.92875     3.18606
65     17     12     97.85     1.90045     3.90088
66     35     2     83.51     4.4452     2.84928
67     19     18     107.935     4.38923     3.32431
68     12     8     375.825     4.50673     3.49399
69     18     16     341.4     3.17774     4.94591
70     23     10     726.395     3.48772     3.50139
71     23     25     621.29     3.00096     3.94154
72     39     25     39     3.69408     4.03401
73     21     31     724.395     2.7821     4.50346
74     44     30     618.035     3.92363     2.83395
75     47     15     152.105     2.53674     2.54555
76     41     32     129.935     2.21384     3.33491
77     18     40     309.06     1.96475     3.72082
78     13     18     223.21     4.27804     4.08536
79     15     8     281.805     4.72976     4.25115
80     26     2     147.275     2.62786     3.48521
81     11     8     342.485     3.92512     4.57038
82     40     36     517.015     3.384     4.83467
83     14     3     628.46     4.72976     3.27906
84     42     13     244.125     2.77441     4.1953
85     23     34     152.36     3.74813     3.91224
86     32     32     395.825     4.31948     3.56418
87     30     11     280.635     2.04123     4.51933
88     12     21     311.145     3.20551     4.36018
89     25     14     235.21     2.84213     2.55676
90     45     4     53.085     4.34501     3.72242
91     32     14     533.27     4.46091     2.59316
92     47     30     507.845     4.12476     3.62201
93     17     30     405.08     2.37609     4.32691
94     17     13     41.255     2.34127     2.78573
95     44     2     213.785     4.01463     3.41601
96     38     31     482.675     2.3244     3.93239
97     32     17     614.12     3.71758     2.62093
98     36     23     545.355     2.74685     3.8216
99     28     34     367.57     1.89532     3.25953
100     16     20     371.74     2.12316     3.61515
101     31     20     394.825     1.86926     4.47478
102     40     40     185.53     1.99487     4.55084
103     17     12     372.74     1.90056     2.81442
104     16     10     767.905     1.80357     3.92865
105     23     34     653.63     3.40771     4.62439
106     37     5     239.125     2.95161     3.9098
107     11     12     285.89     3.8699     3.75286
108     13     39     756.82     4.54988     3.12807
109     10     11     204.04     2.41978     4.5687
110     13     34     538.525     4.85334     3.61347
111     13     1     546.61     4.12209     2.79084
112     9     30     647.715     4.88443     3.02858
113     8     25     387.995     1.94072     4.1316
114     8     37     517.355     3.74354     4.71755
115     46     23     272.38     2.89319     3.25098
116     29     22     821.33     3.10671     3.06711
117     42     27     721.14     3.8918     3.02484
118     8     35     282.89     3.41145     4.18088
119     23     10     548.525     4.77355     4.12473
120     19     19     237.295     2.22965     4.36529
121     17     13     17     2.51688     4.91035
122     21     8     789.075     1.82835     3.9285
123     18     17     769.905     1.6457     4.13495
124     10     34     50.425     4.91775     3.79177
125     47     21     168.275     2.32119     3.9626
126     40     26     274.465     2.0862     4.9134
127     32     23     428.165     4.62156     3.29852
128     20     8     545.525     3.42416     3.02477
129     12     15     222.21     4.50801     3.93147
130     35     5     431.165     2.33412     3.67954
131     34     34     494.845     2.47992     4.48881
132     34     26     462.505     4.52873     2.6146
133     41     33     146.105     3.91615     4.70435
134     31     7     410.995     3.21651     3.92422
135     40     39     48.085     4.10436     4.99802
136     45     21     117.765     1.97468     3.54617
137     23     15     31.085     3.45781     3.86883
138     35     5     827.33     4.8104     3.06063
139     29     11     360.485     3.9201     3.09977
140     38     23     240.125     4.90728     3.80146
141     23     38     354.485     4.05618     3.2754
142     35     4     293.72     3.56281     3.7801
143     47     35     580.61     3.33219     4.61188
144     46     11     434.08     3.30998     4.92195
145     11     3     229.295     1.58214     3.09961
146     21     24     231.21     3.22858     3.11487
147     18     20     495.015     4.16247     4.45837
148     45     24     764.565     3.44296     3.57112
149     34     13     50.17     4.79299     3.40464
150     21     22     716.31     4.80763     4.00052
151     21     34     344.4     2.08716     3.23214
152     38     26     94.595     3.78018     3.09725
153     39     6     661.545     4.26864     3.20391
154     9     5     736.65     3.48227     4.33851
155     42     4     179.445     4.57498     3.75782
156     9     30     49.425     2.44713     2.5956
157     10     21     478.93     4.35014     4.52368
158     44     32     367.4     3.05533     3.55838
159     42     21     777.735     3.32344     2.65374
160     47     17     823.16     4.65787     3.47095
161     37     14     683.8     2.57648     3.96519
162     39     20     55.17     2.38678     4.18081
163     13     12     37.255     2.6975     4.39489
164     24     32     703.14     2.15307     3.50009
165     47     15     580.61     4.12294     4.26748
166     26     32     802.16     2.83209     3.37954
167     29     20     635.375     2.66663     2.875
168     23     25     516.185     1.63715     3.39457
169     11     36     59.51     4.73734     3.36978
170     46     14     749.395     1.67924     4.54428
171     43     27     309.805     2.74204     2.9693
172     43     15     277.465     4.21598     3.36276
173     17     18     445.505     1.67859     3.474
174     13     6     207.04     3.08631     3.84304
175     31     22     354.4     2.41455     4.59708
176     15     25     192.87     2.33412     4.67299
177     18     23     592.035     4.65413     2.6072
178     24     27     783.99     4.5188     4.28457
179     27     26     681.885     1.59207     4.28388
180     34     11     729.31     4.71288     3.71509
181     47     31     346.145     4.75657     3.68435
182     46     35     248.125     4.18767     4.78095
183     24     19     80.595     4.53696     4.22445
184     47     18     524.015     1.7868     3.56395
185     18     40     640.545     2.90194     3.57036
186     35     2     350.315     4.98633     4.21026
187     15     8     168.615     2.80325     3.84465
188     13     35     13     4.6426     3.0414
189     43     6     600.865     3.26736     4.64293
190     21     22     142.275     4.42822     2.97861
191     40     21     549.355     3.67507     3.86456
192     22     35     531.355     3.45503     3.27876
193     19     30     665.8     3.22794     3.85495
194     24     36     662.715     2.08449     4.58335
195     21     30     473.76     2.60297     2.86058
196     12     40     537.525     2.92587     4.27953
197     19     22     681.97     4.29438     4.29701
198     10     1     220.21     3.52158     4.67452
199     38     17     595.865     4.64238     3.82824
200     30     5     765.735     1.72047     3.98152
201     28     26     173.53     2.05074     4.25993
202     46     9     134.935     3.2382     2.61856
203     30     20     628.29     3.89051     3.24412
204     38     25     636.29     3.40558     4.82002
205     24     7     646.545     4.09197     3.79711
206     13     33     344.485     2.6035     3.06001
207     44     26     666.545     4.92416     2.62917
208     45     32     570.525     2.88678     2.78947
209     15     27     79.68     2.46112     3.78735
210     47     8     362.315     3.29395     4.98436
211     18     1     42.255     2.23692     2.61048
212     28     31     747.565     4.34608     4.00685
213     34     11     373.57     2.08695     4.99695
214     37     24     699.97     4.23147     3.27998
215     24     6     492.93     1.67731     4.48431
216     12     27     472.845     4.17934     3.77316
217     18     2     495.015     3.72164     4.64248
218     41     1     267.38     2.02008     2.80152
219     32     21     371.57     3.38549     4.27824
220     30     1     709.14     1.93367     3.13692
221     32     15     258.38     4.37791     2.95312
222     35     14     123.935     1.88464     4.93202
223     35     13     762.65     2.23104     4.31371
224     11     15     431.42     4.24546     2.9561
225     30     23     62.34     4.76682     4.73357
226     13     13     295.975     4.10703     4.14479
227     26     10     478.76     2.2508     4.7689
228     28     40     610.12     4.27697     2.96052
229     12     14     456.675     2.7351     3.4257
230     47     35     111.68     4.46454     4.56702
231     13     32     813.415     3.08609     2.74049
232     26     27     123.02     3.15445     3.31492
233     35     25     819.245     4.20284     2.67205
234     19     20     431.335     1.66684     4.04141
235     46     13     498.76     3.9201     3.80718
236     30     4     377.655     3.40579     3.68084
237     36     14     205.785     2.60073     2.87767
238     25     14     235.21     4.79417     3.18903
239     30     39     604.035     3.9153     3.59104
240     25     24     647.545     2.39735     4.7795
241     8     17     24.17     3.80795     2.77268
242     27     5     504.015     2.23371     4.47195
243     45     1     788.82     2.65157     4.32104
244     35     28     447.335     3.27227     4.95422
245     33     15     493.845     2.08908     3.47507
246     17     31     283.805     4.11846     3.75538
247     37     9     311.89     4.06313     3.8947
248     15     13     394.995     4.8872     4.23276
249     39     22     200.7     1.53226     2.55295
250     21     1     255.465     4.26351     4.37025
251     23     36     491.93     2.87609     4.9414
252     29     9     287.72     2.25027     3.39007
253     43     18     843.415     2.48622     3.08718
254     39     23     782.82     1.60425     3.67611
255     19     30     625.375     2.54614     3.88401
256     45     35     93.51     4.45877     3.01065
257     46     9     345.145     1.99776     2.73377
258     8     31     622.46     4.13405     4.6231
259     19     6     310.06     1.6959     2.50229
260     10     2     802.33     3.63576     2.55112
261     41     15     606.95     4.74995     2.78649
262     10     6     689.14     4.84063     4.81475
263     40     40     508.93     1.55266     4.49469
264     35     26     35     3.36872     4.40252
265     14     9     612.29     2.49829     4.73922
266     37     8     643.375     3.14484     3.07039
267     19     40     277.72     2.88549     4.54115
268     19     40     51.34     1.64612     2.95312
269     29     37     93.68     2.50983     4.34843
270     43     19     269.38     1.83775     3.48781
271     12     4     561.78     2.94296     4.86557
272     41     25     477.59     1.79566     3.65062
273     31     7     742.48     3.49936     3.19605
274     44     19     359.315     4.01784     4.50537
275     37     18     691.885     2.89073     4.29815
276     31     26     47.17     2.42117     4.56496
277     45     37     93.51     3.06772     2.75163
278     10     23     204.04     3.02841     2.96495
279     23     37     685.97     4.74909     4.8384
280     23     16     55.34     4.84031     2.95038
281     40     27     492.76     1.63865     3.43478
282     37     33     368.485     3.89607     3.17408
283     42     35     42     4.82995     3.21688
284     8     17     557.78     3.02211     4.30853
285     10     30     535.525     2.89703     3.67786
286     15     33     475.845     2.76693     3.46889
287     40     25     314.89     4.67507     4.95834
288     28     16     610.12     1.52457     3.95032
289     43     36     293.635     3.72581     3.98854
290     16     34     290.89     4.84512     2.77604
291     10     19     195.955     4.49295     3.44386
292     36     36     690.885     1.93217     3.55899
293     20     17     779.99     1.64324     3.51207
294     41     34     89.51     3.82952     4.67566
295     17     40     445.505     3.59667     3.97359
296     17     17     534.44     3.29299     2.75216
297     22     26     401.995     2.24172     4.09391
298     44     13     92.51     3.35195     3.96359
299     29     4     425.165     4.34138     2.82884
300     20     36     319.145     2.55661     3.14463
