1     10     31     527.44     3.79566     2.62253
2     43     37     571.22     2.91156     4.44868
3     36     32     488.76     3.4922     4.31555
4     16     16     360.96     1.89991     4.69718
5     10     34     204.04     4.02158     4.47432
6     43     20     269.38     1.58898     4.98848
7     14     6     526.05     1.90974     4.1467
8     34     9     120.24     1.73948     2.72042
9     8     21     493.1     4.28423     3.22581
10     29     13     179.92     1.56355     3.02828
11     18     30     120.41     3.62156     4.56168
12     27     25     64.73     1.81745     4.30166
13     28     4     125.02     3.68329     3.38496
14     34     31     325.06     2.0799     4.01494
15     33     5     297.11     2.13865     4.54337
16     34     34     535.27     3.71982     4.86999
17     40     21     406.52     3.37567     2.55028
18     43     22     177.75     4.54988     3.75118
19     20     17     203.26     1.99861     4.44662
20     18     11     551.61     2.66845     3.49277
21     28     4     135.8     3.51378     2.97388
22     40     6     304.11     2.48943     4.95911
23     20     22     467.37     1.70263     2.56111
24     35     16     450.03     1.95834     4.43731
25     26     23     36.78     3.68233     3.12349
26     35     13     234.43     2.95695     3.84205
27     10     16     274.11     4.6536     4.17356
28     30     7     261.77     2.89521     3.73356
29     10     11     274.11     3.33625     4.2452
30     45     1     470.81     2.49017     4.14731
31     22     6     544.83     2.09272     3.12998
32     36     12     440.25     1.73307     3.23687
33     38     5     194.31     2.23809     4.42595
34     14     13     418.25     1.54369     3.72875
35     11     37     16.39     1.53824     3.39885
36     31     20     128.02     4.11184     4.69016
37     14     25     73.29     4.39564     2.65595
38     40     39     325.67     4.92683     3.60904
39     41     8     558.44     2.72185     3.1328
40     39     21     567.22     4.49434     3.78651
41     35     4     110.46     4.49904     2.8914
42     12     20     33.56     4.74055     4.5423
43     24     29     390.52     1.5267     3.73203
44     29     19     444.03     4.10425     4.23185
45     23     13     346.4     2.35868     3.11663
46     19     40     83.68     1.81564     3.57669
47     19     26     455.59     4.42502     3.90576
48     34     36     335.84     4.36381     4.30708
49     43     39     339.45     3.34288     4.4068
50     29     2     136.8     2.64997     3.1167
51     18     10     362.96     4.41487     3.73562
52     40     12     568.22     3.83048     3.43089
53     31     31     553.83     4.81446     4.99046
54     28     22     421.47     2.34533     4.98604
55     29     28     444.03     2.45866     3.73783
56     22     32     420.86     2.13533     3.72234
57     28     36     545.44     3.56922     4.31196
58     24     32     525.27     2.54614     4.48935
59     30     28     488.15     4.4201     3.92552
60     15     6     68.9     3.92021     4.06301
61     36     17     262.38     3.27323     4.59403
62     36     31     52.17     4.87599     4.47577
63     47     31     580.61     4.0016     2.87149
64     27     2     75.51     1.77483     4.1596
65     47     27     456.64     4.39991     4.90005
66     23     6     184.7     4.37545     4.40054
67     39     27     351.62     4.18212     4.27061
68     11     2     205.04     4.67507     3.6066
69     23     24     330.23     4.6677     2.69684
70     10     19     484.32     3.93965     4.38788
71     32     11     409.3     3.65424     3.50208
72     17     18     38.56     3.41978     3.44882
73     12     13     303.06     2.978     2.91719
74     16     3     301.67     4.25571     4.29365
75     44     5     340.45     4.26223     4.19271
76     12     39     200.65     2.56858     2.74361
77     23     7     125.41     3.35217     4.522
78     24     3     153.36     4.24023     2.76742
79     34     23     546.05     4.4389     4.77828
80     47     31     154.8     3.37951     2.62352
81     26     2     457.2     4.86915     4.56297
82     12     24     259.94     4.97693     3.81535
83     12     5     518.66     3.14367     2.56699
84     42     6     494.76     4.24621     2.85882
85     14     27     321.23     2.10286     4.74517
86     44     14     151.8     3.15371     3.36253
87     43     20     177.75     3.79972     2.8016
88     46     33     299.33     4.63555     3.42006
89     19     17     509.49     3.06024     2.98952
90     26     20     182.31     2.00085     3.31545
91     8     1     255.94     4.23168     2.72179
92     37     30     69.34     2.02499     3.54038
93     34     39     492.15     1.61792     4.99542
94     23     37     93.07     4.72794     3.12456
95     28     25     443.03     4.10297     3.127
96     31     34     408.3     2.84085     3.27807
97     21     10     26.39     2.46048     3.30264
98     12     32     529.44     4.46133     3.84671
99     16     18     334.01     1.85324     4.93858
100     20     8     46.95     1.89436     2.57927
101     28     33     60.34     4.01752     3.85479
102     17     40     291.89     2.18212     4.70786
103     29     31     169.14     2.1364     3.26235
104     39     39     551.05     3.82066     2.84021
105     41     7     477.59     2.40088     2.56104
106     32     35     263.77     3.66364     4.66521
107     12     23     534.83     2.25732     3.95154
108     9     36     327.01     2.51517     3.46988
109     12     17     524.05     2.34309     4.35881
110     34     6     475.98     2.40814     3.97
111     38     29     129.63     3.11002     2.66861
112     41     19     466.81     2.57178     3.45233
113     15     38     117.41     3.63416     4.77653
114     39     38     243.82     4.58545     3.22993
115     12     8     448.59     2.61461     3.94848
116     10     9     425.03     2.22025     2.90948
117     10     32     527.44     1.55885     3.99571
118     18     24     513.88     4.96934     4.97162
119     22     20     291.5     3.15542     2.76017
120     44     20     496.76     4.2633     4.66338
121     47     39     510.54     4.83497     3.41395
122     17     9     27.78     4.87588     2.7031
123     39     15     502.54     1.51784     3.57021
124     16     8     118.41     2.51442     3.29859
125     46     38     390.96     4.5502     4.7071
126     32     13     75.12     2.10051     4.97658
127     47     12     483.59     3.32632     4.40436
128     15     26     316.84     3.23563     4.22536
129     24     35     498.32     2.59987     3.89164
130     30     11     73.12     1.85601     4.45029
131     14     1     105.63     2.48152     3.41044
132     19     8     83.68     4.57445     2.74094
133     15     10     133.58     1.62455     2.88751
134     29     38     55.95     3.20925     4.45174
135     31     4     214.26     2.59806     2.92131
136     27     14     97.07     4.0016     3.09351
137     36     33     170.75     1.94734     3.58066
138     14     20     105.63     3.01923     3.03972
139     9     25     122.19     3.442     3.51634
140     10     10     484.32     2.24856     2.54334
141     14     5     332.01     2.01143     4.38498
142     33     26     210.87     3.37428     4.56717
143     15     13     155.14     4.86819     3.08481
144     8     16     245.16     3.74546     2.92619
145     25     19     197.48     2.31767     4.30532
146     8     30     374.52     1.53001     3.74317
147     24     13     514.49     3.75764     3.38794
148     31     37     192.7     3.05747     4.71557
149     36     39     477.98     2.362     4.50011
150     12     26     65.9     4.34661     4.69604
151     14     6     208.04     4.95556     4.12152
152     38     15     135.02     2.82354     3.58486
153     32     30     32     4.57317     4.84321
154     14     30     423.64     4.2257     2.53525
155     35     21     250.6     4.2085     4.47852
156     16     26     236.99     3.69323     4.47058
157     38     14     399.13     4.24952     2.987
158     22     30     286.11     4.04881     4.91462
159     38     40     539.27     2.60158     4.71122
160     45     35     524.71     4.76415     3.13402
161     16     36     231.6     3.99765     3.42479
162     22     39     447.81     3.6144     3.59394
163     9     26     300.06     3.49658     2.69425
164     46     8     277.77     4.01997     2.72454
165     47     37     435.08     3.66877     4.05293
166     22     13     32.78     3.57552     3.5023
167     21     26     538.44     2.46902     2.98685
168     12     6     114.41     2.26725     2.8415
169     11     37     355.96     4.29716     2.73385
170     40     31     190.92     2.37695     4.30013
171     43     20     231.65     1.74578     3.39496
172     25     40     526.27     3.5737     3.59691
173     30     10     488.15     1.53674     3.85815
174     29     16     104.46     3.69323     4.44174
175     37     29     225.65     3.64292     4.03447
176     28     37     232.82     1.70487     4.67803
177     47     16     402.74     3.59944     4.9073
178     14     38     472.15     2.86573     2.73789
179     10     26     414.25     4.00214     3.89309
180     16     10     344.79     1.56238     4.40985
181     42     22     316.89     3.69216     3.01592
182     36     22     170.75     4.84042     4.91852
183     28     33     200.48     3.12978     4.89334
184     37     11     398.13     2.12081     3.81748
185     38     22     264.38     4.95439     4.03493
186     31     29     149.58     3.60511     2.69456
187     11     37     118.8     2.73296     3.45439
188     45     13     201.31     3.86584     3.18888
189     12     8     292.28     3.39564     4.09299
190     24     24     131.8     3.62711     2.82136
191     34     29     319.67     2.85826     4.55557
192     47     30     413.52     2.23083     3.63712
193     14     31     116.41     2.33326     3.65993
194     34     36     357.4     2.79096     3.66047
195     41     36     89.51     2.32803     3.29775
196     22     18     458.59     2.03546     3.66283
197     28     24     550.83     2.32974     4.10878
198     20     29     488.93     3.33561     4.24238
199     25     9     413.08     2.67891     3.9668
200     34     6     325.06     3.92245     3.21696
201     8     34     541.61     1.62978     4.27854
202     32     18     199.09     1.7916     3.32911
203     35     40     336.84     1.59859     4.0952
204     44     32     496.76     4.79513     2.7633
205     26     40     106.85     3.5987     4.53627
206     39     6     146.8     3.41968     3.47652
207     31     31     111.85     3.86392     3.52542
208     45     4     255.21     1.75497     4.84054
209     35     7     353.01     3.15915     3.34002
210     33     7     469.59     1.64698     2.59697
211     24     1     142.58     4.27804     3.47186
212     47     16     343.45     3.03984     3.12517
213     13     6     244.77     4.7289     3.80123
214     32     27     430.86     3.00534     3.02187
215     38     4     108.07     2.10767     3.08329
216     26     40     548.83     3.96005     3.99411
217     17     24     211.04     1.65841     2.74689
218     13     29     465.76     3.06868     3.06391
219     17     38     464.37     1.52126     3.50589
220     23     17     200.87     4.83711     3.08657
221     23     26     464.98     4.66834     4.78278
222     8     35     158.92     4.39041     3.5799
223     12     19     351.57     1.52606     4.44517
224     47     17     267.99     4.44061     4.36735
225     8     2     541.61     3.7868     3.85487
226     19     34     83.68     2.9405     4.53284
227     46     15     364.01     3.40568     3.22871
228     19     20     439.42     3.92598     4.18859
229     38     29     409.91     3.78712     4.81292
230     39     38     362.4     2.54411     4.05484
231     26     9     478.76     4.15734     3.86891
232     13     32     422.64     3.77174     2.85279
233     41     7     138.02     3.62519     4.97246
234     13     6     331.01     4.81809     2.50954
235     47     14     300.33     3.92993     3.62491
236     20     25     343.4     4.21737     3.67542
237     43     39     377.18     3.87706     3.17705
238     45     22     433.08     2.60831     4.05438
239     15     25     198.26     2.96101     4.56565
240     35     12     45.78     2.20049     4.54657
241     12     15     168.31     3.67635     3.86151
242     17     2     97.85     4.92854     3.20322
243     28     16     38.78     2.01474     2.63192
244     42     31     370.79     2.29438     4.49446
245     13     39     18.39     4.65189     3.61362
246     17     8     491.32     2.39628     3.88913
247     29     17     282.33     2.81906     4.1995
248     11     14     129.58     3.14559     2.74735
249     25     26     553.22     4.36499     2.73713
250     8     37     460.76     2.67133     3.52618
251     20     8     364.96     1.50299     2.64069
252     13     15     239.38     4.91166     2.79626
253     30     13     137.8     3.74717     4.3141
254     37     7     408.91     2.89308     4.57282
255     18     33     325.23     3.03493     4.88784
256     19     6     229.21     2.69793     3.95741
257     23     7     265.55     4.03771     3.26739
258     26     9     387.13     4.11771     3.59371
259     24     11     552.22     4.15915     2.99493
260     37     8     107.07     4.49583     2.93451
261     13     35     379.52     3.72057     2.92306
262     15     32     79.68     4.75603     2.82243
263     23     35     120.02     4.33412     3.20101
264     20     19     510.49     3.61985     2.88179
265     23     6     157.75     2.46283     4.07338
266     38     19     140.41     4.51068     4.22422
267     32     4     290.72     2.66941     4.99184
268     34     35     362.79     3.64538     4.96597
269     25     14     73.51     1.55127     4.03851
270     24     22     266.55     4.81393     3.55808
271     28     36     313.67     1.86381     2.66266
272     22     29     383.13     4.84597     4.92897
273     42     8     306.11     4.33081     3.22954
274     38     21     361.4     2.26501     4.43945
275     36     33     370.18     1.64228     4.38131
276     35     23     536.27     4.63085     4.65049
277     43     33     247.82     2.64078     4.2111
278     8     15     466.15     3.06772     4.90287
279     33     7     49.17     2.69355     3.7495
280     25     29     68.12     4.98248     3.71021
281     21     29     344.4     1.75369     3.26334
282     40     31     271.77     2.46764     3.96405
283     20     10     424.25     3.60788     3.86662
284     25     5     440.03     2.39415     3.45096
285     19     10     380.13     3.31201     4.44494
286     47     19     413.52     2.69013     3.183
287     21     17     161.14     4.81425     3.89134
288     21     3     258.16     2.30752     3.5403
289     11     20     404.47     2.26565     3.65528
290     29     8     373.96     2.87727     3.22588
291     31     8     553.83     2.01805     3.10427
292     28     36     416.08     2.04978     3.53366
293     16     1     409.47     4.80998     2.69715
294     36     36     359.4     3.02574     2.92802
295     26     29     489.54     4.13875     4.97101
296     25     6     488.54     1.77142     4.43678
297     19     30     272.33     4.32258     3.33918
298     13     25     142.36     4.42427     3.35597
299     38     35     97.29     2.24696     3.70373
300     12     21     114.41     4.88379     2.7678
