1     43     5     203.6     4.00075     4.82749
2     45     10     315.1     1.78071     2.74888
3     23     14     304.05     3.18116     3.66611
4     16     4     311.65     3.42245     3.41739
5     47     9     174.75     4.62294     3.31492
6     33     4     69.5     4.19761     2.81465
7     20     8     213.45     1.99605     4.53505
8     27     2     56.2     2.6614     4.51468
9     27     4     205.85     1.94435     4.35018
10     13     3     166.3     3.4592     3.10465
11     30     4     201.55     2.11365     3.1267
12     19     15     165     1.69836     2.67197
13     41     7     135.9     2.86947     4.46623
14     27     14     220.45     4.50983     3.10236
15     21     5     53.85     3.70124     2.91032
16     41     8     384.1     2.29534     4.19172
17     8     12     278.1     1.8135     4.45875
18     36     7     240.4     1.66364     2.56951
19     43     13     64.9     3.406     4.89883
20     22     10     124.2     4.5533     3.93559
21     19     6     311     2.13971     3.44852
22     15     6     15     3.54283     3.10862
23     24     13     232.05     1.79192     4.21148
24     19     15     205.15     3.8495     4.38765
25     25     8     364.45     2.59741     2.9442
26     16     2     147.4     2.01431     4.72571
27     31     5     52.9     3.77783     4.13663
28     25     3     68.8     1.77515     4.71625
29     14     1     214.75     4.75881     3.40449
30     38     3     300.8     4.12775     4.89227
31     15     7     22.3     1.57381     2.69417
32     41     9     322.05     3.07285     4.83703
33     24     3     34.95     2.95685     3.30081
34     26     8     69.8     4.55287     2.60826
35     18     7     237     3.12049     4.1979
36     20     4     268.2     2.07392     4.47493
37     41     5     99.4     2.22324     3.17995
38     13     15     326.9     3.5172     4.9649
39     24     13     286.8     4.52446     3.31782
40     10     9     53.8     4.1363     4.72732
41     19     13     274.5     4.72506     4.7261
42     42     2     115     3.74322     3.70594
43     19     5     380.35     4.49744     4.14319
44     46     9     308.8     1.58129     4.62584
45     30     14     354.85     3.20231     4.82391
46     23     12     344.2     3.88592     4.29167
47     20     15     363.1     4.79289     4.24451
48     24     8     188.25     2.13213     2.69936
49     35     12     111.65     2.40632     4.62043
50     47     11     353.6     2.47073     4.9601
51     44     10     190     3.64377     3.73623
52     24     13     312.35     4.85089     3.53626
53     19     12     110.25     2.03642     3.58829
54     35     12     356.2     1.83048     3.29051
55     43     7     258.35     3.20028     4.3395
56     25     3     265.9     4.0753     4.34706
57     24     3     341.55     4.17774     3.58745
58     19     10     51.85     1.54315     2.76536
59     35     2     144.5     2.96678     3.44409
60     19     3     285.45     3.85794     4.02669
61     9     9     184.2     3.23841     2.9284
62     8     9     26.25     2.36937     4.33287
63     28     13     290.8     3.73991     3.17141
64     46     11     86.15     4.40205     4.7174
65     17     3     75.4     3.88752     2.93397
66     20     13     224.4     3.18981     2.96953
67     33     9     58.55     4.5455     4.43678
68     28     12     64.5     2.49989     3.37062
69     8     4     267.15     3.99242     4.50262
70     15     14     310.65     4.94285     4.24284
71     41     5     358.55     3.07648     3.51184
72     39     6     170.4     2.47041     3.31034
73     16     10     267.85     2.05618     4.67002
74     19     12     212.45     4.06185     3.37352
75     14     9     265.85     3.13042     3.58737
76     46     1     221.2     2.59613     3.29485
77     16     10     293.4     4.65499     3.17225
78     8     5     77.35     3.41305     4.29807
79     16     6     318.95     4.54689     3.83549
80     12     14     304     2.56088     4.07941
81     35     12     283.2     2.37588     4.0083
82     8     3     263.5     2.23243     3.73135
83     33     7     109.65     3.64463     3.47224
84     24     15     243     3.88763     4.97909
85     25     12     229.4     1.75422     4.50201
86     35     8     367.15     3.56409     2.72904
87     18     12     94.65     4.15969     3.32018
88     12     8     172.6     3.37535     2.93077
89     43     4     83.15     4.71096     4.36514
90     26     11     204.85     4.19665     3.25022
91     12     7     285.75     3.68255     4.87083
92     25     1     101.65     4.03728     4.05622
93     42     5     198.95     1.99028     4.75959
94     47     12     386.45     2.10179     4.71961
95     23     9     183.6     4.5956     4.34698
96     40     8     266.3     1.53771     2.72401
97     8     15     172.25     1.5972     4.85977
98     11     11     281.1     3.87129     3.0903
99     45     15     384.45     4.01079     4.26557
100     42     6     177.05     2.12999     3.11243
101     20     14     213.45     4.7351     3.41563
102     22     11     365.1     4.15413     4.90646
103     15     1     109.9     4.7069     4.99992
104     8     2     208.75     2.09378     3.27174
105     9     3     286.4     2.74258     2.81457
106     17     3     100.95     3.59496     3.86509
107     45     3     161.8     1.5674     3.8422
108     19     4     234.35     2.17251     4.18683
109     31     5     275.55     2.03226     3.14425
110     14     2     141.75     2.27067     4.8796
111     33     4     270.25     3.01794     4.06621
112     12     3     74.05     4.51122     3.83969
113     24     4     378.05     3.52692     3.75507
114     21     9     375.05     3.6285     3.14112
115     28     15     108.3     3.46304     3.98961
116     28     9     330.95     2.59336     3.77178
117     43     9     163.45     3.09784     4.82261
118     40     12     69.2     4.42309     3.18209
119     23     9     355.15     4.72484     3.53633
120     36     14     127.25     2.67934     3.14669
121     43     6     134.25     2.50182     3.90996
122     15     6     266.85     2.15435     2.93802
123     26     10     33.3     2.4796     3.29951
124     45     10     198.3     3.24311     2.81259
125     24     8     195.55     2.81916     2.53059
126     12     13     183.55     2.5047     2.81022
127     31     8     85.75     4.19579     3.60363
128     40     12     149.5     2.40985     4.36483
129     43     1     240.1     4.89073     2.71081
130     31     4     268.25     2.27676     4.72854
131     22     8     335.9     1.57103     3.56708
132     21     4     276.5     1.89393     4.20804
133     37     5     37     2.75571     3.5519
134     33     2     142.5     3.83091     3.71334
135     42     15     264.65     2.47041     2.66472
136     31     1     74.8     3.93591     2.6191
137     8     8     186.85     1.58898     2.79275
138     20     9     30.95     1.52211     4.43861
139     34     8     136.2     3.36328     4.79057
140     13     4     315.95     4.74023     2.80961
141     44     5     138.9     4.13897     3.37275
142     17     15     17     3.13875     2.79382
143     39     1     206.9     3.76084     4.81956
144     34     9     161.75     1.91263     4.98802
145     34     11     114.3     4.16417     4.99374
146     32     7     185.3     2.3385     4.94728
147     36     1     189.3     3.15392     2.67098
148     46     8     64.25     1.89789     2.92222
149     11     9     288.4     4.37193     3.1827
150     34     2     223.8     3.58737     3.90744
151     24     10     381.7     4.95054     4.87068
152     33     5     357.85     2.917     3.00256
153     24     8     239.35     2.85495     3.35475
154     25     7     160.05     1.59592     3.58661
155     21     6     364.1     2.91273     3.61309
156     13     7     23.95     2.40504     3.3037
157     43     2     229.15     4.02969     4.87465
158     13     14     71.4     2.75774     2.86264
159     19     6     121.2     2.59496     3.32423
160     36     8     79.8     4.44809     2.64748
161     27     14     191.25     1.57263     2.62009
162     24     10     71.45     4.58631     4.64202
163     28     1     210.5     4.28114     4.72419
164     21     14     170.65     2.72143     4.66529
165     43     15     305.8     3.35922     3.54419
166     26     4     40.6     3.15264     4.92157
167     9     4     41.85     3.4217     3.88936
168     42     11     235.45     1.92651     4.36048
169     36     10     112.65     3.90013     3.23733
170     45     10     380.8     4.02318     4.35171
171     11     6     335.85     1.57231     3.81504
172     45     13     85.15     4.2288     4.67101
173     37     11     51.6     2.27943     4.99046
174     17     7     195.85     1.69665     4.79888
175     26     14     296.1     3.33006     3.47812
176     45     11     212.9     2.69494     3.03201
177     17     5     17     2.59207     3.85685
178     23     15     271.2     4.5423     3.40747
179     8     6     40.85     2.77174     4.39947
180     12     3     128.8     2.73072     2.93817
181     23     6     85.05     3.88101     3.21535
182     41     5     62.9     3.73659     4.16288
183     46     12     93.45     4.89126     4.70611
184     35     1     67.85     1.51794     3.00623
185     18     5     310     4.0752     3.83229
186     40     15     200.6     1.70113     4.45379
187     45     15     172.75     1.53642     3.19422
188     19     13     325.6     2.45268     3.5374
189     42     9     282.9     3.92651     2.92421
190     36     12     368.15     2.04059     4.13465
191     13     1     23.95     3.348     3.3916
192     13     2     137.1     1.58203     3.08
193     9     9     96.6     3.94787     3.22039
194     46     8     46     2.97917     4.58846
195     40     3     207.9     1.69547     2.61956
196     10     5     250.9     2.04208     4.99206
197     14     15     68.75     4.85035     4.52536
198     32     4     50.25     4.79919     2.78863
199     30     5     384.05     4.11557     3.55632
200     43     14     338.65     3.9953     4.00342
201     20     10     239     4.48056     2.78115
202     10     8     39.2     3.27761     2.86233
203     26     14     69.8     3.24952     3.29859
204     25     8     79.75     1.56793     2.77879
205     27     1     297.1     1.75871     4.13015
206     30     3     245.35     4.12444     2.65229
207     42     10     67.55     1.7805     4.925
208     13     7     122.5     4.28797     3.4798
209     44     1     230.15     4.11557     3.97748
210     36     15     36     2.41935     2.77955
211     26     13     197.55     2.3714     4.05759
212     39     8     363.85     2.52168     4.3276
213     25     9     313.35     3.43004     3.55327
214     14     7     360.75     4.05031     3.2062
215     18     4     207.8     4.60179     2.92535
216     10     2     225.35     2.91198     3.6655
217     17     10     100.95     4.46699     3.97549
218     44     9     317.75     1.64975     4.79736
219     34     4     388.05     1.90568     4.42595
220     30     4     343.9     4.31596     4.02135
221     23     9     231.05     4.31436     2.81228
222     39     8     46.3     3.03301     3.38397
223     19     12     285.45     3.00961     3.68854
224     43     1     382.45     1.7414     3.67
225     27     3     264.25     3.32076     3.14447
226     25     10     357.15     3.63544     3.82572
227     40     5     131.25     4.36894     4.63622
228     28     12     64.5     4.28573     3.19597
229     14     13     112.55     2.03343     2.6281
230     27     5     246     4.45012     4.07262
231     24     12     381.7     4.6066     4.04859
232     8     3     154     4.07199     4.55596
233     34     1     285.85     1.63491     2.55692
234     20     13     133.15     1.96518     4.22834
235     13     2     202.8     4.94948     3.1241
236     18     3     207.8     4.68767     2.64084
237     31     14     250     4.38133     4.4248
238     8     14     186.85     2.60137     3.11197
239     16     10     85.35     2.66684     4.04271
240     17     2     126.5     4.12123     4.33905
241     45     14     172.75     3.5392     3.98823
242     46     6     228.5     2.14965     4.82154
243     41     2     307.45     2.00737     4.02837
244     32     14     210.85     2.20028     2.59812
245     23     2     169     4.82365     2.82914
246     15     4     84.35     3.7084     2.79519
247     34     6     326     4.13683     4.4113
248     14     6     61.45     4.52873     2.98814
249     30     4     135.85     2.33508     4.91714
250     20     9     271.85     4.12134     3.87509
251     44     15     120.65     4.07509     4.69092
252     37     9     106.35     1.92427     2.76337
253     33     9     310.4     3.49786     3.17164
254     32     5     108.65     4.91466     4.86862
255     23     5     201.85     1.63427     4.09787
256     23     2     322.3     2.35591     4.92538
257     27     11     63.5     4.99637     3.52519
258     17     2     64.45     2.23446     4.11168
259     29     5     156.75     1.85612     3.15676
260     11     13     197.15     3.38176     4.78507
261     44     2     270.3     3.71352     3.98541
262     10     2     31.9     4.7852     3.03125
263     23     10     136.15     4.94937     2.74888
264     19     5     143.1     3.08609     4.0257
265     37     6     248.7     4.16813     3.69755
266     12     13     121.5     2.76554     2.7073
267     37     9     263.3     3.22687     3.17423
268     16     10     351.8     4.0172     4.76493
269     47     12     317.1     4.95204     4.50705
270     15     4     175.6     3.30741     2.9358
271     18     2     109.25     2.54369     3.21429
272     43     10     130.6     3.12444     3.61744
273     11     7     182.55     2.6677     2.52205
274     44     8     252.05     2.91263     3.79101
275     21     2     261.9     1.73457     4.19446
276     21     5     130.5     2.69633     3.2577
277     43     2     137.9     2.86637     4.67605
278     37     12     215.85     1.89041     4.68787
279     39     7     287.2     3.55106     4.04675
280     47     12     79.85     3.7978     3.98206
281     47     7     185.7     2.98441     2.78985
282     42     15     374.15     4.79556     3.44485
283     27     7     282.5     4.59912     3.87196
284     26     4     201.2     3.20743     2.77139
285     8     2     106.55     3.28178     2.63504
286     45     4     384.45     3.36509     2.84608
287     40     15     109.35     2.77686     4.5024
288     39     12     254.35     4.35537     4.85389
289     47     11     320.75     3.77911     2.99532
290     46     2     104.4     4.95631     4.7042
291     39     5     363.85     4.71192     3.06413
292     31     12     100.35     3.7602     2.76704
293     14     5     342.5     4.69515     4.73006
294     47     4     112.7     4.98419     3.92232
295     35     15     239.4     1.69868     4.54016
296     42     13     169.75     1.96753     2.92062
297     20     3     271.85     3.38464     4.83581
298     24     10     144.45     4.85858     2.5573
299     27     12     333.6     1.6363     3.33186
300     27     15     348.2     3.98643     4.65888
