1     29     2     273.4     4.49979     3.23572
2     36     13     189.4     3.04048     4.01082
3     45     10     281.6     3.02809     2.69906
4     14     14     227.2     3.48985     2.78275
5     11     15     70.8     4.79812     4.17768
6     18     3     124.6     2.65563     3.93536
7     36     8     163.4     3.11429     4.37223
8     45     1     250.4     1.86232     2.76559
9     13     5     72.8     2.26543     3.00859
10     40     10     284.4     4.89393     3.36245
11     43     7     71.6     4.52232     3.19933
12     32     6     198.4     4.33551     2.87416
13     12     6     113.4     2.82344     4.6173
14     47     10     127.6     1.60318     3.58837
15     11     6     44.8     3.64805     4.48187
16     8     3     114.6     4.66108     2.82479
17     16     15     148.6     3.07659     3.85815
18     47     12     260.2     3.42416     3.14051
19     21     14     57.4     3.53877     4.26801
20     15     2     230.8     3.35195     2.847
21     10     13     160.8     4.7492     4.61402
22     10     9     85.4     1.72623     4.34065
23     18     6     70     3.83048     3.41571
24     20     13     274.8     4.61921     2.74506
25     28     15     269.8     4.62348     3.85853
26     32     2     172.4     4.04646     4.86656
27     11     7     252.8     4.68564     4.1551
28     26     13     161.2     2.80966     3.46118
29     14     14     128.4     1.9765     3.21871
30     43     6     43     3.02574     4.31532
31     25     15     173.2     3.73061     4.15052
32     33     1     181.2     3.84341     3.63773
33     18     3     64.8     2.51816     3.03735
34     20     8     272.2     4.84747     3.26518
35     36     7     127     3.49316     3.06375
36     26     5     215.8     4.65104     3.67969
37     24     14     159.2     4.82856     3.93559
38     36     3     288.2     1.67421     4.83871
39     39     11     132.6     4.83978     4.11611
40     15     9     225.6     4.11162     4.81742
41     9     2     16.8     4.29502     3.37519
42     35     6     123.4     3.58588     3.76438
43     18     1     44     3.91337     3.15058
44     31     6     93.4     3.48996     3.16866
45     24     7     151.4     4.05031     4.72159
46     44     13     114.2     4.01645     2.94015
47     46     1     152.6     3.07082     2.69524
48     13     6     122.2     3.37407     3.80177
49     11     4     52.6     4.90985     3.80573
50     45     9     227     4.69216     4.99512
51     19     11     268.6     4.32023     3.52496
52     33     3     82.4     4.11258     4.79751
53     45     11     151.6     2.30869     2.987
54     18     9     135     2.06868     3.85235
55     28     8     61.8     2.75849     3.72417
56     44     13     252     2.75262     3.81176
57     30     15     206.8     4.24023     2.71577
58     34     9     223.8     1.76885     3.79139
59     32     14     203.6     4.5094     2.74949
60     16     9     73.2     3.97682     4.63836
61     16     14     81     3.69237     3.09542
62     23     4     121.8     1.51955     3.51085
63     18     2     233.8     2.65969     2.99203
64     36     15     246.6     3.04112     3.77117
65     12     11     196.6     3.58609     2.94534
66     9     13     191     2.09015     2.69051
67     33     5     116.2     2.19846     3.83999
68     11     6     198.2     3.71235     4.46692
69     33     13     113.6     3.21203     3.86319
70     43     9     167.8     4.22922     3.55449
71     40     7     94.6     2.953     3.24107
72     21     9     278.4     4.7054     3.30721
73     35     10     94.8     2.16887     4.28755
74     36     4     238.8     2.10233     4.93301
75     22     13     258.6     3.52713     4.26527
76     35     15     71.4     3.62081     4.26168
77     8     4     88.6     4.30026     3.56006
78     21     8     151     4.72976     3.82519
79     37     2     172.2     1.73862     4.16684
80     31     3     83     4.38282     2.74995
81     35     2     282     4.13224     3.48849
82     41     11     64.4     4.92341     4.46204
83     46     3     217.6     2.05672     3.44729
84     33     2     173.4     3.67582     4.70458
85     13     6     143     4.81115     4.90883
86     31     5     189.6     4.22495     4.86808
87     43     2     230.2     2.0392     4.91783
88     17     4     123.6     1.88282     3.13288
89     22     10     40.2     4.54112     4.24764
90     25     14     162.8     2.84309     3.42433
91     19     14     21.6     3.27056     2.76124
92     26     4     226.2     3.52264     4.68032
93     40     8     201.2     4.02115     2.58515
94     31     7     257.2     3.5909     2.93107
95     16     2     70.6     4.79897     4.09558
96     21     6     195.2     3.68703     3.69228
97     35     7     206.6     3.38293     4.7174
98     20     2     105.8     1.82344     4.66979
99     35     9     48     3.57381     3.03545
100     41     3     212.6     2.47853     3.77705
101     24     8     161.8     2.62839     3.21841
102     22     10     133.8     3.37535     4.96582
103     45     3     271.2     1.88357     4.75517
104     9     14     219.6     1.9483     4.36789
105     41     6     48.8     2.06676     2.50336
106     25     1     168     3.99808     4.251
107     47     12     208.2     4.29331     4.55115
108     45     13     242.6     3.03279     4.78591
109     38     2     261.6     2.75272     2.89056
110     44     14     205.2     3.79769     3.62636
111     10     8     111.4     4.0815     4.40436
112     30     8     258.8     2.49188     3.30226
113     9     3     206.6     3.42341     4.6643
114     41     8     98.2     4.1724     3.92415
115     23     13     116.6     4.67817     4.54283
116     21     1     125     3.84629     3.70106
117     26     2     148.2     4.43623     4.63698
118     9     9     63.6     4.74963     4.77058
119     14     10     253.2     2.60222     2.5042
120     19     2     242.6     3.81468     4.34133
121     19     4     169.8     4.70583     2.71195
122     45     4     234.8     3.82397     3.64826
123     26     10     145.6     1.89906     4.69825
124     26     6     132.6     3.25187     4.71999
125     44     7     140.2     2.14238     3.44592
126     13     4     241.8     2.29438     4.95888
127     35     13     188.4     4.07776     2.96899
128     18     6     111.6     4.08556     4.53398
129     31     14     38.8     4.58866     2.61132
130     35     11     250.8     4.10201     4.08551
131     18     10     158.4     1.5486     3.65795
132     36     3     62     2.75433     2.74308
133     36     15     163.4     2.2571     3.75904
134     15     3     59.2     2.66717     3.9552
135     15     5     43.6     2.56142     4.16601
136     25     11     170.6     4.64516     4.13228
137     12     10     58.8     3.16823     4.78065
138     11     1     190.4     2.3276     4.10138
139     37     12     47.4     3.64153     4.51605
140     19     14     237.4     3.53044     3.37413
141     17     8     50.8     2.08759     4.47096
142     8     13     151     4.77526     4.72648
143     35     10     100     4.02884     3.9156
144     9     14     120.8     3.00609     4.09146
145     35     9     292.4     1.96326     4.09085
146     31     12     150.6     2.49402     3.26426
147     36     7     114     2.61408     4.81941
148     30     8     199     2.92854     2.91978
149     20     1     264.4     3.8636     3.92941
150     32     5     260.8     3.69739     3.44264
151     47     2     299.2     1.87716     4.49141
152     10     14     184.2     3.35281     3.56983
153     12     14     240.8     3.91412     4.86656
154     46     8     196.8     4.76597     4.34584
155     47     11     187.4     4.8245     4.06804
156     39     1     137.8     4.96924     3.39
157     45     13     138.6     4.23595     4.93538
158     15     1     46.2     4.68468     4.47699
159     35     6     157.2     4.92598     2.62009
160     28     7     87.8     2.54155     4.92889
161     39     13     293.8     2.88261     3.38504
162     23     14     259.6     1.98035     3.32072
163     21     6     93.8     4.05298     3.7154
164     28     7     262     2.84448     4.99779
165     44     7     88.2     4.77804     4.74288
166     21     6     28.8     2.15958     2.90567
167     47     4     294     2.41594     4.48149
168     23     9     101     4.10062     3.7331
169     12     15     90     4.65317     2.8769
170     27     9     97.2     4.1458     4.36689
171     32     11     240     2.5015     4.66781
172     22     5     53.2     3.41861     3.65917
173     17     5     230.2     4.98473     2.5589
174     41     2     67     4.21694     4.50827
175     18     7     252     2.51025     3.20841
176     26     15     265.2     4.23008     3.75034
177     11     1     83.8     2.43142     3.52603
178     34     10     171.8     3.44285     4.86526
179     22     15     149.4     3.79417     4.78469
180     13     1     223.6     2.72752     3.49361
181     27     5     266.2     2.2728     4.54398
182     13     2     72.8     4.62305     3.26716
183     13     4     114.4     4.29385     3.88714
184     14     12     68.6     2.30175     4.45128
185     35     12     84.4     4.84555     4.96918
186     19     6     206.2     2.22388     2.89987
187     24     6     180     2.4765     3.87867
188     32     4     188     3.47928     4.32333
189     44     6     252     2.48131     3.81138
190     23     15     241.4     3.81639     3.86814
191     32     8     39.8     4.77323     3.55663
192     44     11     155.8     4.35965     3.50993
193     29     6     86.2     4.44488     3.7962
194     40     13     222     2.51325     4.75814
195     22     5     235.2     1.51624     3.71555
196     17     8     79.4     4.55351     4.17394
197     42     3     278.6     2.37065     2.92756
198     40     11     258.4     1.90707     4.19996
199     19     14     42.4     2.37695     3.70937
200     33     14     33     2.11931     4.30334
201     33     10     77.2     2.20103     3.55029
202     39     14     252.2     2.50716     4.93027
203     40     8     118     1.80293     3.01416
204     30     15     201.6     4.50182     4.27396
205     22     8     196.2     3.62337     3.9124
206     47     9     127.6     2.17742     2.85455
207     30     5     69     3.95578     2.79061
208     24     11     185.2     4.46849     3.41174
209     23     4     215.4     4.00758     4.72778
210     9     1     76.6     3.5736     3.60981
211     21     13     41.8     2.14805     4.94659
212     16     2     36.8     1.54775     4.0553
213     39     9     153.4     2.34384     3.23847
214     30     14     219.8     4.08118     4.12694
215     8     9     99     3.78178     3.69915
216     40     3     284.4     2.46635     3.11838
217     31     15     179.2     3.17977     4.77775
218     22     4     245.6     3.25251     4.19332
219     31     11     54.4     2.78477     4.63782
220     39     1     192.4     4.08684     3.65268
221     23     11     179     3.05832     4.33172
222     11     15     70.8     3.24429     3.01523
223     26     2     283.4     4.54924     3.78651
224     24     10     112.4     4.34458     3.90988
225     8     11     8     4.95482     3.10274
226     30     8     121     2.2555     3.28059
227     12     5     64     1.8683     4.16623
228     35     15     206.6     2.68607     3.90431
229     12     3     209.6     4.71491     2.57118
230     47     6     60     1.96454     2.72088
231     20     10     230.6     3.37428     4.85755
232     25     6     126.4     4.00609     4.47569
233     12     11     43.2     1.99167     3.55846
234     24     5     89     4.46657     3.17438
235     21     2     203     2.47554     2.56302
236     27     1     164.8     1.5847     3.85121
237     15     6     132     4.18351     2.78909
238     42     13     252.6     2.21139     4.6482
239     46     3     137     2.29481     3.17003
240     19     2     266     2.02596     4.20843
241     41     12     56.6     2.37129     4.45364
242     30     4     253.6     2.94104     4.38086
243     34     8     197.8     2.10553     3.31286
244     25     12     188.8     4.69398     3.23763
245     40     7     279.2     3.25614     4.27068
246     44     6     155.8     2.12647     3.40472
247     40     9     185.6     4.77078     4.43533
248     30     10     175.6     2.15136     3.20406
249     24     4     94.2     1.59656     3.54991
250     22     12     219.6     4.40632     3.10884
251     42     7     278.6     3.17913     4.35339
252     19     8     175     1.59645     2.51099
253     39     9     231.4     1.64644     3.25427
254     45     5     302.4     3.02318     4.3012
255     25     11     38     1.68361     3.81741
256     9     6     120.8     4.3009     4.76157
257     24     9     141     3.59229     3.06246
258     9     9     224.8     4.7618     3.77087
259     47     11     190     2.53867     3.07512
260     10     5     90.6     2.547     2.82174
261     20     3     144.8     3.99028     2.93146
262     36     10     124.4     2.38646     3.35124
263     19     8     271.2     2.83732     3.43364
264     29     14     127.8     4.56548     2.88285
265     27     14     211.6     3.20466     4.65926
266     39     9     93.6     3.07851     3.98213
267     31     14     283.2     1.94894     3.82221
268     13     15     119.6     3.47233     3.52374
269     22     8     94.8     2.3448     3.44691
270     42     5     75.8     4.37374     4.77203
271     28     15     251.6     1.95706     4.85458
272     11     5     47.4     2.20733     4.77332
273     15     6     46.2     3.70241     4.46158
274     23     1     189.4     1.59966     4.56114
275     43     14     92.4     4.59645     2.8914
276     46     10     202     3.47084     4.67353
277     46     4     72     4.1896     4.3984
278     39     13     288.6     2.31371     3.48338
279     29     1     221.4     4.69045     4.10352
280     41     12     178.8     3.16129     3.34109
281     37     11     237.2     2.7758     3.04361
282     11     6     174.8     2.24012     4.5294
283     19     10     42.4     4.58908     3.53305
284     43     2     253.6     4.81297     4.53101
285     45     15     86.6     4.42576     4.8368
286     43     10     251     3.20754     2.60857
287     38     10     87.4     4.10628     4.15731
288     39     5     127.4     2.53343     4.69787
289     37     15     169.6     3.03685     2.93306
290     33     6     59     3.08663     3.61179
291     14     9     133.6     4.45727     3.45027
292     46     1     137     2.44093     4.55924
293     24     14     156.6     2.87652     3.26617
294     46     13     290.4     3.22773     3.47392
295     22     13     133.8     1.69601     4.94575
296     39     9     132.6     2.10201     3.1579
297     23     7     192     1.51976     3.61042
298     26     1     49.4     1.89789     4.73617
299     30     5     76.8     4.65296     4.79949
300     29     14     34.2     4.96902     4.42434
