1     19     29     487.825     4.52457     4.0083
2     26     16     65.9     2.94061     3.25961
3     28     30     816.025     3.30464     2.9516
4     32     18     660.425     4.24194     3.01317
5     34     19     462.925     3.99669     2.88224
6     12     17     440.925     3.26159     3.2532
7     34     35     812.05     1.69932     3.84419
8     14     35     413     4.88838     3.82603
9     41     24     988.625     4.17721     2.80282
10     12     26     730.2     2.18361     3.98495
11     30     19     219.525     4.42064     4.94461
12     46     34     794.125     4.28552     2.59552
13     43     22     342.25     4.39468     2.78718
14     26     34     873.875     3.50075     3.65291
15     40     21     718.3     2.47404     3.10442
16     8     27     716.225     4.08428     4.61211
17     15     27     852.9     4.06644     4.16196
18     39     34     408.075     4.2053     2.53029
19     33     28     541.725     2.92288     3.26617
20     30     31     159.675     4.60265     3.02232
21     8     30     596.525     3.13608     4.62584
22     44     26     203.6     1.92534     4.52796
23     11     20     908.75     4.82568     2.52541
24     33     22     252.45     1.76298     2.89201
25     29     17     876.875     2.51122     4.81216
26     26     32     325.25     2.3621     3.75706
27     30     30     299.325     3.17336     4.19385
28     33     32     412.05     1.53001     2.76826
29     8     24     596.525     4.50107     4.8513
30     35     24     503.825     2.22752     3.59134
31     44     20     203.6     3.32739     4.36125
32     41     17     948.725     2.84758     3.74218
33     19     27     866.875     2.75304     3.43326
34     23     30     441.95     3.68212     3.22977
35     21     18     679.35     3.95631     3.45828
36     40     21     79.9     1.57648     3.51123
37     37     35     306.325     3.69152     4.3701
38     47     17     376.175     4.27163     4.25916
39     42     32     480.9     4.47426     2.81899
40     15     34     523.725     4.93249     2.94191
41     24     26     901.8     2.4545     3.15836
42     12     16     51.9     4.36552     4.71625
43     45     31     783.15     1.97746     3.74317
44     24     24     831.975     3.92267     2.63215
45     29     26     29     4.33145     3.54167
46     16     32     564.625     4.09357     3.15065
47     15     21     523.725     2.18297     4.05896
48     20     15     299.3     1.78413     4.47386
49     29     21     218.525     4.20071     4.07338
50     43     30     850.975     3.78413     2.68723
51     40     34     149.725     2.36488     4.68535
52     44     23     891.875     3.92074     3.2152
53     25     21     743.2     4.46667     4.67872
54     22     19     81.85     4.4012     2.58835
55     17     31     226.475     2.29257     3.69457
56     8     25     806     4.34095     3.02355
57     26     35     255.425     4.99818     3.21749
58     18     30     696.3     4.48184     4.81674
59     12     19     41.925     4.66813     2.87469
60     27     26     386.1     3.59517     4.04759
61     9     32     557.625     3.56473     4.54688
62     32     19     969.65     4.07424     3.09763
63     9     15     68.85     1.56345     4.29228
64     35     29     304.325     2.2132     3.97992
65     31     29     978.625     3.27548     4.58319
66     26     26     873.875     1.67432     4.4818
67     26     25     514.775     2.85858     4.35446
68     44     35     143.75     4.64206     4.61966
69     45     23     633.525     2.51527     4.36506
70     39     23     238.5     1.66428     3.40724
71     15     21     184.575     1.67817     2.87179
72     21     29     669.375     2.18287     3.43486
73     44     24     383.15     2.38325     4.11573
74     10     34     947.65     4.24931     3.26251
75     34     21     93.85     2.82984     4.62073
76     8     25     496.775     4.9294     2.6249
77     28     17     476.875     3.62967     4.80529
78     19     20     467.875     2.39511     2.94877
79     35     21     872.9     2.24119     3.40587
80     14     30     792.05     3.70412     3.18331
81     32     21     331.25     3.59378     4.71366
82     12     35     780.075     3.26597     3.44241
83     19     21     308.275     4.89735     3.62285
84     31     23     220.525     1.99701     3.95993
85     40     32     618.55     3.6411     3.49269
86     44     20     213.575     4.16182     4.35736
87     36     19     1013.55     4.27868     4.32051
88     37     20     146.725     2.40259     3.22352
89     20     28     169.625     2.60115     3.72875
90     14     22     582.575     3.45589     3.00775
91     15     32     902.775     3.79801     3.26342
92     25     15     314.275     3.55704     2.72446
93     39     16     148.725     4.20476     2.50542
94     10     23     698.275     4.53194     3.47079
95     28     17     347.2     3.23862     3.4946
96     27     31     545.7     4.07616     4.25687
97     32     24     440.975     3.52158     2.96579
98     41     32     41     2.22207     3.14829
99     36     17     524.775     2.69109     4.89792
100     13     26     222.475     2.99284     3.72135
101     26     19     75.875     4.89778     3.37497
102     12     34     700.275     4.24429     4.33027
103     9     15     378.075     2.99113     3.26037
104     16     16     853.9     3.6944     2.68754
105     12     20     151.65     4.89308     3.68274
106     13     28     551.65     3.63971     3.25663
107     35     15     344.225     2.65734     4.335
108     37     24     565.675     3.86007     4.95666
109     9     24     98.775     3.21886     4.58586
110     28     23     127.75     3.7101     4.18012
111     36     34     624.525     1.82814     2.90307
112     44     31     991.625     2.89874     3.12334
113     16     27     105.775     3.17528     4.09062
114     34     32     482.875     4.45567     3.4286
115     36     29     454.95     2.69974     4.33668
116     23     16     392.075     2.38614     2.63924
117     43     26     52.975     1.58887     4.07552
118     40     20     608.575     3.01218     3.46767
119     13     16     322.225     2.96347     3.66115
120     14     18     941.675     3.00256     3.37481
121     11     34     539.675     3.25016     4.35362
122     39     18     837     4.58887     4.46318
123     15     30     553.65     3.243     4.61776
124     12     19     221.475     4.97041     3.68168
125     34     20     83.875     3.85067     4.2349
126     9     19     557.625     1.90536     3.34346
127     35     22     74.9     4.03247     3.72608
128     24     26     343.2     4.99113     4.4557
129     31     31     90.85     4.42117     4.08902
130     30     24     947.7     3.62989     2.86233
131     27     32     785.1     2.63341     4.34645
132     12     28     141.675     3.68383     3.1991
133     28     25     696.325     4.76853     4.40771
134     15     27     962.625     3.31628     3.16111
135     24     16     432.975     4.09282     3.24252
136     8     19     626.45     2.52147     3.08298
137     34     30     343.225     3.91369     4.86732
138     13     35     72.85     4.34149     3.3314
139     26     26     814.025     4.13971     4.64393
140     30     34     309.3     4.2696     4.5101
141     42     34     431.025     4.02884     3.39106
142     41     15     669.425     2.8433     2.97739
143     42     21     1029.53     3.6238     4.3083
144     47     29     485.9     2.92277     4.17676
145     37     34     665.425     3.87513     2.71195
146     21     17     838.95     2.15787     3.77865
147     26     35     594.575     1.95204     3.5844
148     20     25     668.375     1.6426     4.1361
149     12     15     530.7     2.74001     4.43503
150     33     20     940.725     2.75689     3.5522
151     18     28     167.625     4.5267     3.47423
152     45     34     573.675     2.69558     3.36009
153     16     33     823.975     4.37481     3.09977
154     30     22     638.475     2.68554     2.81549
155     36     32     913.8     2.18255     3.69556
156     28     16     835.975     4.38977     4.30204
157     25     16     244.45     3.43217     2.74285
158     37     17     954.7     4.99947     3.84854
159     32     21     291.35     3.12465     4.24451
160     42     32     560.7     1.51282     4.45936
161     18     28     297.3     3.40365     3.46049
162     15     20     423.975     4.20263     4.75661
163     39     20     168.675     1.86541     4.45791
164     15     20     593.55     3.2696     2.93565
165     19     22     517.75     3.05725     2.97098
166     30     33     458.925     4.1849     3.53259
167     27     24     266.4     4.16268     4.5761
168     21     26     679.35     2.21908     4.50392
169     21     25     410.025     3.87481     3.17713
170     42     24     161.7     4.65926     4.61966
171     45     35     284.4     2.95653     4.80514
172     45     27     453.975     2.71267     3.66802
173     24     34     273.375     3.48932     4.22887
174     12     28     730.2     1.59934     2.97349
175     45     30     563.7     3.30752     4.37933
176     47     25     1024.55     3.83091     3.72631
177     23     24     272.375     3.12284     3.58562
178     13     15     531.7     1.67721     3.12532
179     28     29     686.35     1.83369     3.12403
180     13     19     591.55     3.32141     3.33323
181     33     17     72.9     4.52393     2.57904
182     30     32     419.025     1.7006     3.24374
183     36     32     185.625     4.64815     3.01767
184     24     25     1001.55     1.53632     3.06223
185     33     18     1010.55     3.40472     2.97525
186     41     17     370.175     3.05052     4.19774
187     38     24     217.55     3.29662     4.75471
188     25     34     453.925     1.87001     4.46844
189     30     29     837.975     3.87898     3.5374
190     46     27     863.95     1.61856     3.61888
191     33     28     282.375     3.19494     4.30761
192     24     35     512.775     4.19601     4.15052
193     19     21     308.275     4.89906     4.08826
194     46     22     744.25     2.24482     4.96399
195     9     19     886.8     3.06676     4.49011
196     39     15     677.4     1.80485     2.81396
197     39     17     328.275     4.19376     4.57274
198     26     29     145.7     1.65488     4.07743
199     20     30     478.85     2.38047     4.01883
200     23     21     811.025     2.84181     4.33309
201     20     16     458.9     2.20594     4.12015
202     27     32     66.9     2.89767     3.25411
203     21     29     878.85     1.78755     4.07651
204     32     30     331.25     2.74386     4.81346
205     11     26     180.575     2.5298     2.60697
206     19     23     338.2     1.78285     2.80122
207     37     16     336.25     3.55928     4.87411
208     12     20     839.925     2.17774     4.15487
209     14     31     802.025     1.84811     4.71946
210     34     27     1021.53     4.81852     2.60147
211     20     25     708.275     1.52446     4.71328
212     20     21     49.925     3.97693     2.61338
213     28     31     835.975     4.37043     4.0154
214     17     15     815     1.64805     3.67519
215     20     18     518.75     2.50737     4.0492
216     41     32     260.45     3.07968     4.86419
217     23     35     561.65     4.76971     4.48775
218     9     25     368.1     3.98868     4.74273
219     37     28     236.5     2.26458     4.55283
220     11     17     769.1     4.46593     4.06354
221     24     18     103.8     2.62059     4.62622
222     20     17     448.925     4.06772     3.78719
223     32     34     959.675     3.42299     3.17331
224     28     16     37.975     2.59528     3.41212
225     24     33     562.65     2.83668     3.98
226     33     28     741.225     3.06131     4.61722
227     39     28     138.75     1.9169     3.70083
228     13     34     13     2.84437     2.71676
229     24     33     522.75     2.10756     4.72068
230     43     35     990.625     4.53098     3.42853
231     34     31     632.5     4.92619     3.32858
232     46     20     395.125     4.44435     4.95338
233     9     23     437.925     3.33711     3.20406
234     34     28     981.625     4.36157     2.8676
235     43     26     312.325     3.31254     4.2159
236     41     15     300.35     4.41797     2.82899
237     36     34     794.1     2.08011     4.03333
238     15     25     603.525     1.69868     3.5934
239     34     21     93.85     3.55864     2.5502
240     47     25     775.175     1.51805     2.84516
241     17     16     625.475     4.48077     4.12107
242     20     23     29.975     2.88635     3.33995
243     33     18     501.825     3.70412     2.60987
244     8     21     905.75     3.66407     4.35949
245     11     20     838.925     3.20904     4.25191
246     41     31     549.725     4.40397     3.47919
247     24     34     63.9     4.28423     3.32667
248     46     28     365.2     3.88005     3.64849
249     10     34     518.725     2.39927     3.14509
250     38     25     167.675     3.80442     3.08306
251     24     17     492.825     1.7664     4.84794
252     10     28     448.9     1.73189     2.97029
253     31     32     280.375     4.08705     4.017
254     14     26     921.725     3.65146     2.98639
255     20     27     877.85     2.98846     2.59941
256     21     29     799.05     3.76533     4.62699
257     18     16     686.325     1.64644     3.64353
258     10     32     508.75     4.95674     4.84909
259     10     25     947.65     4.59592     3.84785
260     47     35     406.1     2.94275     2.52678
261     14     22     602.525     4.72858     3.92262
262     25     31     64.9     4.11771     2.71867
263     37     18     485.875     3.97906     4.26321
264     10     20     817.975     3.58118     3.74744
265     34     22     193.6     4.69771     3.43677
266     22     15     31.975     3.85548     4.59311
267     37     15     605.575     3.21107     4.48111
268     47     24     655.475     4.28968     2.59758
269     25     21     324.25     3.06996     4.0157
270     9     22     627.45     3.15146     3.98282
271     28     21     816.025     2.48515     4.1657
272     46     28     943.75     1.90654     4.68017
273     10     29     279.325     4.95033     4.79843
274     35     20     204.575     4.68543     3.97351
275     18     29     257.4     4.05223     3.57189
276     33     20     412.05     2.43741     3.45424
277     24     30     83.85     1.96966     3.79627
278     13     18     441.925     4.77291     3.78864
279     41     28     619.55     2.15819     2.60781
280     41     19     200.6     3.9922     4.29815
281     26     32     524.75     4.22346     4.45509
282     9     29     218.475     4.30271     2.8518
283     25     23     324.25     4.48163     4.89776
284     38     16     197.6     4.22292     3.57143
285     42     30     1019.55     2.20775     4.71778
286     14     27     283.325     2.17432     4.84924
287     12     27     171.6     4.57114     4.34378
288     18     32     925.725     4.26095     2.67769
289     34     27     183.625     2.25817     3.58669
290     23     18     821     2.73553     4.2925
291     26     35     754.175     3.28317     4.18912
292     30     18     129.75     2.15467     4.62706
293     25     15     433.975     2.48622     2.68639
294     20     16     798.05     2.21993     3.08069
295     37     33     485.875     2.21897     3.58043
296     19     16     826.975     3.80731     3.09832
297     9     33     956.625     3.71758     2.82601
298     39     25     807.075     3.18415     4.56328
299     45     25     673.425     4.16289     4.12992
300     25     28     374.125     2.41348     4.00204
