1     13     7     466.736     2.77889     3.76705
2     12     27     175.556     2.71448     4.63889
3     15     14     310.456     4.80549     3.14364
4     22     25     407.148     3.59741     3.89012
5     44     40     291.972     4.62284     4.13579
6     29     23     319.18     2.18394     4.20606
7     26     8     295.076     1.57787     2.68349
8     17     34     180.556     4.49445     3.00867
9     23     35     170.728     4.07456     4.38269
10     47     9     384.664     2.862     3.61148
11     24     37     514.668     2.13288     3.28417
12     25     33     77.76     3.83753     2.92428
13     24     28     66.208     1.63843     3.5052
14     28     27     481.736     2.28092     4.47111
15     39     26     192.004     4.77708     3.65284
16     40     12     488.46     3.14089     4.2201
17     40     31     309.076     3.15777     4.06056
18     28     20     476.46     3.42128     4.22613
19     42     30     363.836     4.62423     4.33721
20     23     16     228.764     4.33583     4.08582
21     40     3     177.176     2.75176     3.72791
22     40     16     335.456     4.64954     2.70531
23     42     11     506.288     4.53386     4.28854
24     39     10     318.628     3.20808     2.88018
25     41     29     62.104     4.25401     4.37117
26     9     21     267.524     3.65499     3.68793
27     46     1     362.56     1.54753     4.92378
28     40     15     293.248     3.8354     3.19323
29     12     40     481.564     4.14911     3.60103
30     24     15     166.452     4.88816     3.96558
31     34     27     350.56     4.82771     4.18836
32     12     27     22.552     1.52489     3.90912
33     10     10     490.116     2.51057     3.83801
34     23     36     418.7     2.49744     4.90532
35     21     15     200.384     4.59346     3.1183
36     19     37     288.076     4.25112     4.26817
37     44     1     423.872     3.43847     3.87463
38     38     23     354.56     1.76714     4.01166
39     8     10     208.488     4.05982     4.90326
40     47     16     78.656     1.59239     2.92985
41     35     16     182.728     4.99669     2.93779
42     30     8     124.968     2.05501     3.98961
43     21     8     464.184     2.37396     3.94833
44     17     19     127.796     3.66973     4.53528
45     8     14     213.764     3.15029     4.75196
46     8     33     287.628     4.22912     4.3067
47     12     31     80.588     2.05341     4.93721
48     42     33     406.044     3.0831     3.76896
49     35     7     166.9     2.70338     4.10047
50     29     9     509.116     4.10596     2.75544
51     14     35     436.08     2.4232     4.39436
52     10     32     437.356     3.34993     4.42244
53     15     32     521.496     3.73649     3.38923
54     23     13     344.836     3.38784     4.51666
55     21     18     263.696     3.55351     4.74746
56     44     13     350.008     1.84181     3.45569
57     36     15     252.316     2.04379     4.20873
58     30     33     436.252     3.1003     3.72066
59     26     17     47.104     3.19707     3.39
60     22     37     354.388     4.22239     2.56058
61     18     15     455.908     3.57103     3.89622
62     11     10     211.488     4.02959     2.51083
63     45     12     351.008     4.22687     4.24413
64     20     37     109.692     3.88485     4.72274
65     36     7     162.624     3.8526     4.59883
66     15     5     226.04     3.66001     2.60582
67     23     25     249.868     4.57349     4.32234
68     29     1     524.944     3.38934     3.28394
69     34     10     529.944     2.44958     4.83543
70     27     40     63.932     3.61194     4.36186
71     26     5     485.012     4.66236     2.79077
72     11     8     338.112     4.40066     3.50551
73     44     39     344.732     3.38656     3.55976
74     33     8     127.968     3.07883     3.33514
75     14     4     341.112     4.35185     2.53113
76     47     37     437.424     4.62529     4.12969
77     28     2     312.904     1.58983     4.22254
78     25     25     373.216     2.7649     4.34492
79     45     36     145.244     3.37043     4.20385
80     25     15     262.42     1.74931     3.94299
81     20     40     479.012     4.3244     3.83404
82     20     8     25.276     1.82258     3.03545
83     23     1     344.836     1.75401     2.80961
84     43     9     354.284     4.37609     3.33819
85     43     30     164.348     3.63138     4.52651
86     11     2     95.416     1.79011     4.93889
87     46     18     341.456     3.7837     4.25306
88     30     9     241.04     4.46315     3.37703
89     27     18     180.004     4.76629     2.61689
90     31     13     284.248     3.52884     4.53719
91     42     9     205.556     4.42331     4.40405
92     34     28     540.496     2.26009     4.8529
93     46     31     130.416     2.13555     2.66923
94     26     22     300.352     4.16097     4.32531
95     21     6     258.42     3.75657     3.16103
96     17     31     275.524     3.24599     4.85282
97     11     12     148.176     4.23478     4.05713
98     36     32     526.668     4.50694     3.87341
99     47     4     247.488     3.92502     3.51352
100     36     39     194.28     4.56708     3.32034
101     36     5     146.796     2.58567     2.52602
102     38     3     164.624     2.52286     3.88928
103     33     33     222.936     2.56516     3.10388
104     43     8     338.456     2.47372     4.61829
105     18     31     234.316     3.67411     4.25626
106     9     17     262.248     4.2383     2.78077
107     37     33     253.316     3.74632     3.29066
108     9     25     510.22     3.25881     4.09047
109     14     39     388.596     4.88699     4.925
110     47     33     131.416     3.19312     3.21863
111     28     10     376.216     4.40771     3.21055
112     13     5     419.252     2.69408     4.62493
113     9     26     204.212     1.95012     3.76904
114     39     23     223.66     1.87599     3.69884
115     38     33     375.664     1.7962     3.84106
116     16     3     116.244     3.96902     3.21589
117     20     13     35.828     3.36616     2.6474
118     36     9     183.728     1.66086     2.60468
119     36     10     130.968     4.40419     4.5632
120     13     22     13     4.12679     2.52693
121     24     30     224.488     2.8511     2.60353
122     38     35     460.08     3.24525     4.7702
123     32     11     427.7     4.4059     4.7235
124     11     36     206.212     1.5031     4.95285
125     22     1     80.036     4.27248     2.92802
126     23     34     329.008     3.58716     3.04163
127     34     1     508.84     2.59624     2.697
128     35     2     288.248     3.16311     4.18218
129     23     34     497.84     4.58673     2.7208
130     46     4     272.868     3.34298     4.84077
131     28     40     297.076     1.82781     4.94964
132     8     13     277.076     4.33882     4.26023
133     44     32     550.496     4.77665     4.9543
134     30     38     209.384     3.80474     3.72684
135     46     14     278.144     3.94809     2.60048
136     41     10     362.836     2.86648     3.65101
137     45     7     519.84     3.28872     3.03499
138     31     3     373.94     3.83786     3.45943
139     41     15     83.208     3.23692     2.98456
140     16     30     216.488     3.12497     4.30029
141     13     37     113.244     3.47105     4.86702
142     18     18     102.416     3.81852     4.56084
143     15     25     25.552     4.3449     3.71517
144     13     29     81.588     2.47223     3.19742
145     36     29     199.556     3.51068     4.41343
146     32     32     148.072     2.57082     3.37832
147     9     9     499.668     1.72965     4.24635
148     27     14     211.66     2.18319     3.93849
149     34     13     202.832     3.87054     3.25991
150     26     24     543.048     4.80496     3.64719
151     47     36     163.072     4.59442     4.93568
152     8     4     87.14     4.38742     3.28829
153     42     19     152.796     4.22805     4.6765
154     18     10     18     4.05426     3.05261
155     26     22     463.908     2.3245     3.60622
156     16     37     406.424     2.0062     2.74323
157     27     11     185.28     3.91145     2.68021
158     32     40     200.832     4.1128     4.79278
159     28     37     318.18     3.42587     4.60974
160     35     23     494.012     3.69088     2.59362
161     8     26     361.492     2.33807     3.59783
162     21     9     47.38     1.97266     4.14068
163     13     37     150.176     4.46176     2.8885
164     9     37     267.524     2.75913     3.48621
165     32     5     411.872     2.95183     2.62795
166     42     34     115.864     2.26212     2.50732
167     23     28     38.828     4.4906     3.03827
168     19     29     520.22     2.13363     2.98662
169     13     1     208.212     3.16022     2.90399
170     25     22     367.94     3.68244     4.00395
171     34     31     197.556     2.00352     3.37062
172     28     11     159.9     4.27868     4.64209
173     25     11     515.668     1.77206     4.55634
174     26     20     52.38     2.94552     4.50407
175     40     2     414.596     2.36167     4.97543
176     19     30     261.696     4.63833     4.5436
177     43     25     259.316     2.93538     3.77491
178     37     1     385.216     2.2116     3.20688
179     9     27     183.108     4.23403     3.28326
180     10     26     99.692     2.57349     2.88865
181     45     6     456.528     2.57413     4.37178
182     38     1     470.632     2.52692     4.19904
183     31     22     168.176     3.53418     4.62828
184     33     27     91.036     1.79962     3.04384
185     40     1     156.072     2.82653     4.34347
186     43     9     264.592     4.26052     3.01729
187     18     1     81.312     4.359     2.81007
188     19     40     150.9     3.82418     3.10701
189     37     6     221.66     1.98195     4.93377
190     14     15     40.38     4.04241     3.21139
191     27     33     544.048     1.92491     3.15699
192     39     36     133.968     4.884     4.97009
193     14     2     478.288     1.91861     4.69581
194     17     23     375.768     2.20081     2.90597
195     12     11     307.456     4.0063     4.08795
196     22     13     465.184     3.38304     3.38122
197     34     18     208.108     1.54123     3.55487
198     20     7     542.324     3.19985     3.86364
199     21     35     538.048     3.37257     3.67519
200     35     16     182.728     3.82974     2.50778
201     43     20     385.94     4.21833     4.37094
202     24     34     124.244     2.07659     3.04697
203     16     31     322.008     2.7257     3.70678
204     29     34     419.424     3.27441     4.99855
205     25     11     505.116     4.21972     4.50095
206     30     24     98.588     2.37898     4.18134
207     13     19     424.528     4.6379     3.7492
208     30     40     314.904     2.24706     3.54595
209     23     38     350.112     4.65413     4.86137
210     16     19     68.76     2.60329     4.31722
211     22     29     74.76     4.98878     2.70966
212     30     23     45.828     1.69451     4.94926
213     21     40     253.144     3.90675     3.99075
214     46     2     188.452     3.63149     2.89293
215     11     34     422.528     3.90333     2.8988
216     23     35     33.552     3.41818     4.17638
217     36     8     204.832     3.07659     4.61241
218     33     10     275.696     2.16866     3.29699
219     30     38     536.496     2.68885     4.09291
220     34     3     450.804     3.51143     3.42692
221     21     10     522.22     2.91391     2.69631
222     42     15     237.212     1.68084     4.43045
223     31     31     236.764     4.27313     2.59667
224     24     34     76.76     3.29705     3.69419
225     32     27     411.872     4.25806     4.02257
226     26     6     194.832     2.33209     4.76966
227     16     34     205.936     3.14132     2.80572
228     9     15     241.144     2.7649     3.82809
229     32     9     385.492     4.97447     3.24282
230     43     37     475.632     4.92256     3.92857
231     33     35     265.144     3.27366     3.76888
232     23     13     249.868     4.50951     4.59746
233     37     7     290.248     3.89265     2.94366
234     20     8     399.872     4.32504     4.22147
235     11     16     253.696     4.58332     3.25076
236     35     10     240.764     3.66695     2.75246
237     15     36     94.14     4.74354     2.70852
238     24     28     509.392     3.92363     4.72533
239     24     37     498.84     3.35302     4.29434
240     29     11     524.944     2.35313     2.58751
241     25     35     61.932     2.59656     3.18049
242     15     15     389.596     2.05042     2.84219
243     40     17     393.492     3.17379     4.28343
244     24     5     208.66     3.10105     2.50305
245     10     27     389.872     1.79791     2.62467
246     43     13     69.38     2.92341     3.36192
247     21     38     485.288     4.88133     4.00517
248     34     20     92.036     2.2978     4.0688
249     21     16     216.212     2.40771     3.49094
250     19     28     346.112     3.08353     2.52449
251     47     36     305.524     3.49391     4.21247
252     47     31     152.52     4.62284     3.58577
253     9     31     246.42     4.13694     3.97588
254     42     8     94.76     2.33283     4.58266
255     8     38     303.456     2.65018     4.68673
256     46     2     283.42     2.48483     3.64887
257     40     30     377.664     3.28594     4.58609
258     40     14     208.832     4.17133     3.36421
259     16     26     453.908     4.54636     3.29981
260     33     33     122.692     4.45973     4.70962
261     28     32     207.384     3.68116     4.69977
262     38     28     111.864     2.23478     3.8348
263     41     20     468.356     3.37353     2.57729
264     9     34     45.932     4.22762     4.13839
265     20     20     420.976     3.1129     4.13007
266     14     6     56.208     1.73243     3.66024
267     43     2     206.556     3.25571     3.76034
268     30     11     404.596     2.0109     2.78687
269     42     5     411.32     4.27313     4.68696
270     39     9     308.076     2.384     4.76897
271     40     25     224.66     4.68693     3.36856
272     42     7     100.036     1.51132     4.05103
273     23     18     255.144     4.69237     4.24024
274     12     35     391.872     2.35772     4.9147
275     40     37     488.46     4.96881     4.76226
276     38     36     481.184     3.34768     2.93298
277     20     15     209.936     4.17753     3.28143
278     21     9     427.252     2.20722     4.23872
279     36     28     363.112     2.14783     4.70511
280     18     7     86.588     1.99316     2.60384
281     10     33     363.492     1.74952     3.98701
282     43     22     269.868     1.80966     4.33271
283     14     3     346.388     2.45375     4.9266
284     25     4     193.832     3.7131     3.46629
285     26     14     168.452     3.08075     4.28022
286     40     33     535.944     4.30293     4.80087
287     38     38     180.452     3.23574     3.68465
288     9     18     140.9     2.50203     4.71694
289     45     33     150.52     3.43207     4.39398
290     27     15     90.312     2.52286     4.82269
291     30     27     467.908     3.90109     4.82788
292     30     21     177.728     1.5219     3.40854
293     28     33     159.9     2.0909     3.43326
294     31     12     389.768     3.94147     4.71526
295     38     38     275.42     2.85185     4.3582
296     39     1     239.488     3.03888     3.51329
297     16     1     322.008     2.8088     3.43776
298     44     21     328.904     3.1035     4.99603
299     32     5     343.284     4.92299     4.49347
300     14     28     467.736     1.86103     4.98444
