1     18     31     593.4     2.80485     4.03554
2     9     22     77.5     2.16546     3.35391
3     33     34     533.05     2.16247     3.84579
4     41     26     691.75     4.13619     3.41174
5     20     23     698.15     3.32087     4.85275
6     17     28     147.15     2.73649     3.91591
7     39     19     73.25     2.6129     4.76768
8     21     24     329.25     3.0847     4.53352
9     41     30     123.2     3.63694     4.79614
10     40     15     533.2     2.03984     4.19225
11     14     30     623.65     4.25454     4.9987
12     37     20     311     2.5439     2.84806
13     43     25     296.45     3.27622     4.96536
14     16     29     290     2.15061     3.56502
15     45     29     182     2.33454     4.80117
16     27     17     554.45     4.74268     4.90814
17     18     32     100.2     2.94467     3.92575
18     33     16     211.1     2.93559     3.64788
19     46     27     196.7     2.25198     2.68426
20     39     22     614.4     4.67005     2.77863
21     16     29     584.55     4.96838     4.27129
22     13     34     33.55     2.49081     4.84817
23     19     24     190.25     2.49434     4.46699
24     26     15     320.55     4.51389     3.10015
25     21     27     89.5     3.23083     4.18638
26     45     17     284.75     4.5799     2.92978
27     19     23     464.25     2.07573     4.84016
28     45     17     408.05     3.59731     3.65085
29     35     27     82.95     4.61098     4.00899
30     26     15     443.85     1.57039     3.07581
31     24     23     243.2     4.47415     3.92933
32     33     34     170     2.31692     4.90883
33     10     15     578.55     4.9201     2.79275
34     36     27     118.2     2.87214     3.95039
35     27     22     150.3     4.06857     3.85708
36     24     23     24     2.58032     4.11519
37     44     27     496.1     3.33967     4.86999
38     29     18     152.3     3.87449     4.26183
39     38     29     538.05     4.07733     2.80549
40     42     28     425.6     4.743     4.33599
41     25     15     456.55     2.859     3.91324
42     14     35     41.4     3.88357     4.32493
43     24     34     380.2     2.99477     4.07888
44     24     18     695.3     4.54604     3.52527
45     18     25     52.25     3.71213     4.49889
46     40     23     451     3.06024     2.62314
47     19     32     25.85     2.02937     2.66594
48     35     32     384.35     4.05415     3.58692
49     41     34     479.4     3.81606     3.66878
50     19     19     690.3     2.85719     4.8719
51     40     28     266.05     2.0408     4.30265
52     12     20     518.9     1.59261     4.43793
53     30     15     530.05     2.70754     4.99352
54     17     20     311.55     2.95663     3.07985
55     40     25     334.55     3.97778     4.53429
56     37     33     626.1     2.68511     3.07001
57     27     24     595.55     1.98141     2.6339
58     18     35     52.25     1.70786     4.61287
59     19     15     258.75     2.3151     2.77841
60     22     27     515.2     2.99071     2.61292
61     32     22     326.55     2.2273     2.90468
62     32     35     627.95     3.56462     3.75507
63     20     28     47.4     2.99167     3.88714
64     16     25     413.3     2.74215     3.8966
65     47     22     423.75     3.46753     3.33605
66     36     15     638.8     2.02243     3.2725
67     11     22     689.15     2.84768     4.70954
68     36     27     474.4     3.68255     4.51346
69     32     17     662.2     2.09432     4.23658
70     31     24     421.45     4.55683     3.47507
71     9     25     522.75     4.06217     3.15424
72     11     28     559     2.50342     2.88125
73     37     28     263.05     1.80805     2.75575
74     9     34     200.8     1.5596     3.77895
75     31     26     674.9     4.09058     4.75219
76     47     18     492.25     1.7821     4.80552
77     14     16     548.3     3.55394     4.44632
78     44     18     386.5     1.77772     4.26931
79     21     26     219.65     3.10211     4.21865
80     16     34     536.6     3.41914     2.54173
81     12     19     573.7     2.45941     4.82681
82     9     22     426.85     4.74984     4.76295
83     38     23     305.15     4.41765     4.51605
84     39     23     251.35     2.07562     3.85846
85     9     20     509.05     2.27259     3.44401
86     33     29     464.55     4.74407     3.87028
87     33     26     183.7     4.44659     3.41639
88     29     32     638.65     3.11109     3.59897
89     22     35     111.05     1.79897     2.9358
90     28     29     226.65     1.69547     3.05856
91     9     33     413.15     3.62476     2.56363
92     43     17     323.85     2.02072     2.74453
93     19     35     532.75     2.33935     3.09328
94     36     26     56.55     1.64399     3.21368
95     37     26     112.35     3.35206     4.03661
96     11     17     106.9     2.3731     4.97673
97     41     35     486.25     4.62679     4.92309
98     25     15     237.35     3.17112     3.70319
99     16     22     187.25     2.9295     4.41084
100     45     32     147.75     2.24738     3.23946
101     34     26     424.45     2.26469     4.71053
102     14     25     616.8     4.83796     3.93841
103     41     22     130.05     3.49722     3.82168
104     26     23     491.8     1.67101     3.80215
105     30     28     30     3.16407     3.08153
106     42     28     596.85     2.12262     4.93713
107     43     21     330.7     4.97159     2.52632
108     19     18     382.05     3.05725     2.82167
109     47     15     533.35     1.98109     4.06545
110     30     35     125.9     1.85772     3.38618
111     21     35     164.85     2.98259     4.96696
112     41     18     493.1     4.64238     2.90536
113     13     26     300.7     1.55448     4.15738
114     13     20     328.1     1.66813     3.20376
115     9     28     77.5     3.31211     3.83229
116     38     34     387.35     4.42363     4.67315
117     33     21     33     2.84298     3.88073
118     30     33     317.7     4.40771     4.60219
119     8     30     323.1     4.83048     4.12107
120     34     29     225.8     4.09645     3.31988
121     21     29     260.75     1.86317     4.34996
122     27     34     636.65     4.59763     3.14989
123     27     31     33.85     3.43452     4.70382
124     38     33     414.75     2.49199     2.67846
125     26     28     519.2     4.12668     3.83244
126     20     32     403.6     2.86338     3.83457
127     12     22     457.25     2.98494     4.88571
128     11     27     559     3.01474     4.28198
129     40     32     40     4.07755     4.31173
130     28     18     82.8     2.87278     2.62505
131     26     29     621.95     1.74386     3.46896
132     43     35     577.3     3.57979     3.92598
133     16     29     317.4     3.03023     3.04949
134     33     21     156.3     4.7728     3.03453
135     23     35     612.1     3.31233     2.81549
136     21     27     130.6     4.05042     3.2313
137     20     15     636.5     2.60649     4.1483
138     39     22     271.9     2.12732     2.68227
139     36     21     42.85     3.0674     2.90925
140     20     28     314.55     3.17582     3.70663
141     20     22     88.5     1.67347     2.61406
142     37     16     112.35     3.35516     4.85672
143     18     22     120.75     2.60041     2.91864
144     32     21     621.1     2.52841     3.31057
145     18     21     511.2     3.78103     3.41845
146     21     32     171.7     4.16684     2.57736
147     33     32     176.85     3.15381     2.75925
148     10     20     160.7     3.44136     3.01469
149     38     15     298.3     3.59859     3.06146
150     24     25     140.45     2.00224     2.65831
151     20     21     650.2     2.55907     4.65613
152     12     28     416.15     3.94595     3.36558
153     18     20     483.8     4.85388     3.63392
154     31     22     592.7     3.4687     4.76966
155     43     30     84.1     2.67389     4.70649
156     38     29     325.7     2.70914     3.54762
157     30     34     317.7     3.26907     4.38009
158     34     17     629.95     3.7774     3.00035
159     31     28     291.3     2.82002     4.44205
160     8     25     665.6     2.97159     2.94527
161     44     24     496.1     4.49968     3.25976
162     11     26     668.6     4.68223     4.92119
163     24     23     366.5     3.72047     4.89174
164     30     19     77.95     2.48408     2.70577
165     36     25     303.15     3.57071     3.51138
166     18     33     127.6     4.41583     3.14646
167     41     16     390.35     4.43698     3.14371
168     22     26     296     4.44617     4.80178
169     39     35     176     2.8151     2.71393
170     33     24     279.6     1.62839     4.39726
171     18     33     353.65     2.80784     3.90873
172     18     30     545.45     3.94275     3.5931
173     23     26     358.65     1.81083     4.35011
174     9     32     433.7     2.8245     3.56349
175     19     32     601.25     2.88517     3.58165
176     12     20     149     2.38208     4.89021
177     13     27     170.55     4.81863     4.36789
178     35     30     281.6     1.80047     2.7665
179     47     35     492.25     4.87257     4.30471
180     20     19     266.6     4.43356     2.51602
181     8     23     55.95     3.71897     2.74392
182     39     24     388.35     4.58257     2.92161
183     21     23     479.95     2.06217     3.02942
184     35     32     624.1     4.46411     4.86892
185     44     19     187.85     2.95033     2.5457
186     47     28     560.75     1.86338     2.80053
187     31     26     661.2     2.2728     3.07962
188     10     22     434.7     4.47693     3.98465
189     23     15     660.05     2.44617     3.99388
190     28     30     219.8     4.44082     3.09397
191     15     16     227.35     3.78712     3.2136
192     43     34     611.55     4.04828     4.59937
193     37     30     400.05     1.57253     3.52496
194     31     17     325.55     1.65381     2.97403
195     36     29     200.4     2.78883     4.18676
196     37     23     475.4     4.26522     3.21184
197     36     34     255.2     3.0658     2.85386
198     24     31     496.65     3.82194     4.15685
199     24     17     229.5     4.301     2.81404
200     27     25     61.25     4.663     4.64614
201     39     16     655.5     2.96945     3.03629
202     33     18     546.75     4.18062     4.9649
203     21     17     596.4     1.62252     3.53252
204     29     26     35.85     3.66247     3.61385
205     15     32     350.65     1.57263     3.53122
206     42     21     83.1     3.82055     4.38963
207     34     25     684.75     4.76682     4.96376
208     37     18     701.45     2.50801     3.77697
209     44     28     235.8     3.84683     3.76339
210     38     28     538.05     1.62401     3.65398
211     9     24     509.05     2.39799     3.97641
212     34     21     369.65     2.20466     4.30998
213     23     21     694.3     2.38368     4.68604
214     12     18     676.45     1.70305     2.77482
215     35     18     309     4.26949     4.74876
216     31     23     257.05     3.95567     3.9626
217     34     24     650.5     2.33251     2.84303
218     13     29     540.45     3.33668     4.62554
219     25     19     230.5     3.16076     2.83097
220     20     29     314.55     2.59987     2.62238
221     30     32     57.4     4.33775     4.43182
222     44     27     468.7     4.90814     3.99823
223     20     21     533.75     3.31564     4.20812
224     26     22     101.35     4.54967     2.87698
225     11     35     298.7     4.97629     4.36529
226     40     16     533.2     4.34277     4.16677
227     21     19     41.55     3.37877     4.36209
228     34     28     712.15     3.72773     4.07682
229     10     31     338.8     4.19526     2.83494
230     43     17     686.9     3.04561     3.44859
231     45     15     305.3     3.8339     4.83436
232     38     21     181.85     3.00545     3.89737
233     37     28     639.8     2.24941     4.37315
234     45     25     579.3     2.8385     4.26794
235     21     25     555.3     3.94125     4.78851
236     22     22     631.65     4.13982     4.90188
237     44     19     112.5     3.63875     4.41534
238     32     28     114.2     2.89778     4.71778
239     29     29     522.2     2.17475     2.57271
240     11     31     415.15     4.71096     3.60378
241     32     24     326.55     3.54561     3.36283
242     13     18     430.85     3.69195     2.62253
243     8     23     179.25     3.65979     4.78225
244     14     16     568.85     2.05971     4.52925
245     28     28     308.85     2.2727     3.14547
246     29     34     460.55     3.91871     4.60082
247     22     19     282.3     3.11055     2.82182
248     16     33     262.6     4.22549     4.27953
249     22     25     617.95     2.18009     3.78376
250     40     27     60.55     4.44307     2.62734
251     47     25     684.05     2.76757     4.46844
252     27     25     88.65     2.38282     3.09374
253     41     15     205.4     4.62337     4.95155
254     24     31     284.3     1.73403     3.09595
255     46     26     443.3     2.3354     2.93344
256     46     33     59.7     2.78018     3.91118
257     22     17     220.65     3.39009     2.53838
258     38     33     120.2     2.30335     3.38191
259     35     29     404.9     2.91978     3.4254
260     44     15     57.7     2.67635     3.93361
261     20     15     362.5     2.63865     2.71233
262     34     24     458.7     2.14174     3.40442
263     46     30     395.35     3.9655     4.71236
264     13     21     129.45     4.77857     3.68824
265     31     17     400.9     3.33465     3.48224
266     30     32     146.45     4.65691     4.68917
267     26     35     334.25     3.69355     3.18438
268     35     25     603.55     3.67956     3.58982
269     46     17     484.4     3.68885     3.76019
270     35     28     281.6     3.61119     4.43075
271     46     33     292.6     3.03877     4.41641
272     13     15     287     3.79545     3.00333
273     26     33     546.6     3.09453     4.92409
274     10     21     222.35     4.55896     4.55512
275     12     18     320.25     2.58759     4.72999
276     30     20     632.8     2.30325     4.3067
277     37     21     461.7     2.56548     4.88029
278     35     15     610.4     4.28402     3.28227
279     22     30     165.85     3.01506     2.75666
280     46     29     374.8     3.57797     4.4525
281     31     27     352.95     1.67272     4.62577
282     8     20     295.7     1.73702     4.18882
283     11     18     278.15     2.02275     3.49979
284     38     35     394.2     2.13042     4.0315
285     41     30     75.25     2.4827     4.81101
286     34     20     191.55     1.9734     2.76986
287     21     24     247.05     1.77612     4.89746
288     16     24     413.3     4.04486     3.8345
289     30     19     262.9     2.99402     4.80216
290     41     25     273.9     2.59047     3.00241
291     29     18     179.7     2.34181     4.38452
292     27     31     211.95     2.91583     3.91491
293     20     26     266.6     4.57584     4.2439
294     23     18     36.7     4.66492     3.90728
295     29     18     316.7     2.12551     2.95587
296     18     31     278.3     4.7868     2.65145
297     38     25     140.75     1.90461     4.62149
298     21     31     253.9     2.69034     3.61148
299     44     15     146.75     1.80912     4.22811
300     21     20     418.3     4.0862     3.3105
