1     19     8     140.73     4.00673     2.87973
2     11     7     78.34     3.2085     4.53818
3     41     8     97.98     4.1113     3.48094
4     45     11     157.665     3.80731     3.09816
5     12     14     57.325     3.77783     2.62947
6     14     12     33.425     4.08908     4.91256
7     21     12     22.295     4.07659     2.7295
8     25     9     78.095     3.50117     4.1435
9     34     12     79.325     3.41028     3.4637
10     45     12     48.885     4.19034     3.23244
11     42     13     76.965     3.54358     3.87249
12     37     2     162.615     2.37471     3.88623
13     36     3     138.305     3.82012     4.74738
14     25     8     44.425     2.90558     3.3758
15     17     12     71.39     4.56655     3.83572
16     19     12     87.635     4.51442     3.64803
17     21     3     59.85     2.18436     3.8583
18     28     6     82.39     4.74866     3.249
19     26     8     104.995     3.92929     3.33926
20     21     2     101.29     3.59517     4.56053
21     37     13     55.13     2.87802     2.74918
22     30     10     98.635     2.29043     3.84899
23     39     7     88.21     4.08257     3.45965
24     34     15     76.735     4.31874     4.12687
25     45     15     100.685     3.91198     4.51086
26     40     4     91.8     4.59752     3.32621
27     25     14     107.88     3.08161     4.69214
28     20     9     61.44     1.85035     2.7852
29     31     6     84.095     4.37033     4.934
30     45     4     135.65     2.66834     3.54686
31     16     7     106.65     2.02382     3.51352
32     20     1     75.685     3.25689     2.97052
33     34     12     54.72     4.84779     4.07201
34     11     8     101.65     4.87225     4.15563
35     30     8     153.025     1.9859     3.94475
36     44     14     156.665     3.44392     3.17766
37     41     15     114.815     4.38763     2.80366
38     13     9     55.735     2.3856     4.1377
39     20     10     26.475     4.46165     4.11283
40     19     7     86.34     3.09336     4.52315
41     44     5     94.505     4.4185     4.39535
42     43     7     75.375     4.63053     3.38183
43     42     11     45.885     4.79929     2.81404
44     27     3     122.83     2.10115     4.80834
45     12     8     93.585     2.19248     3.56357
46     39     8     54.54     4.71096     4.24253
47     18     13     56.85     3.13897     3.57593
48     13     3     136.025     3.51453     2.58148
49     10     12     70.865     1.7225     3.03766
50     34     9     93.57     4.35163     3.10266
51     45     9     171.91     4.85057     3.72005
52     26     12     80.39     3.46956     3.70067
53     8     12     18.36     3.71961     2.62192
54     43     15     109.045     3.83454     4.43587
55     20     15     124.895     3.47073     3.42448
56     10     1     117.485     2.12871     2.89575
57     30     15     147.845     2.53044     3.25877
58     14     8     103.355     2.43677     4.86908
59     31     8     113.88     2.14068     4.78607
60     8     2     98.65     4.11835     2.83143
61     45     12     155.075     4.07509     3.59035
62     25     7     61.26     2.3684     4.74509
63     16     13     28.95     3.54369     3.38321
64     28     4     148.435     4.96614     3.16927
65     14     9     131.845     1.78434     4.02173
66     16     8     70.39     2.20925     4.68497
67     40     10     51.655     3.34234     4.83825
68     31     5     109.995     2.03845     4.6305
69     34     5     87.095     1.53717     3.28318
70     17     12     44.195     4.34693     4.65079
71     15     13     100.47     4.61653     3.87997
72     26     10     92.045     1.97853     3.05834
73     35     14     72.555     4.59848     4.99268
74     39     11     125.765     4.91401     3.0076
75     47     12     62.54     4.30036     3.40602
76     13     4     136.025     3.64313     3.48071
77     9     12     37.49     4.55597     4.21827
78     19     7     63.03     4.72581     3.08664
79     41     14     154.96     4.11985     3.54572
80     27     12     153.91     2.04016     4.17249
81     37     11     157.435     1.7586     4.0408
82     29     6     122.24     2.7178     4.74723
83     46     11     49.885     4.03087     3.22199
84     19     1     82.455     2.76682     3.2181
85     16     9     41.9     3.75336     4.61638
86     22     6     84.16     3.38293     3.43959
87     22     7     38.835     2.65595     4.21461
88     24     3     96.52     4.94659     2.57424
89     44     6     134.65     4.72303     4.73869
90     32     4     48.835     3.20936     4.26725
91     19     11     132.96     4.7225     2.72187
92     41     11     87.62     1.66652     4.63202
93     8     11     46.85     3.42331     3.40152
94     43     2     88.325     1.61792     3.54953
95     29     13     101.52     3.99936     3.4238
96     33     7     150.845     4.91562     3.77949
97     47     1     138.945     3.62113     3.86158
98     25     15     30.18     4.89949     2.88408
99     39     10     124.47     4.73531     3.54434
100     15     4     90.11     4.02094     2.96449
101     9     8     90.585     4.0314     2.70066
102     18     3     117.715     2.15242     3.20956
103     16     11     40.605     4.59603     4.41374
104     22     8     106.175     4.58652     2.75697
105     23     4     134.37     2.25465     3.88836
106     8     13     66.275     4.22047     3.86761
107     41     5     90.21     2.10137     3.03133
108     13     4     13     4.43014     2.91124
109     27     2     107.29     2.21513     2.84417
110     35     7     76.44     2.12978     4.16593
111     13     12     121.78     4.06398     3.62789
112     22     9     50.49     4.52094     3.9288
113     44     2     137.24     4.09731     3.00058
114     37     10     130.24     2.52681     4.94041
115     11     8     77.045     1.52489     4.22803
116     10     14     57.915     2.41668     3.62072
117     45     12     47.59     4.78413     4.86534
118     14     8     112.42     3.61547     2.61788
119     21     4     94.815     1.69312     3.21276
120     10     3     68.275     3.20199     3.67
121     38     11     119.585     1.79417     2.58332
122     31     10     54.31     2.59474     3.27845
123     43     4     134.945     3.88165     3.38237
124     8     2     88.29     2.4248     3.69449
125     24     11     26.59     4.2195     3.00035
126     10     14     136.91     3.09645     4.21804
127     23     14     86.455     3.44552     3.51825
128     19     8     83.75     4.03493     2.80892
129     45     11     59.245     1.66268     4.72457
130     16     2     40.605     1.6223     3.0108
131     10     4     107.125     2.71918     4.94583
132     37     3     135.42     3.32066     3.68755
133     13     11     77.75     3.17464     4.68917
134     33     12     82.21     1.98195     4.07186
135     45     15     138.24     4.4546     3.09702
136     47     1     70.31     4.84683     4.12687
137     16     11     96.29     2.69205     4.71534
138     14     14     92.995     1.72965     2.71958
139     32     9     65.67     1.75732     4.07277
140     26     10     125.715     1.89201     3.60775
141     25     7     67.735     3.97468     3.07421
142     33     9     119.765     3.10276     4.23818
143     37     12     160.025     3.02585     3.70525
144     14     8     52.85     4.88646     4.85832
145     41     8     113.52     3.54305     3.54984
146     10     6     32.015     2.95856     2.94008
147     29     14     135.19     4.38752     4.12076
148     14     10     33.425     3.34886     2.91612
149     23     7     143.435     1.61621     4.50148
150     27     15     39.95     3.71181     3.72868
151     40     9     98.275     4.13694     2.80183
152     10     9     56.62     4.82461     4.19095
153     22     1     134.665     2.54881     2.92566
154     20     5     124.895     3.2727     3.6607
155     33     7     35.59     3.17293     4.15036
156     27     6     151.32     3.8229     3.0269
157     14     4     37.31     4.76853     3.51978
158     46     9     131.47     2.48376     3.50848
159     14     4     100.765     1.93677     3.54923
160     9     13     75.045     3.25401     3.2654
161     40     11     128.06     4.71395     2.74323
162     27     10     32.18     2.05768     4.32295
163     35     6     44.065     4.34907     3.92552
164     31     8     155.32     4.36755     4.80743
165     45     5     70.9     4.27195     2.88125
166     12     7     36.605     3.01506     3.99556
167     39     15     61.015     4.24706     4.81269
168     29     9     114.47     3.68917     2.67571
169     15     8     71.98     4.21513     3.60622
170     17     10     76.57     3.62123     3.82145
171     44     13     63.425     3.32279     3.91308
172     19     4     21.59     3.95845     3.57799
173     37     14     52.54     4.63929     3.54114
174     43     3     50.77     3.32429     2.56119
175     11     11     62.8     4.56035     3.66062
176     12     14     120.78     4.06644     4.96879
177     10     6     37.195     1.90077     4.32134
178     44     5     47.885     3.19248     3.00401
179     36     4     78.735     2.17315     2.78306
180     23     11     116.24     2.99295     4.11229
181     30     1     54.605     3.05469     4.65773
182     28     1     154.91     2.85163     3.52977
183     41     5     157.55     3.04176     2.8647
184     22     10     51.785     3.74418     4.64476
185     26     13     28.59     1.7915     4.39856
186     45     15     123.995     4.42288     4.67162
187     11     9     14.885     2.65114     4.90875
188     35     5     37.59     3.29022     3.13692
189     24     6     125.01     3.37492     3.59241
190     39     10     156.845     2.45941     3.17858
191     18     9     69.8     3.02809     3.39961
192     29     15     29     3.50246     3.15683
193     40     6     130.65     4.07936     4.05072
194     36     10     122.765     1.88517     3.57814
195     25     12     58.67     2.67924     2.86615
196     46     2     112.045     4.59133     4.33187
197     19     15     69.505     2.12775     3.40983
198     20     10     64.03     4.43164     4.73846
199     15     15     127.665     4.02809     4.44334
200     16     2     100.175     2.04326     3.91148
201     10     8     126.55     1.6285     4.19408
202     33     11     97.75     2.07477     3.93094
203     13     15     67.39     3.35238     4.93515
204     42     15     78.26     4.55918     3.3298
205     14     1     90.405     2.51357     2.87767
206     19     5     140.73     1.97404     3.3929
207     29     14     53.605     1.72207     3.3768
208     46     13     101.685     2.99071     4.76814
209     41     4     100.57     4.47522     3.94787
210     11     2     35.605     2.40846     4.39009
211     8     10     89.585     1.93666     2.59781
212     21     10     122.01     2.27868     2.71691
213     10     3     126.55     3.90419     3.96687
214     19     12     63.03     3.7148     3.77888
215     23     10     42.425     1.96261     3.28402
216     32     7     151.14     4.39041     3.03934
217     44     4     126.88     4.82696     3.13456
218     19     12     22.885     1.72485     3.06909
219     26     6     53.195     2.37075     3.0401
220     40     13     71.08     1.75657     4.53253
221     31     3     33.59     1.8433     4.35118
222     21     13     26.18     2.20316     4.98634
223     20     13     71.8     3.27398     2.95228
224     38     4     93.685     2.20989     2.99097
225     37     6     100.455     1.56366     4.77958
226     33     5     130.125     3.78466     2.53441
227     35     11     155.435     4.76479     4.15075
228     43     15     62.425     4.92149     2.76872
229     13     2     54.44     2.04689     4.90783
230     9     3     69.865     1.91113     3.05826
231     27     12     105.995     3.85238     4.37201
232     16     15     107.945     4.33892     3.34185
233     42     14     163.73     3.73724     2.61155
234     13     3     36.31     3.27024     4.8059
235     27     11     69.735     1.90066     4.52162
236     21     5     53.375     4.6238     3.371
237     44     4     160.55     2.90237     4.71686
238     15     9     69.39     1.73179     3.49101
239     29     1     127.42     1.56569     2.73652
240     13     9     53.145     2.58876     4.76402
241     12     4     115.6     2.57071     3.56227
242     15     5     114.715     3.28605     3.85601
243     18     8     59.44     3.73275     3.44783
244     40     3     152.665     2.13576     4.23803
245     11     5     20.065     2.46913     3.56174
246     23     14     120.125     1.98067     3.73386
247     18     8     131.96     4.45407     3.94269
248     31     12     73.735     4.1928     4.8825
249     43     11     90.915     2.95984     2.76666
250     15     6     121.19     4.85847     3.1109
251     31     12     119.06     2.38656     3.42746
252     34     15     67.67     3.65178     2.72134
253     12     10     56.03     1.97864     4.42892
254     24     5     30.475     4.39489     3.18934
255     34     11     138.895     2.72912     4.58998
256     44     8     155.37     3.80602     3.27555
257     23     12     70.915     2.4718     3.56273
258     36     6     103.34     3.43548     2.94954
259     43     15     166.025     3.66001     2.6619
260     28     15     97.93     2.78787     3.12578
261     13     5     104.945     2.33401     3.5078
262     43     3     114.225     1.6333     3.21291
263     12     3     94.88     3.77462     4.48141
264     29     10     75.62     4.50566     3.97473
265     31     2     58.195     1.84555     4.99161
266     23     5     86.455     2.88699     3.20406
267     38     6     56.13     2.52264     2.55547
268     38     10     139.01     1.58182     4.20942
269     31     4     36.18     4.11034     2.69127
270     16     5     71.685     1.77718     4.61341
271     34     7     80.62     4.14602     4.12282
272     9     1     20.655     3.79043     2.96426
273     28     6     126.42     4.99242     4.29739
274     16     12     31.54     1.50502     3.15973
275     24     10     97.815     4.116     2.71584
276     8     6     50.735     3.49391     4.18317
277     25     2     93.635     4.05448     4.57518
278     23     1     105.88     3.8292     2.65259
279     26     8     142.55     3.57082     4.7235
280     34     10     159.615     4.08129     3.18194
281     46     5     156.075     4.99498     4.4277
282     47     7     78.08     2.50331     4.05499
283     32     6     95.455     2.75326     3.45355
284     33     1     143.075     2.90536     3.21123
285     37     13     162.615     2.08535     4.95834
286     32     4     42.36     4.71395     4.5455
287     37     1     115.995     4.9483     3.19552
288     14     5     105.945     2.22057     4.51857
289     37     8     84.915     1.6081     4.03294
290     12     6     26.245     3.51752     4.08132
291     16     13     78.16     2.91989     3.28249
292     11     1     106.83     2.62006     3.41098
293     33     3     99.045     4.79374     2.8428
294     27     12     117.65     2.77804     4.4602
295     27     7     108.585     3.8495     4.6543
296     31     8     134.6     3.47319     3.81787
297     41     4     86.325     4.7586     4.96681
298     14     11     59.325     3.60489     3.38336
299     14     12     61.915     1.7728     3.91957
300     28     6     59.08     3.36338     3.85281
