1     11     29     241.72     3.34683     3.92445
2     42     5     239.76     2.69803     4.86984
3     31     32     99.6667     3.11589     3.35665
4     12     25     259.2     2.10831     3.70083
5     36     31     104.667     1.6818     3.64498
6     22     19     109.893     2.57221     4.53368
7     19     9     249.72     4.19697     4.22742
8     35     21     125.64     2.56409     4.39688
9     21     8     21     4.62145     2.5869
10     38     35     287.947     2.27996     3.19285
11     20     19     228.747     1.5972     2.73743
12     19     14     142.6     4.85388     3.59073
13     32     29     240.747     2.50801     4.02287
14     44     18     173.093     2.26234     3.73066
15     11     12     200.52     1.7273     2.72813
16     45     32     316.92     1.91615     2.74224
17     29     34     67.4533     3.05448     4.00357
18     24     13     166.827     2.93986     4.07399
19     24     31     194.293     2.33679     4.10047
20     18     8     39.9733     2.638     4.13633
21     13     5     133.853     3.78103     2.92062
22     28     24     234     1.65007     3.75629
23     46     26     177.84     3.45108     4.37727
24     12     36     270.187     4.29192     4.9456
25     42     34     269.973     2.95332     4.569
26     9     1     154.573     3.58502     2.97998
27     12     27     283.92     4.31008     2.76605
28     18     16     48.2133     3.47362     3.79276
29     12     15     187.787     3.51944     2.70936
30     40     14     303.68     4.72869     4.17898
31     37     14     67.2133     3.80453     4.22163
32     31     2     31     3.53963     4.81353
33     13     17     109.133     3.04764     2.63092
34     9     34     242.467     2.79427     3.58097
35     8     24     214     4.41433     3.50787
36     11     30     145.587     4.54497     4.21842
37     37     12     144.12     4.66364     2.71355
38     23     19     119.133     4.66268     2.77024
39     24     38     155.84     2.1457     4.2613
40     24     33     240.987     3.67988     4.35598
41     30     6     274.453     3.48836     3.4904
42     40     38     265.227     2.31863     2.75002
43     44     37     203.307     4.46892     3.05261
44     37     33     273.213     2.70829     2.77467
45     40     12     303.68     4.57552     4.21064
46     24     24     166.827     4.78925     3.00493
47     38     26     87.44     2.75507     3.44966
48     13     18     23.9867     4.90483     3.78597
49     37     18     91.9333     2.34875     4.40146
50     22     5     164.827     3.58075     3.06352
51     40     3     191.067     4.2148     2.57996
52     32     18     166.587     4.99199     2.52617
53     13     14     282.173     2.03931     2.931
54     36     28     90.9333     4.61675     4.06087
55     17     3     168.067     4.33454     2.69303
56     31     37     198.547     3.57851     4.01967
57     10     5     31.9733     2.6238     4.57106
58     42     16     242.507     4.17518     2.80084
59     11     17     241.72     4.815     2.72294
60     11     24     85.16     4.09603     4.74075
61     36     19     195.307     4.26106     4.05866
62     35     24     155.853     3.32589     3.31896
63     47     25     134.893     3.50801     4.85099
64     30     17     117.893     2.73702     4.17638
65     28     30     266.96     1.73029     2.65954
66     38     15     211.04     4.8684     3.44455
67     38     32     62.72     1.8543     3.56769
68     31     20     102.413     2.89233     3.8889
69     20     2     280.933     2.3684     4.73029
70     28     3     129.627     3.26907     3.86341
71     25     11     291.427     1.82119     4.73601
72     33     6     288.44     1.58834     4.07834
73     37     13     105.667     2.00716     4.28053
74     40     33     45.4933     2.5988     4.68032
75     25     32     247.48     2.83956     4.65323
76     29     29     267.96     3.9248     2.64481
77     38     12     106.667     2.91113     4.03584
78     41     22     288.2     2.97052     4.48141
79     15     18     163.32     2.24183     4.11389
80     18     29     81.1733     2.51218     4.25123
81     43     28     122.653     3.71491     4.50026
82     33     31     151.107     4.47671     4.39688
83     36     8     137.627     2.69921     4.972
84     18     28     111.387     2.4091     4.38551
85     42     1     50.24     3.36071     3.01843
86     8     1     120.613     4.12658     4.6633
87     9     13     269.933     2.15937     4.20354
88     15     14     168.813     4.06014     3.42349
89     15     32     237.48     1.53589     2.83853
90     40     1     166.347     3.28413     3.68625
91     15     8     245.72     4.78391     2.96922
92     17     25     159.827     3.73286     3.19117
93     8     16     183.787     2.61055     4.67444
94     42     3     157.36     4.60511     4.60265
95     30     29     43.7333     3.88539     3.1769
96     41     1     87.6933     4.45578     3.5271
97     40     36     243.253     2.07477     3.26815
98     39     38     52.7333     1.9749     4.34339
99     17     25     27.9867     3.36573     4.04378
100     25     3     198.04     2.45535     3.8451
101     24     17     208.027     4.47618     3.95291
102     23     37     248.227     1.94606     2.69585
103     16     26     167.067     4.15296     3.65917
104     8     28     279.92     1.59432     4.6968
105     16     37     106.64     2.85762     4.21491
106     28     22     297.173     3.17518     3.86647
107     43     19     194.067     4.63907     3.04712
108     33     10     104.413     3.30816     4.33386
109     17     21     80.1733     3.69451     2.75643
110     23     38     226.253     3.86125     3.04292
111     29     11     287.187     4.61739     2.72858
112     12     34     91.6533     3.54326     2.77062
113     13     22     240.973     2.83251     3.55792
114     40     34     207.547     2.18255     2.95686
115     21     37     202.28     2.21993     4.28419
116     26     40     215.52     3.6943     3.34689
117     29     36     292.68     3.4248     4.94072
118     25     31     148.6     3.73435     2.94649
119     14     40     203.52     4.85548     4.41649
120     28     25     190.053     4.04155     4.28983
121     8     37     156.32     2.36947     3.62934
122     35     34     241     4.46657     3.01889
123     15     24     42.4667     1.64634     4.01273
124     28     18     244.987     4.18885     2.77688
125     34     13     294.933     4.74781     3.81436
126     15     7     149.587     1.62091     2.91269
127     27     34     241.24     2.36627     4.70733
128     26     25     26     3.50032     3.99854
129     41     18     167.347     3.26052     3.71441
130     13     21     37.72     4.66877     3.66024
131     33     28     49.48     2.87812     2.94397
132     39     3     310.92     1.53877     2.71981
133     17     25     275.187     3.16642     4.63919
134     23     31     218.013     4.24834     4.15052
135     11     25     27.48     3.07071     4.03882
136     44     27     46.7467     2.00246     4.8442
137     40     39     108.667     1.71918     2.5515
138     46     20     317.92     4.10254     2.69143
139     26     16     275.947     3.79695     3.7421
140     34     1     72.4533     2.66289     3.97458
141     41     8     87.6933     2.60543     4.63027
142     34     23     240     4.01592     3.57227
143     8     20     241.467     3.81115     4.80163
144     35     31     144.867     2.80261     2.97716
145     29     1     147.107     2.38133     3.33224
146     13     22     125.613     3.75294     3.62629
147     44     28     98.9333     3.70647     3.52435
148     38     20     290.693     3.6521     3.04315
149     44     8     280.213     4.91124     2.95549
150     32     6     298.427     3.49477     3.7933
151     8     12     128.853     2.85228     3.83969
152     30     4     214.027     1.82749     2.7514
153     23     18     294.92     4.30432     3.70121
154     27     20     230.253     4.27729     3.18178
155     21     1     73.1867     3.33209     3.86128
156     36     21     305.173     3.76864     4.63088
157     16     36     101.147     2.85228     3.23634
158     40     5     166.347     4.92811     3.13204
159     20     33     176.56     3.38058     4.94995
160     23     3     50.4667     1.6756     4.22346
161     23     34     44.9733     4.46742     3.25617
162     40     29     278.96     2.50438     3.77796
163     46     15     183.333     4.8213     3.27624
164     18     12     34.48     1.94713     4.14594
165     38     34     276.96     4.6191     3.54694
166     44     11     230.773     3.23061     3.11006
167     12     26     97.1467     3.00406     3.88256
168     44     3     98.9333     4.61739     3.15317
169     14     17     280.427     4.77195     3.54808
170     44     26     230.773     1.93527     3.53793
171     23     13     83.4267     4.743     4.74609
172     32     32     196.8     3.79395     2.6999
173     14     11     35.9733     2.32344     3.91491
174     10     1     254.453     3.48921     3.45225
175     39     31     223.027     4.25315     3.34079
176     47     37     129.4     2.09496     3.50368
177     33     6     101.667     1.54102     3.081
178     23     11     110.893     2.24258     3.78803
179     31     36     160.093     4.58866     3.20048
180     24     25     48.72     4.08716     4.6073
181     8     38     249.707     3.49979     3.82076
182     11     14     241.72     3.46261     4.5864
183     39     1     71.96     4.07968     2.98097
184     14     25     261.2     2.7226     4.9411
185     43     9     240.76     3.01976     4.81201
186     8     15     260.693     2.77088     4.05766
187     8     4     208.507     3.77088     3.02255
188     8     1     203.013     4.27697     4.88578
189     20     20     258.96     3.10382     4.69825
190     23     3     47.72     4.08118     2.64336
191     42     32     272.72     4.35772     4.41267
192     25     14     280.44     4.28637     2.83464
193     35     35     276.707     4.87492     3.65131
194     33     23     186.813     2.53664     4.57938
195     32     12     133.627     3.12476     3.04819
196     10     13     155.573     1.98515     4.25626
197     33     28     107.16     4.51357     4.93416
198     14     15     156.827     2.44745     4.45753
199     33     3     35.7467     4.88293     3.69839
200     10     20     257.2     4.24386     3.25671
201     40     12     40     4.19526     3.96252
202     32     34     158.347     3.72837     3.7888
203     40     12     265.227     4.90696     4.06674
204     28     8     121.387     1.50566     4.14258
205     8     15     183.787     2.02841     4.86847
206     47     3     52.4933     2.33583     2.56577
207     12     11     124.613     3.37289     3.85395
208     47     21     269.48     3.22506     2.9828
209     11     3     277.427     2.99135     4.56206
210     38     25     95.68     4.70615     3.32476
211     32     37     243.493     2.29588     3.82031
212     15     24     75.4267     3.30432     4.17188
213     9     28     143.587     1.87011     4.29426
214     20     31     72.1867     3.69237     2.70867
215     19     23     101.4     2.46721     4.84825
216     26     30     182.56     1.53162     4.49171
217     20     25     63.9467     4.69579     3.71944
218     26     27     100.16     3.50214     3.02927
219     47     7     107.427     3.89233     4.50453
220     10     37     155.573     4.01848     4.67444
221     36     28     93.68     4.68212     4.95781
222     11     18     13.7467     2.63501     3.82969
223     29     24     278.947     2.72741     3.60317
224     25     26     231     2.63694     3.465
225     43     21     298.44     3.66289     4.15769
226     30     17     51.9733     4.82023     3.44722
227     23     33     267.453     2.21833     2.76772
228     39     8     154.36     3.45759     4.18348
229     25     15     294.173     2.02959     3.05834
230     45     21     45     1.95375     3.07543
231     36     30     280.453     2.63662     3.99396
232     13     6     188.787     2.6865     3.78758
233     39     16     236.76     2.66887     3.05246
234     24     18     246.48     2.53632     3.32682
235     38     12     106.667     1.71822     4.71191
236     20     17     55.7067     4.60318     4.43541
237     47     4     203.56     4.39991     4.24848
238     41     23     282.707     4.11055     3.29554
239     38     32     142.373     2.10009     4.34881
240     21     29     194.04     4.49765     2.54753
241     33     17     159.347     2.41188     4.53307
242     33     31     134.627     4.19836     4.61951
243     45     15     275.72     4.75817     3.3916
244     10     23     191.28     3.1082     2.86988
245     47     4     189.827     2.70188     3.63376
246     17     9     33.48     4.23884     3.043
247     12     14     47.7067     2.44467     4.94919
248     19     21     43.72     3.55918     2.53601
249     10     1     185.787     1.51196     4.68146
250     25     40     143.107     3.02553     4.97955
251     44     27     277.467     4.62604     3.81489
252     9     27     280.92     4.79791     2.62963
253     17     30     255.96     3.26672     3.2728
254     27     2     233     4.1442     4.07369
255     22     17     120.88     2.91957     3.02934
256     29     6     114.147     2.03236     4.74731
257     24     24     180.56     3.511     4.03294
258     24     12     227.253     2.40963     2.76437
259     42     15     44.7467     3.03162     2.94275
260     33     12     60.4667     4.66919     2.56043
261     37     35     179.827     3.34704     4.67765
262     16     35     222     1.8041     3.84678
263     27     33     84.68     4.19526     2.77718
264     20     1     138.107     1.75005     3.37855
265     27     37     35.24     2.87257     2.57591
266     46     20     298.693     1.91401     4.53497
267     33     12     162.093     3.10681     4.68947
268     41     11     230.52     4.39084     4.7113
269     43     34     216.04     1.6175     3.81298
270     16     12     57.2     1.86787     3.02446
271     21     21     246.227     4.86456     2.83326
272     16     38     90.16     4.21715     3.33056
273     37     16     75.4533     2.48238     4.75204
274     26     39     155.093     4.27377     2.55486
275     39     26     190.067     2.40504     4.92225
276     43     24     251.747     1.80346     4.33416
277     19     20     79.4267     1.67486     3.59714
278     43     28     53.9867     1.65659     2.97204
279     10     38     114.373     4.94179     3.79162
280     25     12     123.88     3.61002     2.70684
281     44     3     131.893     3.14805     4.45578
282     13     38     240.973     4.89607     4.7911
283     37     16     221.027     3.40184     3.96153
284     37     18     221.027     4.91989     4.88434
285     20     25     234.24     1.53739     3.90118
286     41     27     167.347     1.66332     3.25816
287     27     36     150.6     2.3636     3.19903
288     23     12     165.827     4.27729     2.81426
289     10     11     92.4     3.5988     2.53494
290     23     33     185.053     2.35975     4.91371
291     43     31     177.587     2.99445     4.08094
292     24     25     180.56     3.92438     3.02004
293     31     40     63.96     4.14548     4.04958
294     41     27     134.387     2.05309     4.15433
295     8     38     170.053     3.48814     3.05582
296     17     22     41.72     3.23927     3.16256
297     37     35     42.4933     3.98601     4.29067
298     24     31     230     1.91594     4.79583
299     25     14     165.08     3.00224     4.50713
300     12     22     116.373     2.67325     3.60286
