1     32     6     110.3     3.96123     3.98686
2     11     6     47.54     4.02724     2.55135
3     38     12     61.49     4.37642     3.64185
4     36     4     85.59     3.52596     3.86448
5     34     8     57.49     3.4201     4.29853
6     24     10     110.13     1.93815     4.36262
7     17     4     86.165     3.81201     3.73295
8     20     7     77.42     3.68671     3.95344
9     9     11     99.045     1.81008     2.62932
10     40     11     136.57     2.58342     4.34423
11     14     12     46.625     3.95952     3.69121
12     9     5     75.555     4.9216     4.55947
13     39     4     106.86     4.02767     3.56532
14     18     10     122.4     2.25465     4.27084
15     14     7     128.84     4.12711     2.57775
16     46     9     94.285     2.36338     4.94003
17     12     11     35.49     3.0266     4.78317
18     32     15     56.795     2.91038     3.77354
19     27     10     57.015     4.1489     3.32568
20     35     10     160.28     2.28092     2.99036
21     25     1     111.13     4.75614     3.61293
22     34     11     108.385     2.11365     4.40237
23     28     10     84.115     4.82311     4.30265
24     25     8     39.355     1.51602     4.30624
25     8     13     10.61     4.09784     3.60065
26     10     8     88.3     3.96966     3.68892
27     35     8     74.15     4.84939     3.37336
28     18     8     24.525     1.92138     3.74546
29     10     2     25.66     2.80357     3.57051
30     17     2     44.405     2.06291     4.20865
31     9     8     19.44     4.76618     4.46226
32     22     3     126.4     3.7978     4.49164
33     31     4     62.32     2.93281     4.1876
34     8     1     92.825     4.39511     2.64328
35     47     8     84.845     3.88816     4.11573
36     13     14     103.045     2.83187     4.61577
37     16     6     103.435     3.79011     4.52017
38     15     7     95.91     2.32215     3.84396
39     38     15     84.98     4.24407     3.06467
40     26     2     29.915     4.53365     3.63903
41     15     14     140.28     2.36264     3.60248
42     8     14     22.355     2.4922     4.8928
43     46     4     113.86     4.0141     2.78726
44     38     11     164.585     3.67357     4.09551
45     36     2     63.405     4.25764     4.49713
46     12     14     120.315     2.78274     4.16601
47     42     7     91.59     4.96699     4.57099
48     16     14     125.62     2.22057     3.0942
49     41     15     129.74     3.14003     3.35734
50     43     5     52.135     3.2383     2.89628
51     34     14     101.86     2.39789     3.57555
52     27     5     156.195     2.77921     3.88211
53     14     10     105.35     2.16973     3.48979
54     16     9     116.485     3.00801     4.23536
55     47     14     73.1     3.06623     2.89521
56     23     8     50.405     2.02745     4.90616
57     28     1     151.975     3.93965     4.41702
58     17     3     48.32     4.28285     4.81613
59     17     9     17     4.63245     2.62139
60     45     2     154.62     1.65371     3.87608
61     37     14     162.28     3.91231     3.43974
62     10     4     54.37     2.23328     3.81573
63     19     9     60.76     3.09571     3.90484
64     30     9     148.755     1.79492     4.32684
65     18     4     93.69     4.85815     4.6997
66     34     3     92.725     2.94681     4.51765
67     29     9     150.365     3.732     3.01859
68     12     3     99.435     4.97372     4.68108
69     11     3     31.88     3.29257     3.2416
70     43     1     133.045     2.86552     3.3742
71     23     12     148.28     4.03076     2.92016
72     22     11     71.59     2.53557     4.81155
73     9     11     32.49     3.9138     4.07643
74     22     12     84.64     3.22346     4.06934
75     12     15     56.37     4.63309     4.81429
76     31     13     51.88     3.08748     2.60376
77     46     7     74.71     2.53995     3.74317
78     11     4     87.995     3.48398     4.08078
79     19     15     127.315     2.76864     4.71488
80     23     6     107.825     4.93399     3.01851
81     42     1     118.995     4.047     4.37178
82     28     4     97.165     1.7775     3.74279
83     47     9     135.74     3.19398     2.50832
84     24     11     94.47     3.51559     4.65423
85     23     8     60.845     1.8057     2.74529
86     34     9     40.525     2.33914     2.80854
87     31     9     117.13     4.62882     3.51558
88     9     7     121.23     2.34619     3.80932
89     29     8     134.705     2.61995     4.36308
90     22     9     143.365     1.94584     4.51277
91     45     10     76.32     3.69472     2.55425
92     13     11     61.285     2.95033     3.54526
93     46     14     78.625     2.66311     2.50214
94     24     13     39.66     4.35409     4.63393
95     26     5     140.84     2.35206     3.00203
96     36     4     109.08     1.80058     2.74842
97     18     3     40.185     1.91658     4.78095
98     18     9     48.015     3.23713     3.05704
99     40     5     128.74     4.83764     3.35833
100     31     6     88.42     4.75582     2.69311
101     43     15     109.555     4.60703     4.72076
102     44     11     64.88     3.62316     2.83616
103     14     14     58.37     4.10169     3.80726
104     15     11     56.76     2.99733     3.6037
105     25     5     66.76     2.14313     3.30897
106     32     9     92.03     4.83198     4.25672
107     46     7     106.03     3.24621     2.78001
108     22     4     32.44     4.96796     3.71715
109     45     12     67.185     1.55416     3.06139
110     39     9     113.385     4.41305     3.89798
111     33     2     38.22     1.96208     3.51733
112     27     11     110.52     1.80816     3.34574
113     9     9     41.625     4.92715     4.58426
114     10     10     26.965     2.08257     3.69579
115     24     4     140.145     3.96657     3.13196
116     17     14     67.895     2.7947     3.93956
117     45     4     85.455     2.84362     3.13746
118     42     9     168.585     3.66182     2.50488
119     36     3     122.13     3.4404     4.17135
120     24     11     50.1     4.27718     4.64873
121     11     12     118.01     2.81831     2.69654
122     31     10     49.27     4.01357     2.66152
123     38     9     145.01     2.96614     3.67992
124     34     13     94.03     4.11589     3.886
125     19     5     73.81     1.73574     2.51556
126     34     12     143.62     4.98003     4.04584
127     31     15     55.795     3.46507     4.76173
128     46     11     92.98     2.11963     3.38946
129     47     9     108.335     3.78829     3.68908
130     14     8     50.54     1.82076     3.14432
131     40     3     118.3     4.63469     3.14272
132     31     4     130.18     3.98302     4.785
133     23     1     60.845     3.41316     3.21528
134     42     11     117.69     4.64965     4.61272
135     17     6     82.25     1.88635     3.73371
136     37     1     108.775     4.22356     3.64841
137     45     5     120.69     3.23051     3.05803
138     32     11     127.265     3.87246     2.83769
139     37     7     48.745     4.28327     4.69245
140     9     8     15.525     4.11974     3.56838
141     17     14     58.76     3.98024     4.20949
142     41     8     63.185     2.12455     3.5004
143     20     9     29.135     3.47693     3.9861
144     36     5     146.925     1.64815     2.70867
145     13     4     122.62     4.96016     3.25266
146     29     3     102.08     4.2084     2.6381
147     23     3     79.115     2.14548     3.45408
148     8     15     8     2.42128     2.87095
149     17     8     62.675     4.46315     3.92399
150     14     6     60.98     3.53076     3.20719
151     46     1     169.975     3.93089     2.87042
152     21     7     128.01     2.62476     3.55693
153     22     9     36.355     3.71448     3.6755
154     45     2     102.42     3.54048     4.14548
155     12     4     141.195     3.37631     4.00609
156     36     9     157.365     3.45503     3.53092
157     30     5     156.585     3.80998     2.73774
158     18     4     102.825     4.16588     4.43449
159     16     9     142.585     3.86413     4.69161
160     46     15     52.525     4.55672     4.88266
161     33     4     129.57     2.65264     3.18209
162     15     11     97.215     2.2523     4.66247
163     37     9     106.165     4.05287     2.87957
164     36     2     93.42     4.46016     4.5893
165     9     7     22.05     2.39084     2.98311
166     45     14     138.96     2.49957     3.58646
167     10     9     49.15     1.81478     3.20742
168     40     14     162.67     4.51891     3.57837
169     14     15     102.74     2.85548     2.58126
170     13     5     106.96     3.89949     4.6952
171     25     15     47.185     1.67389     3.55922
172     25     3     34.135     2.34747     3.29028
173     10     8     50.455     1.99754     3.94528
174     15     7     101.13     3.67336     2.77085
175     12     14     51.15     4.74279     4.129
176     34     12     91.42     2.75838     4.74021
177     29     3     129.485     3.32579     4.63477
178     29     4     57.71     4.70946     2.95259
179     34     14     117.52     2.16033     3.98267
180     28     14     43.66     4.20006     2.58133
181     25     8     116.35     2.34384     4.36262
182     40     10     163.975     2.00043     4.79835
183     13     9     134.365     3.52969     2.62055
184     46     10     108.64     2.69398     4.16692
185     30     2     75.675     4.48825     4.05759
186     16     3     30.355     4.08139     3.84716
187     46     11     64.27     2.35484     4.0405
188     42     8     116.385     2.77248     3.61301
189     22     10     27.22     4.56537     4.92668
190     39     1     122.52     1.96614     3.18247
191     47     7     77.015     4.47906     3.29943
192     42     3     156.84     3.91636     3.36062
193     25     4     132.01     4.68949     2.5177
194     22     9     28.525     4.58652     4.99413
195     39     14     130.35     4.0219     3.07672
196     14     4     42.71     4.49167     3.23885
197     32     7     65.93     4.21961     3.28204
198     37     8     117.91     4.22773     4.64049
199     24     7     107.52     4.8166     2.73606
200     23     4     81.725     2.18799     4.52658
201     37     7     64.405     3.69782     3.63659
202     38     4     158.06     4.96785     4.71191
203     19     14     128.62     3.34779     4.88838
204     31     11     128.875     4.95589     4.0157
205     24     3     91.86     1.78584     4.02661
206     34     3     155.365     2.11397     4.09223
207     33     9     123.045     3.18928     4.45395
208     21     10     116.265     3.4436     3.07298
209     11     1     136.28     2.70359     2.98837
210     34     1     62.71     3.64035     4.52216
211     43     11     50.83     4.94104     2.7253
212     28     12     94.555     2.93559     4.20339
213     38     6     126.74     2.66556     3.71128
214     22     5     28.525     2.62572     4.66094
215     41     12     119.3     3.16663     3.92972
216     12     6     66.81     2.78925     2.61147
217     35     15     128.96     4.31906     3.10053
218     16     12     81.25     2.19077     4.14953
219     38     5     88.895     4.33155     4.29113
220     14     9     84.47     3.8731     2.7649
221     18     5     38.88     3.18159     3.33995
222     25     9     87.64     1.9358     2.67281
223     26     1     57.32     2.73959     3.59325
224     20     3     57.845     2.00331     4.95651
225     13     4     66.505     2.07819     3.45378
226     17     14     24.83     1.87791     4.02203
227     14     10     127.535     1.97137     4.242
228     37     15     103.555     2.3824     4.36651
229     44     3     96.2     4.57915     3.36985
230     26     6     92.555     2.88881     2.6574
231     34     6     74.455     4.82119     2.82754
232     20     9     98.3     2.53568     2.62566
233     32     12     155.975     4.93719     2.98173
234     29     12     61.625     3.63224     2.77062
235     25     12     105.91     3.23457     4.18744
236     17     3     109.655     3.24963     4.37742
237     27     9     111.825     2.52499     3.71136
238     34     14     87.505     4.50128     4.84725
239     35     13     143.315     3.24621     2.96854
240     37     14     69.625     2.00844     3.84007
241     30     1     97.86     2.27334     2.57126
242     20     7     125.705     4.55608     4.72938
243     40     3     165.28     4.4169     2.69005
244     18     2     50.625     3.93271     3.8699
245     9     12     88.605     4.60788     3.72768
246     9     1     80.775     1.96123     2.67785
247     35     8     109.385     3.77142     4.8056
248     31     10     77.98     4.71555     2.52335
249     13     6     133.06     2.38678     2.56233
250     13     2     67.81     4.92373     4.93545
251     19     7     110.35     3.23585     2.76566
252     31     6     109.3     1.5612     4.61959
253     12     9     44.625     2.33839     4.73556
254     39     1     46.83     4.12935     2.78817
255     42     12     74.625     3.0753     3.58074
256     34     3     56.185     4.1223     3.30287
257     30     8     37.83     4.49893     2.74804
258     17     14     133.145     4.68148     4.12923
259     10     2     77.86     2.33113     4.38314
260     26     8     78.2     3.43698     4.10512
261     29     3     103.385     2.64922     2.50435
262     44     4     74.015     2.03749     2.52014
263     10     5     20.44     2.75849     3.98968
264     38     9     83.675     3.86659     4.00861
265     17     12     43.1     2.25304     4.87465
266     8     12     135.89     3.44723     3.75423
267     20     5     85.25     2.26405     4.4644
268     33     3     64.32     2.53343     3.00821
269     43     13     100.42     3.39447     4.75723
270     24     8     85.335     3.88977     4.91874
271     41     11     161.06     2.3432     2.68075
272     34     10     67.93     3.75785     3.174
273     21     5     124.095     4.7148     2.6413
274     34     2     151.45     4.011     3.45714
275     43     1     93.895     1.51784     4.38459
276     29     14     124.265     1.99594     2.71371
277     8     14     82.385     3.85057     3.66977
278     26     12     142.145     3.56185     3.73211
279     33     2     130.875     2.77366     3.25587
280     24     9     52.71     3.27718     2.5354
281     44     9     158.84     4.87107     4.2008
282     31     7     33.61     1.83454     3.58753
283     45     8     102.42     3.49776     4.972
284     45     14     157.23     4.64185     2.80976
285     26     10     96.47     4.71555     3.37107
286     11     4     34.49     1.60147     3.41151
287     8     8     60.2     2.91604     3.76972
288     22     3     92.47     1.57797     4.53261
289     20     9     129.62     4.13106     4.65842
290     39     14     151.23     2.55159     2.69837
291     35     5     115.91     2.53076     4.008
292     11     4     46.235     2.46005     3.58745
293     42     5     64.185     4.60949     4.94346
294     11     8     37.1     1.72848     4.11153
295     39     10     123.825     3.05821     4.23025
296     29     2     94.25     4.48547     4.80812
297     22     9     85.945     1.82546     3.57295
298     33     14     57.795     4.46764     2.54555
299     36     8     156.06     4.86584     3.727
300     21     11     144.975     4.61194     3.54099
