1     44     25     452.8     4.4123     2.53258
2     45     37     208.52     4.10212     2.82212
3     28     13     145.53     2.81745     4.66193
4     13     24     283.83     1.9686     4.80636
5     30     29     428.58     2.56858     2.99051
6     9     15     453.57     1.54849     2.63703
7     16     9     465.68     3.09293     4.38055
8     46     20     107.32     3.97597     2.8003
9     43     6     180.97     4.63694     3.00134
10     32     37     445.91     4.97607     4.93469
11     20     13     469.68     1.60746     4.59746
12     22     6     93.54     1.55138     2.5042
13     21     33     358.26     2.60211     3.5683
14     28     4     498.12     4.35463     3.78574
15     25     20     173.19     3.62497     2.86111
16     17     11     492.23     3.24877     3.16698
17     44     19     258.62     1.99135     4.176
18     47     1     466.02     1.55554     2.75819
19     17     5     42.55     1.91978     3.483
20     29     10     85.21     3.49145     4.31608
21     26     9     296.83     4.81104     4.35301
22     16     18     435.02     3.78947     3.97961
23     12     21     17.11     1.7147     4.09955
24     29     37     212.96     4.0109     4.81964
25     32     23     57.55     2.98441     2.73431
26     17     19     313.38     3.04283     4.69939
27     27     24     164.97     3.61846     4.73487
28     10     20     61.1     3.78359     4.44906
29     47     20     471.13     3.28968     3.624
30     43     40     451.8     4.51624     3.85166
31     8     27     105.09     4.06249     4.36331
32     12     26     364.59     2.96849     2.94183
33     15     19     520.89     3.29662     3.55739
34     39     8     386.48     2.56142     3.61751
35     18     4     416.58     2.73937     4.97208
36     29     29     131.2     3.34469     4.06354
37     18     10     421.69     2.30474     2.86386
38     14     7     100.87     2.11942     3.48781
39     12     7     17.11     3.03995     3.12326
40     20     34     285.72     1.74909     4.67063
41     17     31     216.29     1.78028     4.7293
42     34     26     289.5     1.65734     4.32531
43     38     26     324.16     1.9906     4.01708
44     45     29     530.45     4.51367     3.77277
45     12     29     441.24     2.29438     4.25832
46     41     7     235.18     4.10617     4.92737
47     17     8     17     4.6912     3.05353
48     31     19     92.32     3.40269     4.09581
49     37     2     174.97     3.95994     2.53716
50     15     33     30.33     3.29823     3.58844
51     14     1     305.27     3.75187     4.89555
52     27     19     420.47     4.05095     3.64345
53     13     10     242.95     3.36905     3.19613
54     28     15     150.64     1.90483     4.66262
55     23     39     452.24     4.23157     2.53098
56     43     16     497.79     1.90056     4.76058
57     36     4     225.07     4.5314     3.9716
58     9     13     259.39     4.87364     2.62581
59     19     1     417.58     3.07466     3.83587
60     39     32     340.49     3.63907     3.19506
61     37     4     471.35     1.81072     3.26914
62     39     39     442.69     2.36584     3.63895
63     21     12     475.79     3.54892     3.13601
64     40     39     152.42     3.1364     4.66109
65     47     22     333.16     4.86306     4.22582
66     15     12     117.2     1.69462     4.60952
67     29     4     146.53     1.68265     2.77001
68     41     35     117.65     2.8825     3.90057
69     35     9     55.44     4.07349     3.77247
70     9     33     412.69     3.2617     4.75494
71     37     6     154.53     4.20263     4.65178
72     8     32     457.68     3.92523     3.74668
73     43     24     226.96     2.49445     4.19652
74     32     25     175.08     4.49509     4.6646
75     36     8     541.89     4.47127     4.33287
76     40     37     525.45     2.80741     4.18577
77     24     9     432.8     2.28295     4.70435
78     20     10     301.05     3.78648     2.86225
79     21     22     77.21     3.92405     2.56478
80     18     37     109.98     2.50438     3.91987
81     43     1     324.05     1.63768     2.98349
82     13     26     130.53     4.42961     4.86923
83     40     13     300.61     2.00748     4.36224
84     45     5     428.25     2.36189     4.42961
85     29     29     197.63     2.23702     4.26588
86     30     37     464.35     4.5564     4.76585
87     14     19     325.71     3.61632     3.06467
88     21     35     281.61     2.03301     4.0363
89     14     34     509.67     2.67635     2.88949
90     30     24     464.35     4.57552     4.25481
91     9     20     433.13     2.03076     4.39947
92     17     12     441.13     1.91604     4.4644
93     16     29     41.55     2.40536     3.86166
94     32     32     318.16     4.10927     4.22346
95     32     38     502.12     3.85452     3.04407
96     34     37     294.61     3.59197     4.90455
97     35     11     387.59     2.16588     4.42068
98     43     18     196.3     2.43153     3.80596
99     46     13     107.32     4.95204     4.18874
100     42     18     542.78     3.2617     3.57532
101     17     8     344.04     4.4294     3.09908
102     41     27     403.81     2.40493     4.44624
103     27     14     374.48     4.88571     2.5988
104     33     32     104.54     2.68394     4.28648
105     43     27     232.07     3.3339     3.78597
106     36     8     117.76     3.91861     3.96016
107     40     39     474.35     3.85398     4.17745
108     8     14     28.44     2.61248     3.00081
109     34     7     371.26     2.6223     4.78904
110     35     15     540.89     4.32536     3.09832
111     22     4     282.61     3.1285     2.52777
112     18     31     258.17     3.23371     4.39718
113     38     2     252.62     2.07936     2.89758
114     24     36     468.57     2.3793     4.60829
115     23     34     324.49     1.99145     3.01607
116     21     24     317.38     4.60414     3.43242
117     9     33     90.76     4.96956     4.94514
118     28     20     109.76     2.17368     4.79713
119     11     7     256.28     1.67368     4.33325
120     28     40     528.78     3.58791     4.40458
121     20     17     479.9     4.47394     4.37109
122     24     20     223.29     3.07819     2.594
123     19     32     59.88     2.29128     2.55829
124     15     10     96.76     4.79417     2.51473
125     8     7     350.37     1.62807     2.7842
126     37     17     57.44     3.67592     3.61293
127     8     32     181.74     3.28391     2.72027
128     24     27     141.53     3.51474     2.93001
129     37     32     486.68     2.26009     4.02478
130     12     16     37.55     2.20156     4.21461
131     35     6     520.45     3.85185     2.86088
132     24     25     259.06     3.66182     4.84565
133     13     32     467.79     3.42715     3.22657
134     30     6     489.9     3.97896     3.0694
135     38     31     160.64     3.39361     3.09717
136     47     25     481.35     4.20487     3.04781
137     16     14     358.37     4.35324     3.38031
138     44     25     381.26     4.35794     2.71989
139     17     23     47.66     1.9435     4.68375
140     38     8     385.48     3.10852     4.476
141     24     5     49.55     3.36723     4.39528
142     31     21     220.07     3.15221     3.64322
143     29     27     432.69     4.10906     4.07544
144     38     34     543.89     4.77013     4.78538
145     30     12     418.36     1.83978     4.66247
146     40     6     499.9     1.57701     3.31339
147     27     17     62.77     2.00844     4.48981
148     26     29     475.68     2.95717     4.90974
149     27     30     308.05     4.62134     2.6165
150     31     19     46.33     2.68671     2.76414
151     20     21     229.51     3.7085     4.96963
152     24     5     361.26     2.24471     2.62329
153     39     25     156.53     2.97874     3.29897
154     15     33     86.54     4.81147     3.15134
155     26     12     71.99     2.16108     4.44525
156     19     16     243.84     4.453     4.10405
157     13     2     391.14     3.03386     4.91989
158     16     35     153.97     1.99541     4.81529
159     21     36     378.7     3.64185     3.29737
160     44     19     258.62     2.0846     2.99539
161     35     14     208.74     1.70038     2.92093
162     26     23     388.81     1.93452     3.84327
163     30     1     295.72     3.68714     4.91943
164     43     26     129.87     3.26276     4.46936
165     13     2     161.19     4.62156     4.03775
166     32     35     435.69     1.91327     3.63239
167     46     1     521.23     1.53119     4.77973
168     33     3     135.2     4.1677     4.28846
169     34     18     125.98     2.10724     2.86241
170     26     34     480.79     3.24247     3.95177
171     30     40     127.09     4.04465     4.48454
172     16     19     414.58     3.47511     2.86882
173     36     5     291.5     4.57242     3.40587
174     40     35     418.14     4.69697     2.50488
175     32     27     231.29     1.67048     3.34033
176     8     14     227.73     2.79342     4.3424
177     43     38     109.43     4.47362     3.16065
178     36     34     490.79     2.95268     3.99258
179     20     24     311.27     3.86328     4.9163
180     11     18     455.57     3.60083     3.11922
181     10     28     306.38     4.74696     4.66315
182     8     12     43.77     3.52489     4.17501
183     35     27     285.39     4.52521     3.60652
184     17     36     160.08     4.18351     2.9503
185     40     10     91.1     1.74557     4.55603
186     43     31     548.89     3.70487     3.9346
187     46     18     250.4     3.44467     3.69312
188     12     8     512.78     3.57242     3.49002
189     22     6     487.01     3.17721     2.65122
190     23     6     186.52     3.49776     3.33819
191     22     17     170.19     3.23296     3.40831
192     28     36     390.81     1.9812     4.3585
193     47     13     225.85     4.04134     3.492
194     30     15     423.47     2.56024     3.19979
195     29     29     463.35     2.76244     3.99701
196     11     4     445.35     4.74407     4.20415
197     18     12     125.31     4.56708     2.91536
198     39     8     304.72     4.13779     4.14304
199     19     12     126.31     4.6034     3.77918
200     17     22     410.47     1.75208     4.76623
201     17     32     292.94     3.65061     4.61516
202     36     37     332.38     1.50214     3.16332
203     9     18     49.88     4.96197     4.71267
204     31     39     61.66     2.89212     4.93744
205     20     30     209.07     2.79257     4.20377
206     38     3     145.31     2.88913     2.69105
207     24     20     453.24     4.6175     3.9555
208     15     3     244.95     3.48323     4.82604
209     22     2     246.84     3.03536     3.27517
210     14     15     172.41     3.9358     4.65354
211     26     16     501.23     2.36029     2.92817
212     26     32     276.39     2.2147     4.81887
213     13     3     467.79     1.9012     3.46751
214     37     22     542.89     2.11803     4.53734
215     14     34     295.05     2.42865     3.87677
216     8     27     447.46     1.58364     4.64339
217     45     36     540.67     4.3292     3.02507
218     44     6     258.62     4.18821     2.95152
219     47     8     471.13     4.44681     3.93475
220     18     8     314.38     4.83198     4.93057
221     45     11     545.78     2.1128     3.36123
222     12     2     27.33     2.11226     4.68963
223     29     38     299.83     3.862     4.18584
224     18     5     79.32     2.38421     3.77705
225     39     21     463.13     2.33753     3.12075
226     14     9     514.78     1.50812     2.79199
227     17     34     344.04     2.8824     3.72654
228     32     7     405.03     3.78552     3.3079
229     20     15     469.68     3.31863     4.74235
230     35     30     367.15     4.58203     2.60895
231     37     15     195.41     3.91444     3.72845
232     22     26     57.77     3.1379     3.73898
233     37     6     72.77     2.03803     3.52123
234     28     24     518.56     3.56655     3.36261
235     25     21     449.13     3.00011     4.00098
236     44     36     79.77     4.0392     4.93934
237     26     23     485.9     1.58225     4.17158
238     25     19     367.37     2.15851     4.70969
239     45     14     438.47     4.25475     4.55359
240     19     2     29.22     2.51933     2.99394
241     45     15     218.74     4.5799     4.88891
242     21     5     455.35     1.95599     3.30393
243     21     1     353.15     2.80442     4.65857
244     37     24     323.16     4.97864     4.26626
245     14     26     341.04     3.13875     3.9127
246     16     25     113.09     2.89575     4.35896
247     31     11     312.05     2.72356     4.41328
248     11     35     409.58     4.12497     4.46028
249     31     7     383.59     3.78413     3.58898
250     10     6     265.5     3.69109     3.21001
251     29     40     258.95     3.47223     3.80291
252     37     18     323.16     3.91134     2.68334
253     17     9     154.97     3.39532     4.43266
254     38     39     370.15     2.26896     4.37727
255     17     21     328.71     3.83358     4.26275
256     36     40     526.56     2.4733     3.00897
257     37     31     251.62     3.64399     4.18996
258     43     27     221.85     3.20808     3.12777
259     11     15     97.87     2.35185     2.74079
260     10     35     439.24     3.06665     3.53854
261     27     12     231.4     4.43089     4.40138
262     20     30     444.13     4.17571     4.53818
263     12     4     318.6     4.76928     3.26029
264     47     23     363.82     4.00481     2.96442
265     14     6     427.91     4.32429     4.46356
266     24     5     310.16     3.36541     2.55722
267     37     33     476.46     3.46379     3.48216
268     29     10     146.53     2.59592     4.63256
269     36     26     306.83     4.49637     3.19216
270     9     29     371.81     3.43484     4.06835
271     24     10     345.93     2.38678     3.76743
272     44     9     447.69     2.58129     3.10419
273     25     21     265.17     2.16172     2.88438
274     25     35     81.21     4.94317     2.95183
275     20     36     96.65     3.50032     3.73997
276     22     40     221.29     4.07221     3.2194
277     36     11     127.98     1.51431     3.3813
278     23     5     293.83     3.28776     4.14769
279     44     4     176.86     3.71459     3.84877
280     27     13     37.22     3.98718     4.15883
281     47     11     118.54     3.66514     3.63041
282     37     23     113.65     3.14324     2.71783
283     24     40     366.37     2.32546     4.43037
284     45     4     65.44     3.49039     3.50635
285     10     16     347.26     3.57958     3.24816
286     28     13     283.5     4.89746     2.90895
287     26     20     301.94     4.95257     4.77187
288     20     36     117.09     4.92822     3.81199
289     8     25     248.17     4.51506     4.08254
290     13     14     396.25     1.58962     4.7148
291     33     30     206.74     2.97543     4.67269
292     25     8     413.36     1.76736     4.15372
293     24     17     386.81     4.45845     4.27534
294     33     38     247.62     3.84843     2.9384
295     24     10     468.57     1.97255     3.50757
296     30     5     162.86     3.53226     4.20057
297     27     22     430.69     3.56377     4.82498
298     18     10     247.95     1.82824     3.75523
299     47     6     312.72     4.65787     4.28915
300     27     33     52.55     4.74215     3.27471
