1     46     35     81.4667     3.02649     3.3652
2     43     18     181.32     3.0486     4.71007
3     41     30     214.787     4.94285     2.56836
4     36     26     355.2     3.58823     2.74888
5     42     34     176.773     4.60874     4.85214
6     30     16     161.227     3.81072     4.14457
7     28     21     198.24     3.40547     4.6099
8     22     29     234.8     4.74984     4.81674
9     46     19     170.133     3.0893     4.495
10     44     27     278.08     4.53963     3.46103
11     35     21     166.227     3.28883     3.28143
12     47     21     160.493     2.25614     3.31721
13     26     20     334.56     4.69109     4.03813
14     15     21     241.987     3.94691     4.24856
15     14     33     340.293     3.91433     2.61475
16     10     34     346.933     2.84747     2.63489
17     15     32     213.613     4.569     3.94139
18     24     17     169.413     3.78605     4.07765
19     32     31     145.493     2.50502     3.6388
20     47     30     380.387     4.27494     3.91713
21     15     27     18.5467     4.74824     4.94316
22     8     32     18.64     2.29011     3.06284
23     9     16     342.387     1.62273     3.44173
24     15     34     217.16     2.73777     4.13617
25     35     29     127.213     4.06185     4.62241
26     39     26     390.12     1.60895     2.92512
27     33     27     64.92     2.60585     4.23421
28     44     32     270.987     3.82119     2.65221
29     27     18     90.84     2.08769     3.96176
30     15     25     132.04     4.74749     3.55441
31     35     30     347.107     2.5063     4.91127
32     46     23     251.707     1.93335     2.77558
33     32     31     358.293     3.08652     3.90934
34     25     20     361.933     2.0016     4.57198
35     38     34     108.933     1.52767     2.61475
36     13     19     349.933     1.74332     3.32934
37     36     24     89.2     2.4389     4.44182
38     13     20     268.36     2.89778     4.39322
39     13     18     27.1867     3.46229     4.2967
40     13     34     115.853     4.61867     2.71157
41     39     23     319.187     4.58332     3.62651
42     21     30     318.92     1.62871     4.28983
43     31     33     165.773     2.12882     3.28059
44     12     23     299.28     2.06195     2.95831
45     27     28     158.227     2.45311     4.18416
46     42     33     286.72     1.99199     4.95254
47     46     17     148.853     2.80998     3.32484
48     36     18     341.013     4.14986     3.80558
49     16     24     133.04     2.41433     2.55127
50     36     21     273.627     3.82717     3.05338
51     44     34     370.293     1.68949     2.68479
52     47     23     153.4     4.96924     4.25222
53     16     15     303.28     3.70327     2.9429
54     46     32     397.12     3.453     2.80854
55     16     28     253.627     3.79043     3.17553
56     13     16     73.2934     4.05522     4.12214
57     27     20     55.3733     2.3637     3.91446
58     14     22     141.68     4.60564     2.54051
59     28     31     283.36     2.41177     4.23399
60     39     28     276.627     3.3291     3.12708
61     11     34     81.9333     2.18447     4.92515
62     24     29     336.107     4.87524     3.74081
63     33     15     299     4.06665     4.4818
64     38     27     140.853     4.03493     4.92904
65     40     35     171.227     4.63736     2.89956
66     43     35     305.453     3.14441     2.63222
67     17     16     353.933     4.41935     3.28745
68     44     15     51.0933     3.67774     3.70235
69     35     26     304.547     2.31371     3.79109
70     25     32     234.253     3.52521     4.23177
71     35     27     166.227     2.72324     4.82948
72     9     20     243.08     3.4608     3.19689
73     46     33     265.893     3.86306     4.14357
74     35     30     340.013     1.7963     3.91263
75     41     34     388.573     2.25806     4.65796
76     22     18     202.88     1.72303     3.3002
77     9     17     26.7333     2.92961     2.65427
78     17     30     212.067     3.34127     3.96718
79     20     18     218.613     3.76725     3.7579
80     20     29     62.56     4.87674     4.09993
81     30     16     182.507     3.09037     4.23635
82     29     29     142.493     2.58535     2.66892
83     29     34     341.107     2.39564     2.61109
84     28     31     35.0933     3.3448     4.94636
85     30     20     115.12     4.29267     4.08116
86     8     18     132.133     4.43367     3.33567
87     44     25     150.4     2.12711     2.75925
88     47     16     277.533     3.4984     3.51497
89     24     32     304.187     3.29118     4.22101
90     19     31     68.6533     3.70786     3.39145
91     20     30     151.227     2.22164     3.36589
92     15     29     96.5734     3.59453     4.86923
93     31     23     353.747     4.58567     2.5914
94     30     26     356.293     3.08438     3.42929
95     13     19     229.347     4.65328     2.77917
96     28     33     180.507     4.71342     3.0224
97     20     34     133.493     3.35858     4.5938
98     35     21     272.627     3.03172     3.77369
99     40     21     245.707     4.04732     2.59423
100     31     17     328.92     4.1959     2.50069
101     15     16     210.067     3.41263     4.65789
102     18     32     195.333     2.2476     3.54305
103     37     30     235.613     2.11803     4.21606
104     42     16     279.627     3.08107     4.90547
105     42     18     347.013     3.6081     2.80396
106     22     33     153.227     1.59688     4.71236
107     23     15     189.693     4.60617     2.92138
108     28     23     279.813     3.04411     2.97563
109     29     19     373.027     1.80004     3.70624
110     38     32     247.253     4.54913     3.67519
111     14     32     123.947     4.21577     4.42167
112     32     16     269.627     3.33294     4.65064
113     41     17     111.933     2.27676     3.25419
114     20     24     243.44     3.61536     2.80694
115     42     20     368.293     2.05298     3.92544
116     30     29     203.787     4.70658     4.63218
117     40     25     47.0933     2.19611     2.61574
118     24     26     343.2     1.78648     4.52689
119     38     29     59.28     4.56249     2.70074
120     47     28     135.667     2.87204     3.44745
121     42     22     258.347     2.52371     4.79987
122     20     19     317.92     2.47052     2.86058
123     17     18     290.093     2.96518     4.63782
124     44     24     185.867     2.92224     4.01128
125     17     31     339.747     4.97063     3.71853
126     9     34     225.347     2.92961     2.50259
127     22     23     131.947     1.69601     2.81129
128     47     23     181.773     2.27345     3.18857
129     30     25     100.933     1.92993     3.24969
130     39     28     60.28     1.71801     2.87904
131     28     30     276.267     4.84149     3.54305
132     16     28     193.333     1.60233     3.35726
133     40     34     369.84     4.91551     3.79978
134     33     31     203.24     2.61974     4.71
135     13     27     236.44     2.57637     2.96434
136     40     28     323.733     1.78423     3.97
137     26     26     256.533     2.99818     3.8657
138     30     24     58.3733     4.58545     4.07163
139     43     23     394.12     3.10254     3.57868
140     40     29     391.12     4.32984     3.11754
141     37     19     356.2     1.74439     4.09795
142     39     20     294.36     2.17026     3.95947
143     37     26     44.0933     1.58524     3.32408
144     33     17     146.493     4.82311     4.09055
145     9     26     172.147     2.65307     3.86265
146     23     16     367.027     3.4718     3.3504
147     37     19     125.667     1.59122     4.63561
148     45     35     84.0133     3.85911     4.44266
149     40     24     345.013     3.59325     2.8045
150     45     34     48.5467     2.56655     3.76507
151     20     15     190.24     1.52606     3.5078
152     36     16     39.5467     3.98088     2.55226
153     10     18     361.12     2.74129     4.90883
154     34     33     285.813     4.44841     3.33071
155     27     31     165.32     2.07199     3.55747
156     15     24     121.4     3.11707     4.18615
157     16     29     69.2     2.51912     2.56417
158     17     35     17     4.46561     3.34361
159     19     34     245.987     3.12465     2.58591
160     47     29     284.627     2.01987     4.06049
161     28     26     134.4     3.03119     3.12525
162     9     20     122.493     2.75817     4.83123
163     29     17     50.28     4.23125     4.14151
164     29     31     277.267     4.7022     4.90486
165     30     15     136.4     2.50182     2.97472
166     12     30     90.0267     4.69633     2.61513
167     18     34     347.84     1.52788     4.08208
168     27     22     30.5467     4.87492     4.02341
169     24     34     275.813     4.7131     4.08635
170     10     25     52.56     3.81628     4.37338
171     11     20     273.453     2.17721     4.63767
172     32     29     376.027     3.88475     4.85862
173     18     28     131.493     1.94221     3.08702
174     46     26     85.0133     3.25956     4.70283
175     17     27     169.507     3.80538     3.47285
176     23     20     37.1867     4.152     3.55258
177     38     20     257.893     3.39917     2.81961
178     15     30     178.147     2.20936     4.18195
179     29     22     305.64     1.93997     2.74926
180     25     30     351.293     2.60714     3.01042
181     12     31     331.2     4.16375     3.90522
182     30     29     242.8     3.32824     3.43295
183     24     26     261.627     4.44798     3.18819
184     21     21     67.1067     1.62935     4.46249
185     14     29     99.12     3.12348     3.80566
186     46     18     308.453     2.69601     4.68482
187     10     29     80.9333     3.97191     3.13273
188     30     18     147.04     2.48344     4.02654
189     36     34     262.987     3.41113     3.38626
190     38     26     282.72     4.24685     3.33499
191     22     20     22     2.86862     2.61086
192     35     30     159.133     2.25732     4.27084
193     39     29     74.4667     2.34191     3.47812
194     40     24     242.16     2.7069     4.51292
195     12     24     302.827     3.14644     4.89753
196     32     22     322.827     4.79983     3.27616
197     9     32     172.147     2.35131     3.94055
198     12     30     93.5734     1.53183     4.64156
199     12     17     263.813     3.40237     3.07703
200     11     23     273.453     3.65766     3.69854
201     11     18     117.4     4.43239     2.72385
202     44     34     288.72     2.84437     3.00035
203     25     32     273.267     2.75967     4.10619
204     22     22     89.3867     3.51378     4.33164
205     13     23     34.28     1.57317     4.93156
206     25     23     81.7467     4.37172     3.28806
207     42     18     254.8     4.80581     2.87591
208     35     29     123.667     3.12412     4.16944
209     24     26     109.12     3.69451     4.38292
210     12     18     327.653     3.38272     2.68441
211     26     35     125.307     4.02916     3.77453
212     26     32     366.48     2.75539     3.96847
213     22     27     348.293     3.08727     2.67556
214     13     16     76.84     4.12647     3.4135
215     32     35     42.64     3.75742     4.74975
216     44     35     278.08     4.62262     2.8106
217     47     26     238.52     2.84982     3.24824
218     22     16     256.08     4.26821     4.30555
219     22     35     103.573     2.59442     3.87143
220     18     30     106.667     2.82632     4.66544
221     37     33     175.32     3.326     2.94252
222     40     15     348.56     2.32824     4.85977
223     30     31     58.3733     1.85783     3.39396
224     45     27     147.853     4.79054     4.95247
225     40     18     139.307     2.54187     3.56616
226     19     33     146.68     1.61867     4.307
227     15     17     351.933     2.51677     3.81886
228     31     30     233.16     3.69985     4.60418
229     41     22     126.12     3.64388     3.45508
230     17     21     130.493     3.68126     3.17186
231     43     21     110.387     2.12935     2.95717
232     24     27     123.307     3.4373     4.12809
233     26     25     323.92     4.83593     4.036
234     43     32     291.267     1.72431     4.83551
235     43     16     287.72     2.27975     4.99199
236     33     17     242.253     1.52147     2.66945
237     28     31     148.587     3.31703     3.88905
238     34     26     97.84     2.0611     4.59799
239     32     21     219.973     2.01613     4.541
240     19     20     107.667     3.54444     4.57396
241     39     27     319.187     2.71897     2.81014
242     30     29     221.52     3.54668     3.74081
243     27     18     115.667     1.78819     3.21902
244     23     17     235.8     2.60863     3.44958
245     20     16     293.093     3.04358     3.37359
246     41     16     97.7467     1.51559     3.58943
247     37     23     249.8     3.88443     3.70029
248     47     26     309.453     4.26501     3.72974
249     13     21     222.253     4.6003     4.99443
250     27     32     250.44     2.2195     4.57572
251     23     22     264.173     2.36937     3.78132
252     43     21     319.64     2.45012     4.73556
253     35     15     308.093     4.9436     2.99081
254     47     23     270.44     2.26447     2.80053
255     18     25     85.3867     4.5219     2.94298
256     28     33     311.733     4.42405     4.73815
257     29     24     39.64     2.81072     2.64718
258     12     26     118.4     3.04849     4.09627
259     47     19     117.933     3.27206     3.91339
260     43     27     376.387     3.20722     2.52152
261     31     19     321.827     2.05886     3.27601
262     36     33     223.973     4.1991     3.08901
263     47     17     231.427     2.13865     4.23017
264     18     30     262.72     2.51859     3.9449
265     15     34     124.947     1.60308     4.78057
266     15     30     312.92     4.01079     4.7615
267     35     19     130.76     1.66695     2.8029
268     32     31     287.36     3.21267     3.50497
269     24     21     158.773     2.85324     4.21758
270     15     18     32.7333     3.38272     3.51535
271     43     21     213.24     3.36627     3.97595
272     16     16     55.0133     3.71747     3.399
273     43     27     245.16     3.1521     4.85946
274     13     20     147.773     2.75582     4.73373
275     10     35     251.173     3.14698     4.09055
276     26     34     203.333     3.97137     2.58644
277     32     15     258.987     3.21235     2.75697
278     10     28     70.2934     2.55074     3.8435
279     16     18     253.627     2.25838     3.04765
280     40     17     61.28     2.36125     3.35253
281     32     19     372.48     4.05437     3.3018
282     38     32     94.7467     3.60479     2.8782
283     21     26     187.693     4.22645     3.37024
284     33     15     146.493     3.15979     2.86958
285     29     27     344.653     3.9436     2.78893
286     27     21     257.533     4.11013     4.54032
287     20     26     222.16     4.79054     4.2658
288     24     25     286.453     2.96261     4.76074
289     32     26     319.28     2.32814     4.97909
290     33     17     299     3.55074     3.76354
291     44     33     189.413     2.8417     3.18896
292     45     34     154.947     1.62647     3.16118
293     9     18     271.453     3.77633     2.66121
294     43     30     316.093     3.14003     4.2758
295     16     22     193.333     4.35997     4.90387
296     41     15     363.747     2.70605     4.28182
297     33     19     107.48     4.41391     4.21545
298     16     30     321.013     2.75849     2.66121
299     47     16     195.96     1.85121     3.04674
300     45     26     204.6     3.3919     2.97098
