1     16     36     90.9     1.95813     4.37956
2     30     9     64.775     2.24439     3.58524
3     12     27     49.45     4.81724     4.44914
4     13     9     58.475     4.06099     3.95695
5     20     11     68.15     3.81906     2.51694
6     18     30     205.25     2.45044     3.7933
7     31     22     290.475     2.20231     4.93439
8     28     14     242     3.63277     3.8377
9     40     37     168.4     3.56665     3.84144
10     33     17     129.3     2.82098     4.98299
11     37     24     66.425     3.68308     4.7161
12     10     28     162.475     3.37524     4.72617
13     35     39     43.025     1.99231     4.23513
14     36     16     102.875     3.14441     3.9362
15     32     28     125.625     4.79043     3.44852
16     8     33     272.825     3.99594     3.93399
17     39     22     244.975     2.60126     3.76507
18     20     23     143.05     2.53194     3.88516
19     40     40     61.4     2.23788     3.2519
20     33     8     276.425     3.99445     3.50459
21     30     8     54.075     1.54999     3.24519
22     27     19     104.575     3.35601     3.57471
23     47     40     87.125     4.85975     2.77459
24     28     22     252.7     3.59987     4.27511
25     15     17     146.075     2.08428     3.29913
26     33     18     273.75     4.68682     3.82504
27     21     11     152.075     2.54711     3.75607
28     35     2     107.225     1.7084     4.93904
29     20     29     78.85     4.47565     3.42242
30     31     8     41.7     2.7304     4.09391
31     19     19     32.375     1.68671     2.58866
32     22     40     236     3.32066     3.60904
33     22     3     257.4     2.95994     3.54526
34     22     11     230.65     1.7665     4.0392
35     35     16     251.675     4.59784     4.38101
36     31     29     63.1     2.47917     4.37918
37     30     31     219.925     3.67421     3.09488
38     8     30     267.475     4.08524     2.58164
39     14     37     59.475     2.96956     4.51971
40     23     5     132.675     3.70605     3.8873
41     45     7     248.3     4.09432     2.55821
42     12     1     207.275     3.4247     4.46715
43     11     23     257.1     2.79908     2.73225
44     39     38     250.325     4.94029     2.87774
45     28     22     242     3.97276     2.54402
46     37     30     229.6     2.90921     4.32913
47     14     37     32.725     3.82824     4.6498
48     39     22     156.7     4.97543     2.76406
49     12     26     263.45     2.27537     2.84593
50     43     29     56.375     4.98622     3.25144
51     22     26     22     3.48173     3.36871
52     17     40     97.25     3.89714     4.691
53     14     25     129.025     4.62017     4.00449
54     23     16     215.6     4.8637     2.83059
55     12     27     127.025     4.30453     3.51421
56     46     26     225.225     3.5204     3.59714
57     43     15     179.425     2.7131     3.86959
58     43     30     270.375     4.94809     4.23818
59     33     39     148.025     3.89874     2.80198
60     47     9     145.975     4.32739     4.77783
61     27     1     104.575     2.78712     4.16364
62     22     3     244.025     4.78135     4.78355
63     16     8     280.825     2.3621     3.60141
64     20     34     84.2     2.4044     2.94694
65     9     12     220.325     1.53888     4.54329
66     43     5     246.3     4.97906     4.47615
67     15     6     180.85     2.72474     4.49728
68     31     1     247.675     3.88015     3.80039
69     21     29     245.7     4.06655     4.16242
70     18     32     173.15     4.16706     2.58827
71     25     36     164.1     4.38678     4.35293
72     24     5     280.8     4.36253     3.07749
73     31     17     282.45     3.30667     3.23428
74     37     33     122.6     2.91978     4.21743
75     39     40     194.15     3.55618     3.87242
76     41     33     169.4     3.37663     3.12426
77     34     38     277.425     4.97276     4.59456
78     11     38     270.475     4.19739     4.34866
79     41     22     107.875     4.18596     4.66338
80     19     36     107.275     4.80197     4.45563
81     22     40     219.95     3.49167     2.76307
82     47     35     218.2     3.28295     4.41725
83     32     4     88.175     4.41166     3.29882
84     39     1     290.45     3.30998     4.81788
85     19     27     281.15     3.44211     3.00714
86     17     30     276.475     2.22079     3.87127
87     14     39     54.125     3.989     2.88049
88     29     14     146.7     2.30154     3.25129
89     11     6     243.725     2.49124     2.9033
90     42     3     304.15     3.25304     4.23391
91     19     27     246.375     4.73136     4.60082
92     31     8     285.125     3.8449     4.15273
93     40     13     240.625     2.33305     3.90034
94     11     23     80.55     2.25774     3.16607
95     33     14     38.35     3.94723     4.30532
96     14     36     153.1     2.11237     3.83778
97     41     13     273.725     2.12476     2.88148
98     14     8     40.75     3.18629     3.52893
99     8     13     227.35     1.87748     4.05568
100     19     15     216.95     4.81852     4.60364
101     17     20     97.25     2.42555     3.72723
102     42     34     215.875     4.50064     4.94614
103     10     12     240.05     2.13352     3.69175
104     38     6     233.275     2.15702     3.79131
105     47     37     148.65     2.1332     3.87753
106     18     3     280.15     3.11098     2.86676
107     39     25     186.125     1.63416     4.89425
108     41     5     244.3     2.23905     2.84837
109     21     15     165.45     2.42192     3.39434
110     38     15     238.625     1.81329     2.62749
111     16     25     88.225     1.54315     2.74705
112     12     35     14.675     3.53012     3.89134
113     36     22     116.25     3.67966     4.0244
114     40     11     240.625     2.72698     3.5152
115     47     16     49.675     4.20733     4.8001
116     10     27     50.125     2.28744     3.76804
117     37     31     296.475     2.44574     3.26113
118     47     29     301.125     4.23211     2.82945
119     45     28     93.15     3.09304     2.63138
120     42     11     178.425     3.49808     3.12036
121     25     39     35.7     2.34864     3.408
122     38     9     75.45     4.90654     4.94514
123     10     1     42.1     4.22474     3.41006
124     37     25     77.125     3.81596     2.94664
125     9     11     223     4.04305     3.1402
126     29     36     114.6     3.96454     2.87446
127     23     29     113.95     2.12166     3.95833
128     30     32     187.825     2.49936     3.66413
129     38     24     268.05     2.14719     4.06766
130     13     28     240.375     1.69323     4.83032
131     14     29     131.7     4.73595     4.81422
132     20     14     225.975     1.84875     4.1715
133     17     20     59.8     3.18126     4.79736
134     39     13     266.375     3.39062     3.28791
135     31     14     127.3     2.38977     4.29418
136     41     40     265.7     4.1442     3.41136
137     27     18     195.525     1.50385     4.99573
138     37     5     277.75     2.30282     4.0479
139     28     12     233.975     3.21277     2.55547
140     13     34     128.025     1.58225     4.43289
141     37     25     98.525     4.25016     4.45135
142     30     16     123.625     4.56206     2.79847
143     13     28     63.825     2.07979     3.15874
144     34     35     221.25     4.7147     3.45408
145     16     13     184.525     3.76896     4.63752
146     13     11     109.3     1.62294     4.17821
147     36     13     258.025     2.04839     4.63027
148     9     30     86.575     4.38443     3.92438
149     45     19     133.275     2.56078     2.77421
150     19     36     144.725     2.20199     3.33804
151     9     2     268.475     4.2962     4.52475
152     11     18     214.3     3.6646     3.08718
153     28     16     124.3     3.21491     3.39152
154     31     8     97.875     4.7132     2.50443
155     22     40     222.625     1.55832     3.48773
156     8     2     123.025     4.29513     3.54244
157     40     1     211.2     1.84683     4.8912
158     35     10     286.45     4.70626     2.54135
159     35     14     150.025     3.06516     4.31814
160     42     12     285.425     3.62006     4.80895
161     8     20     96.275     2.53589     3.60965
162     25     33     153.4     2.30442     4.51308
163     9     14     83.9     3.47971     3.53053
164     42     21     138.3     2.02596     4.88701
165     31     20     84.5     3.76319     2.88041
166     41     18     263.025     2.64174     3.74645
167     10     40     44.775     4.33497     2.91787
168     24     10     176.475     3.37877     4.32066
169     13     8     232.35     2.34811     4.59662
170     36     40     49.375     2.30026     3.8937
171     38     15     206.525     3.97148     3.61408
172     46     24     209.175     4.96101     2.76063
173     42     4     274.725     4.38699     3.27326
174     36     3     207.2     3.74792     3.49452
175     15     9     89.9     4.97533     2.65618
176     13     36     31.725     4.91017     3.0266
177     16     21     163.125     4.68949     2.61025
178     8     5     40.1     1.77569     2.53899
179     45     34     280.4     4.11472     4.54718
180     30     3     30     2.65552     2.66961
181     9     8     99.95     4.71705     4.55428
182     27     5     190.175     4.93559     4.02982
183     26     32     183.825     3.27825     2.81831
184     33     25     169.425     2.8558     3.03453
185     12     34     196.575     2.51965     3.36177
186     13     7     93.25     4.47757     3.04483
187     46     32     308.15     2.91209     4.09169
188     40     21     98.85     1.83689     3.32286
189     35     9     83.15     3.67411     4.66109
190     31     33     285.125     2.78755     3.29966
191     27     7     53.75     2.45749     4.6427
192     20     2     38.725     2.02916     4.65506
193     40     32     61.4     4.22068     4.51529
194     18     31     264.1     3.32472     3.71014
195     33     9     287.125     4.2884     4.46249
196     29     38     127.975     1.90461     4.13274
197     18     30     71.5     1.60094     3.4843
198     16     15     32.05     4.05886     4.95468
199     41     3     99.85     3.64879     3.82076
200     21     30     21     3.4153     3.90179
201     43     31     104.525     2.09571     3.18804
202     33     5     241.65     4.90793     3.53694
203     13     28     176.175     3.09015     4.8278
204     21     7     37.05     1.92972     2.71447
205     44     16     156.35     3.76212     2.86798
206     46     22     67.4     4.67582     3.34834
207     14     7     139.725     2.40931     2.99722
208     21     22     192.2     4.17144     4.99191
209     38     22     75.45     3.87075     3.45058
210     16     40     232.675     4.98975     4.73052
211     20     9     132.35     2.58577     3.80863
212     39     16     199.5     4.15542     4.8867
213     18     22     103.6     2.84384     4.10909
214     8     39     93.6     3.73724     3.53755
215     24     8     45.4     2.71886     4.26992
216     20     10     191.2     4.62647     2.84524
217     41     38     62.4     4.69269     3.82641
218     16     24     203.25     2.50438     2.69906
219     28     9     86.85     3.96561     4.47958
220     21     16     275.125     3.49637     4.67078
221     20     17     38.725     3.4546     2.95755
222     40     1     61.4     3.51325     3.78216
223     32     17     221.925     2.97832     4.18966
224     34     33     256.025     4.78135     3.08512
225     20     22     220.625     4.63095     4.79225
226     25     38     49.075     3.05853     3.55419
227     14     12     46.1     2.84181     4.36796
228     29     40     272.425     1.53941     4.29167
229     34     33     39.35     4.62433     4.61692
230     28     13     110.925     2.44627     3.04514
231     30     24     193.175     3.011     3.76049
232     31     3     140.675     4.30869     4.5378
233     22     23     209.25     1.67646     3.77781
234     10     26     154.45     4.93036     4.11039
235     26     1     111.6     3.24845     2.95434
236     8     7     152.45     3.04347     4.17714
237     19     29     243.7     3.30528     3.74332
238     21     3     285.825     2.1504     3.49277
239     26     5     98.225     4.06185     3.43966
240     26     25     135.675     2.55309     4.23261
241     17     40     97.25     2.24236     2.66617
242     45     35     288.425     2.56964     4.38543
243     47     9     119.225     3.64142     4.17257
244     14     14     115.65     1.93869     2.95816
245     32     38     197.85     4.87118     4.44639
246     19     18     53.775     3.91166     2.99409
247     35     1     142     1.79759     3.1373
248     12     3     44.1     2.03108     4.90219
249     19     34     233     3.66353     2.79328
250     40     18     189.8     4.09859     2.59995
251     47     19     212.85     3.89853     3.90934
252     15     37     122     2.32781     4.96902
253     33     3     105.225     2.11782     2.78863
254     37     34     293.8     1.68789     2.62162
255     26     36     186.5     3.80731     4.71702
256     14     8     214.625     4.93121     4.98215
257     29     21     170.775     4.69654     4.9485
258     44     15     145.65     3.31083     2.67808
259     32     24     200.525     1.81948     2.50465
260     34     27     60.75     4.48515     2.74659
261     38     5     80.8     3.26298     4.28594
262     37     20     277.75     3.10895     4.15098
263     16     29     93.575     1.60126     4.49507
264     21     9     162.775     2.61333     3.61126
265     15     8     76.525     2.01987     4.37384
266     41     1     265.7     4.17229     4.24696
267     19     31     241.025     3.62593     4.75173
268     40     8     259.35     4.85665     4.53154
269     47     27     164.7     3.94617     3.90706
270     25     8     204.225     4.97639     2.5605
271     42     21     84.8     2.11216     3.24129
272     44     29     188.45     3.60991     3.13158
273     24     19     155.075     4.23435     3.26495
274     39     16     129.95     3.32034     2.63649
275     16     33     270.125     2.96123     4.89662
276     10     21     266.8     3.06035     4.26717
277     20     38     185.85     4.72869     3.57402
278     42     37     264.025     3.76373     3.53229
279     19     19     147.4     3.1944     3.6784
280     34     5     239.975     2.12455     4.08803
281     18     23     100.925     3.862     3.27036
282     45     5     77.1     4.06452     3.88035
283     30     6     238.65     1.89062     4.13869
284     29     10     285.8     1.88624     4.10024
285     44     21     81.45     4.09378     4.66201
286     8     36     50.8     2.61632     3.45103
287     42     24     231.925     4.12412     2.98235
288     14     9     171.825     2.53343     2.72874
289     43     12     168.725     1.84704     2.99165
290     36     24     271.4     2.38614     4.7148
291     31     37     138     3.90141     3.13044
292     44     22     156.35     3.7963     4.38032
293     8     9     152.45     1.94659     2.99921
294     43     21     59.05     4.35153     4.40474
295     14     19     129.025     2.09934     2.78214
296     41     32     281.75     1.88421     3.5052
297     12     10     207.275     4.05586     2.98379
298     20     40     268.775     4.43837     2.57927
299     17     23     271.125     3.40248     4.4776
300     46     18     120.9     3.92395     3.66039
