1     44     26     434     4.11995     3.77583
2     35     32     732.5     4.04251     3.4405
3     18     35     318     4.14634     4.27732
4     33     17     303     1.52222     2.66755
5     42     15     762     4.20434     3.35986
6     44     38     119     1.96667     4.85969
7     31     37     646     3.65531     4.74578
8     10     5     632.5     3.78797     4.05408
9     42     9     87     1.90707     3.6198
10     36     12     306     3.92042     4.01746
11     21     40     21     2.9122     4.49103
12     16     4     23.5     1.66214     2.5132
13     40     5     460     4.35334     4.36613
14     22     1     239.5     4.70498     3.38191
15     20     24     147.5     3.01602     3.73623
16     19     36     424     2.35014     3.93353
17     18     2     580.5     2.35014     2.8753
18     16     16     736     3.9138     2.65252
19     45     18     615     4.71705     3.45172
20     44     24     366.5     2.31777     4.71603
21     43     27     658     2.32536     2.95198
22     46     8     773.5     2.86969     2.82273
23     25     11     730     1.85441     4.41725
24     36     16     486     1.72922     3.33697
25     44     21     246.5     2.26426     3.99174
26     39     20     69     1.56249     2.74247
27     40     24     182.5     2.79385     3.7846
28     21     14     493.5     4.88443     4.41061
29     21     7     651     2.64698     2.54334
30     45     26     480     2.58673     3.18041
31     13     39     470.5     2.86477     4.14037
32     39     1     691.5     3.15638     2.75101
33     23     20     180.5     3.38667     3.8715
34     33     39     325.5     4.57862     3.38687
35     23     19     630.5     2.29801     2.56783
36     42     14     64.5     3.42918     4.93522
37     20     33     425     4.26618     3.51917
38     12     32     499.5     2.65381     2.65603
39     25     35     767.5     3.16321     4.71038
40     34     24     551.5     4.03493     3.3652
41     29     36     531.5     1.87631     3.87028
42     46     18     278.5     2.84544     4.38871
43     10     11     280     2.80634     3.83297
44     21     39     538.5     2.19141     2.83082
45     33     2     145.5     4.05298     3.21169
46     33     2     138     1.54059     2.65419
47     29     16     494     4.78765     4.88533
48     30     21     255     4.93986     4.57213
49     44     23     299     2.31436     4.79667
50     37     21     457     3.41871     3.75378
51     33     23     775.5     1.81799     3.56426
52     36     25     711     1.58203     2.84181
53     44     10     209     3.79919     3.40617
54     12     23     499.5     4.38859     2.7823
55     40     29     767.5     4.19782     2.87614
56     26     32     183.5     2.61814     3.96771
57     37     29     547     3.70348     4.41252
58     23     39     735.5     2.52585     2.69135
59     12     24     409.5     1.75347     4.69947
60     40     37     310     1.68394     2.91551
61     45     8     780     3.21854     2.84097
62     47     16     317     2.0109     3.35116
63     44     19     411.5     2.77548     3.84716
64     40     31     722.5     3.98868     4.85092
65     47     6     227     2.96828     4.93294
66     12     32     364.5     3.06612     3.11357
67     18     29     708     2.95567     4.62935
68     33     19     40.5     2.25187     4.2024
69     28     12     500.5     3.4467     4.70771
70     24     20     684     2.39308     2.87446
71     47     10     564.5     3.3244     4.91562
72     22     37     367     1.64196     3.72372
73     44     9     651.5     1.95546     3.02576
74     36     33     748.5     4.11066     2.63588
75     28     39     500.5     3.68896     2.69768
76     47     10     362     2.71256     3.55625
77     8     24     443     3.54123     4.1509
78     9     12     729     2.69205     3.06917
79     34     17     566.5     3.06986     2.65183
80     29     32     89     1.84074     2.79138
81     18     14     730.5     3.93345     4.81254
82     31     2     766     4.40259     4.57678
83     42     29     387     3.63971     2.7015
84     34     19     761.5     2.16439     3.53366
85     18     33     85.5     3.98141     3.26846
86     40     8     347.5     3.23681     3.85533
87     13     9     320.5     4.15937     3.07955
88     21     32     66     3.51955     4.96231
89     10     38     40     3.09239     3.36734
90     28     26     613     2.35665     2.9577
91     36     32     381     3.91626     2.89102
92     17     29     309.5     2.87791     4.89463
93     10     34     497.5     3.16855     3.61118
94     13     15     523     4.02831     3.35597
95     32     9     399.5     3.16193     4.17547
96     30     39     427.5     1.78445     3.84785
97     12     17     342     2.04465     3.71769
98     28     2     403     3.05982     2.50351
99     26     16     521     3.54881     3.46942
100     45     17     480     3.29524     4.10207
101     24     33     429     4.42576     3.68313
102     18     25     753     4.73905     2.89758
103     35     10     642.5     1.56868     3.36917
104     16     34     526     1.91391     3.76255
105     40     14     595     4.82429     2.84425
106     39     1     279     4.27067     3.64208
107     27     4     739.5     2.98943     4.09307
108     14     39     284     1.53044     3.32217
109     20     38     185     1.99786     3.94147
110     37     15     419.5     4.71395     4.50957
111     13     27     95.5     2.29267     2.54372
112     34     28     124     1.85772     4.72419
113     14     14     171.5     2.88699     4.68078
114     45     32     217.5     3.41978     2.50427
115     41     13     566     4.11184     3.87135
116     28     22     193     2.36969     2.92428
117     21     10     343.5     2.05191     4.29655
118     16     25     586     2.96913     3.42441
119     31     13     736     2.66877     3.03529
120     13     2     215.5     2.73809     4.95361
121     37     16     247     3.11077     2.61391
122     14     7     359     4.60959     3.42433
123     26     10     663.5     3.21192     3.86708
124     39     22     84     3.27088     3.98068
125     29     13     329     1.67667     4.11161
126     9     30     46.5     1.69323     3.07772
127     41     24     221     4.95364     3.13288
128     17     7     534.5     1.84875     3.37458
129     38     13     720.5     3.29534     4.48386
130     17     5     159.5     4.6144     3.93941
131     47     28     414.5     1.50726     4.59593
132     38     40     563     4.8637     3.26685
133     34     14     34     2.88272     4.70336
134     17     39     347     2.74642     2.60834
135     19     27     664     2.32568     3.07894
136     14     9     59     3.15531     4.6144
137     25     36     767.5     2.66214     2.58347
138     16     10     143.5     3.38015     4.78996
139     23     26     465.5     1.63758     3.52672
140     34     28     296.5     3.94969     3.26159
141     13     38     163     2.10244     4.34126
142     15     3     585     4.16076     4.35827
143     13     6     365.5     3.38571     2.56874
144     20     24     605     3.29545     4.00319
145     14     23     239     1.85473     3.65917
146     25     15     77.5     4.02532     4.91928
147     28     5     545.5     4.16407     2.58156
148     28     1     770.5     4.00256     4.6466
149     14     28     486.5     4.19045     3.24824
150     37     19     629.5     3.64025     3.87249
151     14     19     441.5     4.15584     3.25106
152     10     13     602.5     2.07862     2.57424
153     13     3     613     2.93826     3.91026
154     21     12     246     2.33935     3.97404
155     36     36     531     4.07007     3.13547
156     17     40     279.5     4.66759     3.80657
157     12     17     409.5     4.92267     3.60019
158     9     39     459     2.06067     4.89914
159     31     7     556     2.08022     3.72745
160     26     16     138.5     2.48601     4.56404
161     21     34     433.5     2.40013     3.98907
162     44     40     786.5     4.28445     4.80415
163     8     16     728     4.76084     3.51672
164     44     33     59     1.76191     2.82975
165     32     28     99.5     4.99754     4.52612
166     36     6     763.5     3.46988     4.38948
167     24     37     264     3.0251     4.55275
168     10     32     340     3.67101     4.91218
169     47     12     707     1.64911     4.00128
170     29     28     561.5     4.99402     3.46217
171     16     25     676     4.06323     4.0067
172     36     27     688.5     4.77494     4.50728
173     27     30     222     3.03471     4.60807
174     14     8     726.5     4.58748     4.99809
175     33     26     48     3.77847     3.23481
176     35     30     200     4.45866     4.2613
177     11     32     431     3.51645     3.50558
178     33     24     520.5     2.77355     4.20438
179     28     14     703     4.72623     4.33996
180     16     14     398.5     1.86744     4.83329
181     11     7     363.5     2.57637     4.38147
182     47     31     414.5     1.80474     2.58232
183     10     1     437.5     2.54999     4.23475
184     36     17     576     3.34565     3.95726
185     9     39     189     1.75465     4.01395
186     41     27     63.5     2.60073     4.48965
187     36     16     291     3.92053     3.70396
188     33     3     220.5     1.87257     3.00508
189     16     14     511     1.58609     3.83465
190     23     40     263     1.68522     3.70296
191     42     8     334.5     2.47159     3.9668
192     23     2     413     2.00107     3.549
193     33     8     670.5     2.03856     3.99113
194     43     21     620.5     2.12455     4.98039
195     31     38     563.5     3.73894     3.23962
196     23     26     593     2.79481     3.92346
197     20     12     687.5     2.94969     4.90921
198     45     6     420     3.46422     3.1238
199     43     15     253     4.59677     3.29821
200     34     8     409     1.76554     3.2886
201     34     12     281.5     4.46486     3.8554
202     15     15     652.5     2.16652     4.54184
203     22     33     22     4.1959     3.54068
204     10     34     310     2.31094     3.19185
205     37     8     457     3.97447     3.99968
206     34     14     686.5     2.5486     3.81176
207     43     16     253     4.40088     2.54952
208     30     12     120     3.65178     4.13129
209     30     11     210     3.5517     3.47789
210     31     9     188.5     3.2194     2.74247
211     33     24     408     3.22773     4.6543
212     33     20     588     4.76949     4.61722
213     13     27     50.5     3.38977     4.45402
214     22     3     344.5     4.51752     4.43686
215     35     24     410     2.28124     3.99419
216     27     38     754.5     4.84394     2.7353
217     11     36     311     2.23948     4.68291
218     25     2     602.5     1.94819     4.85405
219     16     12     308.5     3.6928     3.58043
220     30     7     322.5     3.69077     2.70913
221     34     36     131.5     4.84693     4.07292
222     33     19     378     4.12177     4.37223
223     19     26     409     3.55736     4.35888
224     41     5     446     2.19846     3.96222
225     10     40     107.5     4.89051     3.74798
226     23     11     128     1.6897     4.3511
227     11     21     153.5     2.87129     4.27244
228     15     12     682.5     2.76693     2.68082
229     13     28     673     2.91903     2.61048
230     27     14     709.5     2.78391     3.69419
231     10     19     310     4.47009     4.82345
232     16     10     76     2.74375     3.37649
233     35     38     590     3.28872     3.9037
234     39     3     729     1.95268     2.91154
235     41     26     686     2.96529     2.63649
236     29     27     351.5     1.86232     2.94839
237     37     18     757     4.10115     4.27396
238     27     14     687     1.59891     3.18216
239     18     38     55.5     2.68244     3.52084
240     15     20     22.5     2.67966     4.74601
241     21     39     88.5     4.64025     2.83372
242     10     35     317.5     1.91754     2.91642
243     12     12     394.5     4.09848     4.03241
244     40     27     482.5     4.01303     2.63108
245     28     39     403     2.30998     2.72355
246     11     40     311     4.83305     4.31875
247     9     33     639     4.27921     3.03705
248     39     28     264     4.87823     2.54128
249     10     34     242.5     3.57253     2.67495
250     39     10     571.5     3.93677     4.94987
251     42     10     672     4.31681     3.27258
252     23     20     585.5     4.92662     4.05141
253     16     11     496     3.38453     3.57265
254     25     7     670     2.42459     4.28953
255     32     20     662     2.76714     2.91139
256     40     33     625     4.88314     4.43655
257     40     24     212.5     3.13555     2.51732
258     8     33     83     3.0345     2.79893
259     28     37     500.5     3.0878     4.62287
260     12     24     739.5     3.48302     2.73461
261     10     37     167.5     4.08524     4.38788
262     30     32     712.5     4.98398     3.48331
263     15     32     277.5     3.57498     4.63607
264     26     20     641     4.91028     3.80879
265     16     8     61     4.30079     3.40396
266     27     16     769.5     4.40718     3.45416
267     41     28     176     4.80122     4.30204
268     13     4     298     1.73392     4.90967
269     42     14     552     2.59453     4.68871
270     33     38     243     1.79299     2.99203
271     29     5     614     3.05287     4.15654
272     13     21     395.5     3.34704     4.73815
273     42     19     589.5     2.46165     3.33102
274     17     14     212     2.42256     4.60906
275     19     40     559     4.76811     2.98212
276     35     11     275     4.9028     2.50793
277     24     13     549     2.01698     3.44806
278     44     23     141.5     2.80602     4.61089
279     20     34     320     2.4734     4.37132
280     40     27     482.5     1.75294     4.50804
281     29     1     171.5     4.93345     4.74792
282     34     4     139     1.6207     4.66002
283     32     16     347     3.22196     3.28837
284     30     2     480     3.88496     3.16469
285     27     3     199.5     3.37877     4.09185
286     45     35     217.5     3.64869     3.33773
287     10     16     572.5     4.53076     2.63215
288     13     30     13     4.85954     3.60485
289     11     25     176     2.95332     4.55702
290     14     9     314     2.71352     2.70684
291     17     21     287     1.81799     4.79888
292     14     28     201.5     3.24781     2.71775
293     21     7     336     2.12786     4.49904
294     45     3     457.5     3.11867     4.87419
295     16     38     301     2.84095     3.24389
296     18     8     678     3.06954     3.2181
297     10     4     85     3.18052     4.11405
298     36     38     688.5     2.58449     3.55258
299     30     7     607.5     3.6332     4.045
300     42     31     327     3.73029     2.70829
