1     27     8     27     3.6333     3.89561
2     25     3     151.43     1.66887     2.70936
3     20     15     286.31     4.00812     2.94633
4     8     7     266.24     3.45033     4.44159
5     33     5     162.12     3.64313     3.72547
6     16     12     161.26     3.29182     3.17362
7     47     14     184.19     3.3715     3.36375
8     16     7     185.47     1.57659     2.78214
9     43     2     174.81     2.99284     2.76902
10     22     9     46.21     4.22367     4.34362
11     26     9     141.67     4.45888     4.80018
12     20     1     243.27     4.21673     3.21459
13     18     3     190.16     3.24621     2.7533
14     38     13     102.56     3.82183     3.92422
15     39     9     79.35     2.91743     4.16082
16     14     11     280.31     3.99113     2.87957
17     22     9     67.73     3.86851     4.90249
18     33     5     180.95     2.95482     3.88302
19     22     15     137.67     4.76469     3.62926
20     39     7     82.04     4.00021     3.96214
21     42     3     55.45     2.66364     4.00014
22     30     3     116.08     4.43901     4.5127
23     9     10     237.65     2.32568     4.73014
24     15     8     262.48     4.26106     2.7533
25     14     9     261.48     3.21224     4.95216
26     32     12     239.13     2.97661     3.49361
27     16     14     56.35     2.67069     4.89097
28     40     8     91.11     2.14527     3.71357
29     34     15     278.79     4.80848     4.34889
30     38     4     258.58     3.09325     4.95659
31     12     10     52.35     3.55255     4.0054
32     27     11     274.48     3.31681     3.53435
33     25     6     30.38     2.89799     4.52773
34     11     11     80.94     2.07498     3.54472
35     39     2     224.61     4.34394     3.49528
36     32     7     53.52     4.66866     2.70142
37     11     1     121.29     3.51549     2.63565
38     8     6     233.96     4.40664     3.47674
39     18     15     265.48     2.97543     2.87347
40     34     5     276.1     1.76084     4.5568
41     24     11     239.2     2.72164     4.69176
42     44     1     140.84     4.70808     2.6088
43     45     13     160.67     3.37289     3.80589
44     24     10     96.63     3.25828     4.36148
45     11     13     37.9     4.54144     4.64965
46     26     2     203.54     2.17283     3.99731
47     41     3     108.25     1.89425     4.1744
48     35     10     180.26     3.36755     3.35788
49     19     9     185.78     3.90077     3.45996
50     25     6     92.25     4.50534     4.96132
51     16     4     139.74     1.76821     4.63912
52     13     13     61.42     3.27483     2.83235
53     42     1     98.49     4.56484     3.13311
54     28     4     38.76     3.85783     3.64513
55     42     4     87.73     3.03055     2.70112
56     39     12     291.86     4.5831     3.17789
57     10     7     50.35     2.07488     3.30126
58     20     4     22.69     1.76843     3.08084
59     33     2     167.5     2.96251     4.26473
60     10     7     155.26     2.75005     2.9561
61     26     3     214.3     1.68618     2.78146
62     32     6     50.83     2.59891     2.75056
63     45     2     133.77     3.52777     2.69997
64     15     1     189.85     1.52532     2.96037
65     12     8     213.75     4.80549     3.63773
66     19     12     271.86     3.47116     2.64916
67     32     11     268.72     4.81008     2.90536
68     46     4     137.46     2.88816     2.77779
69     18     5     34.14     2.4279     2.74339
70     21     15     182.4     1.70562     4.84687
71     10     5     106.84     1.95097     2.87027
72     9     9     49.35     3.98451     4.85199
73     11     13     54.04     3.57562     3.34429
74     39     1     87.42     2.2586     2.55127
75     12     5     106.15     3.08716     2.73713
76     16     3     21.38     4.56494     3.54549
77     9     1     275.31     4.23414     4.12053
78     18     7     122.91     4.15937     4.17051
79     24     7     77.8     1.78765     3.86448
80     45     3     176.81     3.92203     4.2024
81     21     8     133.98     1.79054     3.24931
82     23     11     98.32     4.44819     4.87518
83     30     11     51.52     1.99199     2.88896
84     33     8     218.61     4.82803     4.71061
85     40     15     163.74     2.47095     4.96765
86     16     5     50.97     2.11322     3.16103
87     8     2     69.87     4.44691     3.28814
88     37     1     66.59     3.4718     4.56442
89     35     9     239.44     4.2775     3.63414
90     13     6     128.67     2.02895     4.9118
91     39     12     205.78     3.64441     4.44304
92     17     11     17     3.89714     3.92735
93     31     12     200.47     4.4264     2.79252
94     47     11     173.43     4.89254     4.96124
95     18     4     93.32     2.25935     3.20009
96     47     1     297.17     4.43944     2.6941
97     21     6     249.65     3.28509     4.23338
98     47     13     203.02     4.16193     3.65558
99     21     13     252.34     4.58641     2.93451
100     32     10     153.05     1.66364     4.55351
101     21     1     152.81     4.81019     4.55657
102     15     8     93.01     3.9938     3.4167
103     46     9     140.15     2.978     2.612
104     28     14     149.05     4.80207     3.5506
105     10     13     244.03     2.98419     4.23444
106     14     1     172.71     2.18009     2.80389
107     32     3     96.56     2.78156     3.35192
108     14     13     261.48     4.69109     3.14951
109     12     8     95.39     3.25401     4.17371
110     23     7     119.84     4.5862     3.07665
111     20     2     245.96     1.7774     4.98909
112     44     1     186.57     2.20914     2.79595
113     36     13     151.67     1.96753     4.77828
114     10     13     85.32     4.58812     4.7573
115     18     11     276.24     4.61579     2.63672
116     26     2     190.09     1.71448     4.47943
117     42     6     224.92     4.31169     2.51129
118     17     7     156.88     4.51025     4.19309
119     11     8     239.65     2.25433     3.24908
120     39     9     195.02     4.48195     4.29579
121     17     13     143.43     3.74963     3.95856
122     43     14     172.12     2.06259     2.61925
123     33     4     145.98     3.89618     4.68368
124     29     1     233.44     2.141     4.00998
125     8     11     201.68     3.45845     4.8899
126     27     3     172.26     4.77868     2.72111
127     29     14     29     2.42694     4.76356
128     29     2     217.3     1.61333     2.61834
129     26     12     42.14     2.76672     4.32249
130     17     14     121.91     2.45215     2.69669
131     31     4     122.46     2.85249     2.84036
132     47     1     90.04     4.54988     2.91124
133     38     5     145.6     4.59186     3.58295
134     22     10     94.63     2.57562     2.81922
135     32     7     209.54     1.73585     3.85662
136     45     11     71.9     4.26843     3.03537
137     15     11     36.52     1.87727     2.87004
138     43     10     69.9     2.77718     4.4995
139     10     1     66.49     1.63565     4.90791
140     40     9     85.73     3.69152     3.05643
141     44     13     253.82     2.53076     2.81709
142     33     2     129.84     1.75785     4.34873
143     13     13     190.54     4.54305     4.30578
144     16     8     231.2     1.7837     4.02158
145     23     6     127.91     1.86135     3.55449
146     34     6     292.24     3.22976     3.24061
147     35     3     266.34     1.81906     3.14013
148     24     2     247.27     4.489     4.52185
149     10     2     39.59     4.01677     3.77224
150     38     9     48.76     2.35324     2.87416
151     44     10     253.82     2.63256     4.34172
152     15     11     20.38     4.16813     4.75478
153     28     2     165.19     4.92106     4.78233
154     22     11     118.84     3.67421     4.83619
155     41     15     283.1     2.89756     4.24444
156     38     5     124.08     4.53674     3.08679
157     47     13     141.15     3.21235     4.58136
158     11     5     35.21     4.06206     4.66338
159     44     11     165.05     3.21043     4.14808
160     47     13     52.38     3.60211     2.61589
161     36     10     151.67     4.18009     4.4129
162     31     10     95.56     3.64655     3.40541
163     46     15     274.65     2.28797     4.38086
164     27     9     255.65     4.60137     2.73392
165     28     5     275.48     2.70263     2.83029
166     10     13     63.8     2.75604     4.18714
167     39     2     39     4.40451     3.36169
168     19     11     64.73     2.43805     3.18918
169     8     11     34.9     4.68447     4.7589
170     13     13     257.79     2.35452     3.77087
171     16     10     64.42     2.3292     4.16295
172     15     1     181.78     1.62091     3.1489
173     17     13     49.28     2.99423     3.05841
174     17     1     232.2     4.47917     4.11931
175     35     3     48.45     2.26426     3.57257
176     18     6     200.92     2.70038     2.76177
177     40     3     101.87     2.40162     2.58599
178     15     11     219.44     2.17795     3.95787
179     40     14     144.91     3.28178     3.65711
180     26     11     168.57     2.70615     4.72053
181     46     3     51.38     2.5157     4.2581
182     33     6     145.98     4.44713     2.83708
183     9     9     27.83     4.76148     3.32377
184     19     3     183.09     2.58513     3.32408
185     12     5     100.77     1.72132     4.11321
186     38     15     118.7     1.66845     2.69517
187     46     5     193.95     3.32814     4.88319
188     12     11     246.03     4.13875     3.54068
189     43     2     293.17     4.61771     4.87465
190     41     11     159.36     4.54743     4.42061
191     33     3     258.96     3.78936     3.11151
192     39     3     262.27     3.46037     2.56958
193     43     7     258.2     4.95492     2.51236
194     18     1     238.58     2.54967     4.4145
195     18     13     109.46     2.07274     4.31371
196     21     2     82.87     1.87278     3.90439
197     47     2     92.73     3.57231     2.80648
198     11     3     250.41     2.83946     3.65322
199     18     3     214.37     3.16343     2.88514
200     14     4     156.57     2.86595     3.89485
201     39     7     173.5     1.8354     2.9088
202     19     11     201.92     2.71673     4.25077
203     27     9     166.88     4.04187     2.87477
204     12     2     122.29     2.03418     3.30981
205     27     6     48.52     2.07381     2.90559
206     29     3     198.47     4.0548     3.5213
207     30     6     140.29     4.62081     4.54726
208     24     15     96.63     1.51378     3.89966
209     46     10     161.67     4.51827     4.8806
210     17     7     259.1     3.23724     3.04193
211     11     9     70.18     4.68351     3.44539
212     26     11     187.4     3.42064     4.95842
213     15     14     214.06     4.23841     4.47668
214     32     4     209.54     2.09635     2.71455
215     11     2     191.23     4.32055     4.45318
216     36     5     299.62     3.28755     4.88678
217     9     13     76.25     2.08032     4.95911
218     35     9     298.62     4.85003     4.82917
219     40     13     298.24     4.36766     3.35765
220     15     3     254.41     4.50182     2.7543
221     27     7     183.02     1.60393     3.77758
222     28     6     162.5     4.53941     3.12563
223     26     10     208.92     3.34341     3.41174
224     28     5     68.35     4.74268     4.86229
225     40     2     104.56     2.52062     4.12893
226     11     2     54.04     4.46625     4.35675
227     11     7     250.41     4.88635     4.39688
228     19     8     196.54     3.41903     3.80535
229     47     1     313.31     4.63042     4.01944
230     17     3     148.81     4.63074     4.85038
231     27     6     236.82     4.19248     4.18493
232     46     8     304.24     2.1066     2.5351
233     18     3     18     4.75988     2.82754
234     39     12     240.75     2.16866     4.57205
235     44     1     232.3     2.45322     2.80137
236     37     8     227.99     4.98579     3.42204
237     42     15     168.43     4.19942     2.86637
238     46     9     62.14     2.28925     3.68763
239     22     2     30.07     3.79235     3.98747
240     43     9     201.71     1.77868     4.8178
241     9     2     175.78     2.14068     3.44592
242     8     3     166.71     4.71235     4.12557
243     10     12     222.51     1.7038     4.26283
244     23     6     176.33     3.18714     2.61811
245     30     11     288.24     3.11451     4.93583
246     45     5     214.47     4.10575     3.63956
247     34     4     168.5     3.98943     4.48767
248     43     13     207.09     2.83006     4.32546
249     27     10     142.67     3.42769     2.82769
250     22     11     239.89     4.52361     4.87098
251     47     3     178.81     1.69579     3.92575
252     47     5     278.34     2.18041     3.11068
253     25     5     232.13     2.10115     4.29807
254     12     5     216.44     2.34266     4.41137
255     17     11     41.21     4.55234     4.30662
256     29     2     93.56     4.00374     4.37666
257     9     15     194.61     4.8072     4.77012
258     8     13     209.75     4.20103     4.36499
259     17     7     194.54     2.90846     3.88798
260     30     14     250.58     2.2946     4.81971
261     44     8     100.49     3.30677     4.47676
262     28     13     108.7     2.93452     3.91133
263     9     5     205.37     3.17133     4.0186
264     19     7     279.93     3.7147     3.99289
265     43     14     277.03     3.88752     2.52297
266     16     9     166.64     2.51495     3.36749
267     41     11     215.85     3.743     3.2004
268     36     2     210.85     3.53034     3.36825
269     15     8     136.05     3.30058     3.44852
270     21     13     163.57     4.48761     3.25091
271     43     8     274.34     2.45845     3.65123
272     35     6     53.83     3.54967     2.89903
273     24     7     212.3     3.19878     3.78986
274     20     7     79.18     4.90793     3.34155
275     39     3     143.91     4.02264     2.86714
276     9     8     261.86     2.06046     2.58271
277     33     2     218.61     3.5736     3.64322
278     14     10     137.74     1.77996     4.24474
279     38     5     72.97     2.94798     2.68502
280     46     10     255.82     4.76746     4.02295
281     34     10     278.79     3.19301     3.22695
282     29     5     284.55     2.4937     3.95337
283     10     9     176.78     4.99231     3.34521
284     28     15     270.1     4.22965     4.49255
285     28     15     124.84     3.53888     4.44388
286     25     10     189.09     3.26202     4.41053
287     28     15     154.43     3.09571     2.55371
288     12     6     133.05     4.79844     3.49551
289     47     15     114.25     2.24418     4.94385
290     43     6     72.59     3.55864     3.07199
291     20     8     197.54     2.31874     4.54497
292     38     3     142.91     2.05426     4.33019
293     38     1     148.29     4.03108     4.68635
294     44     12     291.48     3.05544     4.46898
295     43     3     250.13     2.77953     4.14418
296     12     10     173.4     4.24503     3.15096
297     40     15     290.17     3.64794     2.50298
298     37     10     123.08     2.06024     4.27
299     19     11     123.91     3.59101     3.3298
300     15     10     200.61     4.72271     3.03133
