1     40     1     228.94     2.16076     2.59445
2     25     10     314.44     1.59293     4.21964
3     45     2     310.32     1.86157     4.93515
4     34     4     431.98     4.41807     2.57965
5     9     14     49.2     4.4012     4.39718
6     21     15     105.42     3.77024     4.20835
7     23     12     284.3     2.26757     4.5877
8     8     1     273.32     2.19782     4.43617
9     16     15     325.54     1.75604     3.58905
10     39     13     103.32     2.39105     4.85168
11     27     2     31.02     4.93602     2.60155
12     18     5     166.74     2.49316     3.34964
13     32     10     92.3     4.30517     4.89883
14     34     4     58.12     4.09827     4.49286
15     44     1     64.1     4.13149     2.59476
16     24     13     36.06     4.93677     2.68548
17     16     10     325.54     1.98248     3.72425
18     46     1     190.72     4.24856     3.15981
19     33     5     310.38     3.94211     4.63538
20     19     12     23.02     3.34373     3.27479
21     34     8     251.08     3.51453     2.6944
22     27     6     219.96     4.85025     4.12748
23     13     5     53.2     4.71662     4.3041
24     45     11     434.94     3.64965     4.97696
25     46     11     66.1     1.85665     3.2326
26     20     3     192.86     4.50032     2.98028
27     17     13     302.42     3.50182     4.2571
28     23     12     215.96     3.34747     3.24198
29     22     1     66.22     2.6317     4.61829
30     16     14     233.08     2.32205     4.17478
31     12     8     188.88     4.98067     3.28799
32     17     5     57.2     2.42544     3.17362
33     43     15     372.64     3.56676     3.04979
34     10     4     182.86     1.90291     2.60208
35     9     7     390.9     4.40899     2.89079
36     36     10     72.18     3.80421     3.59119
37     14     1     243.14     1.931     3.20734
38     9     7     366.78     4.73147     2.65046
39     39     15     396.78     2.05351     3.82214
40     18     8     94.38     3.27473     3.59233
41     31     12     79.24     1.97308     4.81468
42     16     6     397.9     3.63512     4.76775
43     9     5     97.44     3.62935     2.66366
44     35     13     420.92     3.93538     4.1155
45     32     8     265.16     4.85879     4.20217
46     38     15     46.04     4.2179     4.52353
47     24     15     225     3.23702     3.38496
48     33     14     430.98     2.62989     4.50255
49     26     7     287.3     2.10788     3.36909
50     37     10     157.6     4.29737     4.17241
51     19     8     119.5     4.80047     3.90576
52     20     8     257.18     4.38453     4.0611
53     45     14     229.92     4.03279     4.04614
54     39     9     159.6     4.84266     4.2159
55     45     6     246     1.50427     2.65839
56     13     14     294.4     1.84544     3.62712
57     27     5     195.84     1.67496     4.2581
58     11     9     115.52     3.41188     4.9649
59     14     7     82.34     4.23168     2.65046
60     46     2     419.86     3.71683     4.62737
61     13     13     93.4     2.243     4.88601
62     11     5     91.4     1.58908     3.10259
63     39     9     244.02     3.50107     3.02728
64     24     3     417.96     3.69761     3.14196
65     36     13     164.64     1.5502     3.72982
66     8     5     385.88     1.92288     3.24671
67     33     5     133.5     4.90451     3.13425
68     35     10     171.68     1.91946     3.9668
69     8     9     405.98     1.9514     4.57129
70     35     6     432.98     4.86264     4.51201
71     21     5     177.78     1.54433     4.07956
72     8     2     301.46     1.88432     4.67605
73     11     4     236.12     2.28135     3.73569
74     29     14     45.08     2.19654     4.57282
75     29     13     181.76     2.47191     2.79656
76     33     12     306.36     3.90162     4.6849
77     21     13     398.88     1.7915     4.15502
78     39     13     91.26     1.98985     3.72539
79     9     3     298.44     1.62348     3.60645
80     46     15     166.6     2.02574     4.31158
81     41     9     390.74     4.08812     4.42999
82     42     9     315.36     4.52094     3.95093
83     26     5     58.16     2.75913     4.78034
84     41     7     145.52     1.99413     3.84037
85     30     1     339.54     3.5689     2.893
86     47     13     131.42     2.71993     2.97739
87     25     13     121.48     2.39938     2.60216
88     18     9     206.94     4.16385     2.58377
89     21     9     386.82     3.36178     4.17035
90     39     15     127.44     3.60575     3.34231
91     40     8     236.98     4.26319     2.93115
92     35     13     324.44     3.9499     2.94519
93     25     4     193.84     1.76095     3.24458
94     26     8     287.3     4.22356     3.9555
95     46     1     150.52     2.20487     2.76414
96     44     6     84.2     2.76212     4.48119
97     9     12     398.94     3.16578     4.51743
98     19     3     35.08     2.58257     4.16112
99     38     4     315.38     1.65253     4.29815
100     39     15     147.54     4.94349     2.96419
101     39     7     219.9     4.51709     3.37184
102     10     2     94.42     1.59336     2.80053
103     8     6     389.9     2.54486     3.99289
104     20     9     233.06     4.20647     4.44517
105     19     10     151.66     2.73531     2.73484
106     16     13     104.44     2.50523     4.77462
107     22     14     251.14     3.26843     4.13327
108     28     9     120.46     1.57146     4.31562
109     8     6     333.62     2.15819     4.64011
110     29     4     390.8     1.84394     2.60628
111     31     1     328.48     4.59581     4.39199
112     9     10     57.24     2.3041     3.87043
113     29     10     93.32     4.47768     4.28983
114     28     12     257.14     2.34907     3.00317
115     38     3     210.86     3.12294     3.39175
116     36     4     196.8     2.35238     4.37048
117     35     8     83.24     2.17763     4.11794
118     12     2     60.24     2.91166     3.4199
119     27     14     240.06     2.20637     2.76818
120     20     15     301.4     2.78455     3.60477
121     45     2     161.58     3.47169     2.85218
122     8     3     249.2     2.51143     3.62056
123     47     1     340.46     1.90077     3.73196
124     21     9     390.84     3.22645     4.95331
125     34     15     222.94     4.74023     4.57694
126     15     15     324.54     4.15477     4.74143
127     35     1     412.88     2.89682     3.63147
128     37     8     149.56     2.29897     3.94917
129     44     11     124.4     4.96817     2.79519
130     19     3     348.64     4.81169     3.35322
131     8     12     16.04     3.45824     2.51526
132     16     12     100.42     1.55586     4.84146
133     43     6     119.38     2.68255     4.49179
134     38     1     311.36     2.85345     3.02393
135     32     11     88.28     3.35954     4.69481
136     28     2     208.9     2.42064     4.65751
137     25     13     306.4     3.38987     4.19515
138     23     9     127.52     1.9906     3.38107
139     43     14     103.3     4.32344     2.80641
140     20     8     52.16     3.12465     4.76554
141     23     14     268.22     2.51346     3.04033
142     32     2     281.24     4.70989     4.17409
143     18     12     295.38     3.45856     4.37437
144     25     3     410.92     2.64441     4.93698
145     14     9     126.56     3.33145     2.83135
146     42     2     303.3     2.21149     4.33714
147     23     10     232.04     4.19654     3.37291
148     27     1     408.9     4.63897     4.90928
149     14     10     170.78     3.41359     2.60361
150     14     13     158.72     2.84758     3.55121
151     9     15     262.26     2.72987     4.2893
152     28     4     52.12     3.8872     3.4479
153     41     5     314.36     2.05939     2.68647
154     29     2     125.48     4.55896     3.80726
155     43     9     412.84     2.44937     3.68564
156     35     9     207.86     4.22623     4.90951
157     8     14     92.42     4.23521     3.76576
158     33     9     238.02     2.31265     3.46797
159     45     9     274.14     3.88154     4.26206
160     12     12     289.38     4.98782     3.30363
161     35     6     203.84     3.51196     3.44615
162     8     13     229.1     2.53974     3.83076
163     32     15     273.2     1.62593     3.91865
164     22     3     146.62     4.93645     3.85617
165     44     3     321.38     3.50267     2.81388
166     14     10     235.1     2.57263     3.1901
167     13     7     266.26     2.2931     4.81826
168     26     4     307.4     2.70669     4.57083
169     12     15     140.64     4.29951     2.99921
170     11     1     332.6     1.58257     3.39999
171     46     7     355.54     3.94179     4.94888
172     34     5     255.1     4.24097     2.79237
173     27     4     424.98     2.91198     4.23856
174     40     13     413.86     4.5172     3.93651
175     34     12     98.32     3.51634     4.68635
176     46     3     174.64     2.22645     4.26893
177     44     9     313.34     4.20412     4.93751
178     14     1     355.7     1.53771     3.46034
179     20     13     233.06     4.28455     3.35658
180     47     2     420.86     4.53343     4.71442
181     46     5     439.96     3.83155     3.23298
182     46     6     431.92     3.45738     3.87913
183     44     3     305.3     2.27473     3.29821
184     40     8     148.54     3.15157     3.87089
185     26     8     395.84     2.67966     3.55602
186     40     5     140.5     3.67774     4.41031
187     44     11     441.98     4.21363     3.92506
188     15     13     15     2.62882     4.57152
189     42     11     62.1     3.8009     3.19391
190     47     5     288.2     3.1269     3.14318
191     27     11     288.3     3.46368     3.28875
192     47     6     376.64     3.00812     4.30258
193     15     7     63.24     2.35206     3.85311
194     43     8     219.88     3.69665     3.60164
195     20     7     196.88     4.96048     4.64087
196     9     7     218.04     3.76469     4.26618
197     10     1     391.9     3.53204     3.22115
198     36     5     349.56     1.68052     3.8068
199     31     7     119.44     4.6504     2.99585
200     44     11     369.62     4.24429     3.44287
201     36     1     261.12     2.01901     4.02989
202     29     10     185.78     2.21064     2.83914
203     13     10     25.06     3.92811     4.19347
204     44     15     92.24     4.09998     2.65404
205     13     3     330.58     3.40857     3.11739
206     29     6     262.16     2.19558     4.90143
207     8     3     213.02     3.07402     3.96084
208     24     11     293.34     3.73008     3.62415
209     31     8     356.62     3.65029     2.99089
210     23     1     284.3     4.75774     3.38076
211     23     4     396.86     1.69163     4.47562
212     33     1     402.84     4.71555     3.04376
213     42     13     363.6     3.48601     3.38878
214     42     12     78.18     2.1708     4.91157
215     45     7     77.16     2.64559     3.42784
216     41     7     45.02     3.25732     4.1316
217     8     13     345.68     1.8871     2.84356
218     8     1     393.92     4.29759     3.43753
219     26     14     367.7     1.99818     3.08306
220     40     11     100.3     4.61418     3.1972
221     42     13     275.16     3.49188     2.7443
222     27     15     348.6     4.02702     4.27473
223     15     15     183.84     3.44798     4.34431
224     47     6     227.9     2.53974     3.70357
225     33     14     338.52     1.54294     3.89874
226     34     3     279.22     2.21203     3.17362
227     45     1     354.54     4.7665     3.31477
228     41     9     306.32     4.22057     2.82937
229     45     6     237.96     2.82525     3.09618
230     15     15     300.42     4.60692     2.88179
231     38     13     375.68     1.73585     2.86065
232     12     11     124.56     2.71299     3.03163
233     32     11     208.88     3.60308     4.67009
234     43     5     103.3     4.80464     4.70641
235     42     6     230.94     2.58705     4.17295
236     11     13     39.14     1.88133     3.60828
237     27     15     43.08     4.05768     4.55992
238     47     9     199.76     2.17486     2.57653
239     10     8     98.44     3.93612     3.33064
240     14     10     210.98     2.83465     4.76051
241     23     10     364.7     1.72452     4.37445
242     44     6     220.88     2.3009     4.60624
243     23     13     332.54     1.7226     2.86271
244     23     7     276.26     4.36488     4.15525
245     20     13     417.98     2.43175     2.95381
246     35     12     143.54     3.41743     4.65613
247     18     13     251.16     2.14698     3.31095
248     15     10     127.56     3.384     3.48781
249     12     11     293.4     3.23649     2.93199
250     13     5     402.94     3.84811     3.89668
251     13     4     278.32     4.60778     4.7924
252     46     12     158.56     2.36157     2.54448
253     23     14     143.6     3.36274     4.79965
254     11     9     384.86     2.44285     4.87045
255     16     14     120.52     2.13907     3.56151
256     37     1     69.16     2.76234     3.26464
257     23     14     368.72     4.6395     3.46591
258     46     11     66.1     2.51549     3.05445
259     36     7     224.94     2.84854     3.57334
260     21     13     21     1.98344     3.80352
261     45     7     49.02     4.9373     4.822
262     47     14     207.8     1.78114     3.42288
263     26     4     90.32     2.35441     3.04529
264     17     14     133.58     4.29267     2.59484
265     10     12     154.72     2.10639     4.80247
266     22     6     335.56     3.29417     4.50942
267     35     5     127.46     1.72335     3.52023
268     39     7     248.04     3.76479     4.91302
269     46     7     174.64     4.91412     3.44874
270     14     14     367.76     1.88464     4.96986
271     33     3     266.16     4.4075     3.9285
272     10     7     371.8     2.22004     4.43571
273     36     4     180.72     1.98184     3.97099
274     39     8     115.38     2.09699     2.64443
275     20     12     48.14     2.68212     4.65079
276     35     2     268.16     2.66129     4.80659
277     18     11     102.42     4.22367     4.31097
278     17     6     197.9     4.627     3.62072
279     45     15     262.08     2.58385     4.0804
280     26     14     58.16     2.71149     3.69747
281     12     7     172.8     3.28242     3.70411
282     31     1     59.14     3.25903     3.79559
283     13     4     246.16     3.34693     2.68578
284     24     4     116.46     2.05095     4.37109
285     41     12     246.02     3.46838     4.24268
286     9     15     258.24     2.80399     2.93817
287     21     9     145.62     4.84181     4.57328
288     47     8     376.64     2.85548     4.74349
289     43     5     316.36     4.69622     4.93751
290     31     7     308.38     2.03674     3.7521
291     23     10     179.78     4.51164     4.0492
292     23     6     284.3     3.23339     3.9465
293     26     7     355.64     2.92256     3.28112
294     19     4     151.66     4.63341     3.43799
295     43     1     179.68     4.81083     4.68276
296     26     14     295.34     4.66289     3.89035
297     41     9     81.2     4.58364     4.30998
298     15     6     372.78     2.10884     2.75613
299     34     6     202.84     3.14164     3.3681
300     32     1     60.14     1.93004     3.32591
