1     32     10     113.427     3.87417     4.53436
2     31     8     115.053     3.47447     3.23595
3     40     12     168.707     3.93591     3.74027
4     39     11     288.533     3.62433     4.18844
5     38     5     266.52     1.63523     4.85061
6     31     6     99.2934     1.9906     4.44304
7     25     2     64.4     1.9028     3.09114
8     32     10     66.1467     1.83679     3.57875
9     46     6     203.6     3.35804     3.77354
10     30     12     177.093     4.49744     4.37063
11     35     4     232     4.12038     4.84375
12     28     7     198.733     4.03226     4.24497
13     34     14     228.373     2.80656     4.74395
14     13     12     259.907     1.56804     4.5468
15     44     9     251.507     1.71715     3.0858
16     12     5     59.28     4.32835     2.61994
17     12     12     98.68     1.70872     4.13739
18     30     5     276.907     2.34928     4.19988
19     31     2     31     2.75475     3.1212
20     19     3     124.067     3.38496     3.6182
21     35     12     61.2667     3.19376     2.82632
22     32     4     255.267     3.4984     4.32081
23     21     13     94.5467     4.6646     3.03186
24     16     10     86.92     1.84127     4.69779
25     41     11     72.52     1.72965     2.74316
26     22     3     161.213     3.62081     4.22582
27     14     5     253.027     1.68575     2.74071
28     28     14     288.04     4.25368     4.92347
29     23     7     104.427     4.56131     3.44188
30     24     11     118.56     3.70808     3.11869
31     11     7     92.4267     2.8025     3.07398
32     10     9     36.2667     2.03279     4.02898
33     46     4     235.12     4.14666     3.66138
34     23     15     230.507     4.07456     4.15365
35     46     4     101.16     4.1818     4.82368
36     17     7     48.52     1.88144     3.97931
37     47     6     128.427     3.09549     2.88743
38     37     9     105.293     4.79566     3.49727
39     47     9     112.667     3.61034     2.80992
40     43     4     87.6534     1.73179     3.03362
41     19     5     66.28     4.1066     2.91551
42     25     6     243.013     2.64484     4.39169
43     24     11     131.693     4.43303     4.94423
44     16     2     68.5334     1.68319     4.80735
45     43     14     176.96     3.40483     4.41313
46     14     14     226.76     2.0314     3.71639
47     42     13     68.2667     1.98932     3.7907
48     19     14     76.7867     4.43933     4.83497
49     32     5     50.3867     1.67891     3.48231
50     28     13     151.453     4.93815     3.55136
51     44     4     233.12     1.55159     3.12975
52     43     4     169.08     1.74567     4.63225
53     26     2     131.067     4.51933     3.22222
54     36     4     38.6267     4.35794     2.73911
55     41     8     282.653     4.76255     4.52017
56     17     3     261.28     2.82771     3.25915
57     36     5     36     1.85473     2.79153
58     32     11     236.88     2.23243     3.44729
59     42     3     204.853     3.07189     3.86113
60     40     5     152.947     3.3276     3.88188
61     30     15     140.32     3.39094     3.97114
62     31     14     259.52     2.88902     2.73148
63     31     4     112.427     2.67496     2.95549
64     15     9     133.2     3.24204     2.8357
65     33     12     206.36     4.047     2.72622
66     44     6     83.4     2.9781     4.09726
67     34     8     115.427     3.94958     3.57189
68     16     10     231.387     3.85954     3.68725
69     45     1     97.5334     1.89361     3.2693
70     47     10     212.48     2.41081     4.06285
71     19     3     152.96     1.89361     4.00716
72     43     11     106.04     4.69846     3.79719
73     21     12     183.853     2.09047     4.62233
74     9     12     166.6     4.79695     3.72188
75     27     3     192.48     4.06259     3.1489
76     42     12     110.293     3.94382     3.38244
77     24     5     273.533     3.32333     4.6794
78     12     14     272.04     3.88133     2.80557
79     12     9     38.2667     3.00705     4.53833
80     46     7     250.88     2.38539     4.57923
81     25     5     30.2533     1.74194     4.26908
82     47     13     173.08     4.9827     3.74531
83     30     11     224.373     4.71053     2.93214
84     32     15     108.173     3.85484     3.0047
85     23     13     175.347     1.89746     3.71708
86     45     12     81.7733     4.43014     3.23511
87     27     3     273.907     4.52606     3.36566
88     16     9     147.333     1.66311     4.32058
89     37     7     176.213     3.17998     4.4087
90     38     15     242.88     4.00117     3.79444
91     27     1     271.28     1.61483     2.7147
92     24     12     144.827     3.53856     3.29447
93     34     10     55.0133     3.75582     2.85127
94     11     5     184.36     4.359     2.83021
95     40     11     189.72     2.88304     3.75874
96     9     7     82.5467     4.06377     2.86317
97     24     4     284.04     4.50513     4.73678
98     46     12     130.053     1.98985     4.19965
99     18     11     162.467     2.41914     4.24284
100     11     2     179.107     2.61333     3.19506
101     32     6     100.293     2.45952     4.00403
102     38     2     242.88     3.64121     4.77256
103     43     1     45.6267     2.93228     3.44043
104     8     6     186.613     3.79128     3.2522
105     36     12     201.48     1.73948     4.40168
106     30     8     282.16     2.25828     3.49406
107     11     5     24.1333     2.18874     3.71578
108     25     2     224.627     3.86883     4.85321
109     19     2     84.6667     3.49199     3.55037
110     38     12     166.707     1.92235     2.94702
111     19     13     124.067     3.95022     4.58663
112     31     13     204.36     1.72143     4.23566
113     31     10     283.16     2.82749     4.50529
114     15     5     230.387     4.28787     3.41433
115     13     4     157.467     4.41081     4.28617
116     10     1     178.107     2.76693     3.61858
117     33     14     88.16     3.25828     4.81872
118     35     7     247.76     2.01965     4.44174
119     42     7     241.627     3.1348     3.82618
120     28     1     49.0133     1.90205     2.7649
121     42     15     94.5334     3.13523     3.10228
122     34     3     118.053     3.73157     3.89996
123     33     11     235.253     3.49434     3.55937
124     37     2     37     4.94136     3.04399
125     27     6     250.267     3.08556     3.09015
126     36     4     130.56     2.92235     4.54764
127     14     3     140.08     2.60617     4.74151
128     8     8     8     4.55287     3.99434
129     45     14     171.08     2.95044     2.70066
130     36     9     290.787     2.91455     3.09359
131     31     10     246.387     2.27013     3.59424
132     20     4     251.147     1.69739     4.88563
133     17     4     82.6667     2.2226     3.09938
134     27     7     287.04     3.29128     4.25916
135     32     6     226.373     2.40611     2.86767
136     27     2     221.373     2.56505     3.78155
137     24     9     239.387     3.98334     2.76147
138     40     2     58.3867     3.8339     4.84107
139     15     4     225.133     4.99135     3.40266
140     29     8     92.04     1.51271     4.10237
141     26     10     283.413     4.84031     4.03409
142     14     1     71.7867     4.95941     2.7736
143     47     13     275.52     3.9984     3.19323
144     28     4     253.893     2.50214     3.68709
145     18     10     86.2934     2.3652     4.69894
146     45     13     47.6267     4.65819     3.69137
147     17     1     32.76     3.33241     3.94948
148     25     6     95.92     2.03664     3.85647
149     24     3     268.28     2.53119     4.53482
150     30     6     221.747     2.43142     4.99161
151     37     7     126.307     3.26864     2.65961
152     29     7     113.053     3.59944     3.47491
153     28     13     127.813     2.64997     4.38025
154     18     11     83.6667     3.22837     4.89662
155     13     11     128.573     4.38987     3.15287
156     24     9     268.28     4.09037     3.0134
157     33     2     109.173     2.30987     2.69555
158     27     15     158.333     3.884     4.01662
159     17     11     124.693     4.52425     2.66152
160     28     2     151.453     4.76394     3.61187
161     46     12     237.747     3.81297     4.62592
162     40     15     268.52     4.05683     4.41191
163     26     6     233.507     2.68223     3.38397
164     25     10     59.1467     4.66663     3.64162
165     46     10     119.547     2.11269     3.56326
166     36     4     164.707     3.16578     3.65551
167     18     12     107.307     2.99466     4.04675
168     10     9     133.453     4.57456     2.76795
169     24     4     189.48     2.75155     2.70943
170     39     10     165.08     4.32814     3.89561
171     17     3     224.507     4.64997     3.96725
172     22     10     95.5467     3.93057     3.51268
173     31     14     130.813     4.79812     4.13816
174     19     4     279.04     4.29695     3.41815
175     41     12     301.04     2.33123     4.61623
176     23     2     59.7733     4.78231     2.8164
177     34     6     149.573     4.78487     2.8576
178     47     13     225.613     4.39853     3.20925
179     34     11     41.88     4.15488     3.68007
180     29     11     197.107     1.71886     3.60134
181     43     3     132.307     4.14602     3.37336
182     30     14     184.973     3.96988     3.51764
183     38     8     106.293     4.10703     4.12381
184     34     7     125.933     3.30966     3.83351
185     36     15     280.28     2.65403     3.75027
186     32     10     160.707     4.2962     2.91726
187     21     13     44.64     3.48131     3.25304
188     31     8     149.2     4.54048     3.08542
189     36     11     127.933     2.35847     4.67536
190     30     13     250.64     2.0486     4.86999
191     8     14     254.907     4.31692     4.27679
192     13     6     207.373     4.75166     4.09864
193     37     4     94.7867     4.52222     3.52016
194     25     7     69.6534     3.72132     4.28747
195     17     1     77.4134     2.83508     2.86988
196     44     3     209.48     4.57562     4.34599
197     8     5     147.213     3.0595     3.4035
198     35     7     48.1333     1.56922     4.09444
199     17     15     198.24     3.8778     3.73547
200     46     10     237.747     2.87428     2.5943
201     14     1     29.76     2.47383     4.75349
202     27     1     247.64     2.04572     4.29067
203     16     4     105.307     3.84416     4.6675
204     44     6     143.813     4.17678     2.96701
205     16     11     218.253     4.29492     4.37056
206     44     15     262.013     1.73969     3.51352
207     31     4     83.5334     1.6285     3.11312
208     22     2     145.453     1.61621     4.00632
209     47     9     112.667     4.01602     4.48943
210     30     15     166.587     1.81329     3.10068
211     40     8     110.92     2.558     2.73568
212     30     12     148.2     1.86819     2.73583
213     20     4     146.08     2.03215     4.34217
214     27     11     192.48     4.93976     3.65261
215     27     9     231.88     4.82974     4.9765
216     21     8     49.8933     4.5877     3.72333
217     24     3     186.853     4.07723     4.22018
218     26     10     44.3867     1.7398     4.09482
219     18     10     178.227     3.4483     3.11769
220     43     11     253.133     2.84629     3.1428
221     28     10     112.053     4.16108     4.53726
222     22     8     35.1333     2.72079     3.24046
223     45     9     47.6267     4.66375     3.84495
224     11     4     97.68     4.5706     2.83738
225     33     4     195.853     2.50769     4.89135
226     15     7     214.627     3.71277     3.85304
227     38     14     135.187     1.90835     3.8097
228     44     10     304.04     4.97896     4.38147
229     31     5     162.333     2.49274     3.12777
230     46     4     51.2533     3.80667     4.20873
231     29     3     29     4.2351     3.69152
232     31     10     172.84     4.51912     3.14341
233     33     15     187.973     4.08011     4.40138
234     36     8     167.333     2.2915     4.65888
235     27     2     189.853     1.75369     4.76104
236     46     1     161.573     2.30592     4.84825
237     15     2     41.2667     4.26063     2.73888
238     43     11     145.44     2.5925     4.1924
239     10     15     154.467     4.56996     2.94198
240     43     8     113.92     3.55896     4.63965
241     25     5     106.427     4.48857     2.60193
242     19     11     271.16     2.20754     4.49858
243     35     15     226.747     4.72143     2.87408
244     12     15     54.0267     2.53931     3.64299
245     34     5     217.867     4.11974     2.94885
246     29     5     281.16     3.6457     4.02936
247     38     7     43.2533     4.61643     4.47539
248     13     13     196.867     3.98793     3.02736
249     9     1     19.5067     4.34896     3.79788
250     10     2     17.88     4.36402     4.56191
251     20     5     203.867     3.47041     4.50461
252     37     6     73.7733     2.56259     3.06848
253     33     12     264.147     1.64719     2.78909
254     19     7     202.867     4.2054     2.76086
255     47     4     262.387     4.7445     3.12387
256     46     14     206.227     4.27569     4.71099
257     41     10     164.453     2.19942     4.24718
258     26     3     278.16     2.33583     4.24146
259     39     9     178.213     2.58182     2.96121
260     8     13     26.3867     2.43132     3.63086
261     36     15     54.3867     4.84202     3.24396
262     38     2     124.68     4.68255     2.63115
263     30     7     43.1333     3.2461     3.17278
264     29     4     136.693     2.56355     4.29807
265     9     8     87.8     4.99989     4.66086
266     18     8     172.973     3.37022     3.63308
267     36     15     167.333     4.55843     3.50574
268     14     13     268.787     1.873     4.03905
269     10     13     204.373     2.12465     4.7512
270     23     8     70.28     1.6599     4.08765
271     27     9     34.88     3.33497     3.36047
272     36     3     75.4     3.66503     4.59929
273     17     7     122.067     3.63192     2.70302
274     12     2     232.64     3.88581     3.53572
275     43     13     255.76     2.82482     3.35322
276     15     1     46.52     3.7869     3.7054
277     21     11     215.373     4.33818     4.70153
278     19     5     100.427     1.89244     3.28074
279     13     5     128.573     2.64676     4.37849
280     17     11     203.493     1.56526     4.12831
281     40     14     221.24     4.39917     2.99112
282     38     3     274.4     3.4733     2.95145
283     19     2     58.4     2.72752     4.17165
284     27     6     205.613     3.74407     2.74522
285     35     1     137.44     2.74674     4.93881
286     13     12     81.2934     4.80688     4.5642
287     22     4     61.4     3.73894     3.87143
288     14     4     24.5067     3.92149     4.60227
289     15     14     233.013     4.52702     4.59555
290     33     9     243.133     4.89532     4.08551
291     46     10     179.96     4.03514     4.58235
292     34     2     65.52     3.98772     4.47707
293     29     13     254.893     4.03696     4.25993
294     44     1     256.76     2.50139     2.99463
295     44     8     209.48     3.59079     3.93712
296     9     5     11.6267     4.06249     3.44104
297     30     14     140.32     2.66279     3.53977
298     21     9     99.8     3.58631     4.84619
299     42     6     131.307     4.43783     2.65954
300     19     10     145.08     2.9326     2.9223
