1     31     1     353.56     3.8527     3.21177
2     10     14     52.24     4.04903     3.45531
3     27     15     46.2     4.98355     3.16477
4     23     8     330.2     3.32365     3.61339
5     18     2     321.36     3.86167     4.23048
6     30     12     53.04     2.86296     3.59645
7     30     15     198.96     2.51025     3.80238
8     11     15     233.72     3.1803     4.81429
9     15     11     395.16     2.53407     4.23284
10     16     5     39.04     4.15883     4.0894
11     31     15     353.56     1.74247     2.56897
12     26     14     145.04     4.51837     4.8001
13     15     13     80.28     3.46059     3.10251
14     34     15     214.48     3.46945     3.33483
15     25     2     228.52     3.52628     2.7298
16     30     7     229.68     4.55554     3.36055
17     36     13     347.04     3.97693     4.12671
18     21     11     78.6     4.18212     2.90223
19     11     4     91.64     4.42138     4.23444
20     46     14     92.08     3.33316     4.23582
21     38     3     333.68     2.60137     3.05841
22     34     10     226     3.97607     4.09276
23     32     13     166.4     4.13918     2.7797
24     21     6     132.36     4.15296     4.17844
25     23     9     92.12     2.97276     4.67887
26     41     11     398.12     2.2602     4.5014
27     23     3     291.8     2.47981     3.87204
28     11     5     333.56     3.51506     4.51636
29     23     11     84.44     3.78723     4.3601
30     12     1     188.64     4.11034     4.57945
31     18     2     202.32     3.26971     4.38986
32     17     11     297.32     2.05544     2.71523
33     16     6     62.08     2.73574     4.6276
34     12     2     207.84     3.20658     4.19736
35     35     2     238.52     4.29951     4.14602
36     40     15     147.52     4.98302     3.94078
37     34     8     295.12     3.94243     4.22254
38     41     7     137     3.27142     4.20705
39     9     12     293.16     4.76074     4.95079
40     18     15     367.44     1.51762     2.62154
41     22     6     125.68     4.4012     4.66445
42     21     6     197.64     4.50652     3.00409
43     30     8     222     2.18404     4.67368
44     31     9     138.52     3.8276     4.01112
45     22     13     321.52     4.91369     4.31379
46     17     12     178.28     4.03055     3.09084
47     43     6     146.68     3.37652     3.8065
48     16     14     273.28     1.96635     3.25098
49     27     6     265.08     3.5267     4.93408
50     21     7     278.28     3.31692     2.63848
51     25     5     163.24     3.859     4.52544
52     14     2     225.2     2.81126     4.43258
53     29     2     144.2     2.96945     3.25495
54     43     5     238.84     1.63063     4.54955
55     33     12     363.24     2.30357     4.75394
56     10     4     159.76     2.5     4.66033
57     45     4     87.24     4.09165     2.53426
58     36     6     231.84     3.46689     3.02057
59     20     9     35.36     4.47159     4.72495
60     30     6     198.96     4.36872     3.1135
61     45     11     359.88     2.80015     4.12061
62     25     14     44.2     4.98697     2.60453
63     27     8     284.28     2.65029     3.54328
64     26     3     183.44     1.88891     2.60933
65     29     14     343.88     4.49722     4.01593
66     26     8     398.48     4.95727     4.77355
67     47     2     281.24     4.09111     3.2487
68     15     11     15     3.60607     3.66527
69     47     2     73.88     3.51773     4.43808
70     17     7     182.12     1.68596     4.48073
71     32     1     85.76     3.4467     2.87774
72     14     15     56.24     2.07552     3.5612
73     11     6     22.52     4.56665     2.88301
74     15     15     164.76     3.9608     4.22361
75     25     1     305.32     4.20861     2.52663
76     32     7     162.56     2.30154     2.90246
77     43     10     407.8     2.15638     3.68786
78     44     5     116.96     3.48643     3.10579
79     18     5     267.6     1.64473     4.91378
80     31     15     226.84     4.67389     4.682
81     23     5     391.64     2.04476     4.59281
82     26     3     337.04     3.32205     3.40022
83     44     12     239.84     4.23713     4.44174
84     11     3     107     1.90536     3.34284
85     8     13     307.52     4.17208     3.30386
86     42     14     364.56     4.31895     4.61089
87     31     7     249.88     2.61856     3.76072
88     45     5     417.48     3.96999     3.84098
89     24     1     346.56     3.0987     4.05553
90     28     13     31.84     2.05757     2.53594
91     30     7     118.32     1.51122     2.82998
92     22     9     102.64     3.53941     3.20727
93     40     10     274.24     2.44253     4.17287
94     19     11     22.84     4.78584     3.32995
95     8     13     119.36     2.66375     2.98128
96     31     14     307.48     4.4216     4.61051
97     15     12     329.88     4.81692     3.13448
98     21     5     40.2     2.35559     2.56645
99     40     8     354.88     1.78797     3.48056
100     18     5     367.44     4.49744     3.91957
101     25     8     324.52     1.76746     4.1348
102     46     8     234.16     1.66129     4.30036
103     29     10     363.08     2.99797     3.09122
104     15     1     61.08     3.15862     3.76614
105     45     3     333     2.2101     3.14638
106     45     5     417.48     2.57659     2.63054
107     26     1     314     1.74589     4.13587
108     39     10     207.96     1.74514     2.60689
109     20     8     23.84     4.86851     2.98273
110     12     6     154.08     1.8918     3.26243
111     14     13     206     2.76073     4.05942
112     19     8     84.28     3.9828     3.78643
113     47     1     365.72     2.21096     4.86076
114     36     12     105.12     4.2524     2.57012
115     43     1     223.48     2.98526     4.49126
116     36     9     212.64     2.42021     4.59944
117     25     1     25     1.88881     4.963
118     45     11     309.96     1.59517     4.1596
119     18     2     348.24     2.51357     2.80778
120     36     11     370.08     3.36734     2.85325
121     32     9     185.6     2.67357     3.5004
122     26     15     56.72     1.58705     2.93031
123     45     12     141     1.52852     3.69518
124     43     2     273.4     2.83198     3.43051
125     23     10     303.32     1.89404     3.77483
126     33     2     305.64     3.56153     4.13846
127     43     14     238.84     4.23969     3.21154
128     34     7     341.2     4.45791     4.85145
129     39     3     131.16     2.87439     3.74126
130     22     6     179.44     2.45653     4.95918
131     46     2     241.84     1.81991     2.84951
132     10     13     367.12     2.46187     3.33651
133     8     7     234.56     4.87129     2.57065
134     32     14     377.6     3.2523     3.54884
135     39     15     200.28     4.34416     3.5989
136     37     10     301.96     3.07167     4.36903
137     43     1     81.4     3.51143     4.71236
138     9     11     297     3.90846     3.10801
139     39     6     373.08     2.72559     2.509
140     42     1     134.16     3.96304     4.25718
141     26     15     287.12     1.72944     3.95619
142     10     4     178.96     2.80143     3.44348
143     15     6     253.08     4.15413     4.2513
144     28     11     354.4     1.69761     4.19713
145     37     1     332.68     3.20476     4.9958
146     11     1     64.76     2.66247     2.53121
147     24     9     189.12     4.53343     2.68159
148     19     15     61.24     2.66044     4.33508
149     46     4     99.76     2.29951     4.99016
150     22     2     194.8     4.01453     3.07848
151     11     4     26.36     2.91839     4.9031
152     25     14     320.68     2.49701     2.82998
153     45     8     217.8     1.99615     2.62673
154     44     2     224.48     2.11002     4.0865
155     41     13     340.52     1.95311     2.8283
156     29     15     55.88     4.05127     4.91607
157     28     14     308.32     3.83444     4.68421
158     21     8     59.4     4.86872     4.91295
159     26     12     52.88     4.80795     4.74197
160     26     13     402.32     3.80261     4.46509
161     11     4     11     4.8495     2.59384
162     35     14     319.16     1.81446     4.33431
163     41     7     87.08     1.61664     4.36338
164     32     12     143.36     2.8041     3.04903
165     12     2     284.64     1.50876     4.00349
166     23     15     295.64     3.01346     4.60891
167     46     1     391.6     4.91508     4.90875
168     32     13     177.92     3.61921     4.00281
169     23     3     272.6     4.15018     4.33859
170     18     7     394.32     4.51122     3.03858
171     33     15     363.24     4.57744     3.15401
172     43     6     307.96     3.75977     3.98618
173     45     12     45     2.41903     3.36596
174     28     11     339.04     2.76992     3.53191
175     29     13     48.2     3.25454     3.49719
176     42     7     42     3.12337     4.54688
177     32     2     97.28     4.20594     4.25558
178     15     3     168.6     2.10692     3.16622
179     34     3     322     2.81104     4.52078
180     15     13     53.4     4.43078     3.68259
181     40     12     185.92     4.58385     2.64298
182     44     11     232.16     4.63128     3.75042
183     16     12     31.36     4.76276     3.05429
184     34     8     76.24     3.16364     4.90402
185     15     8     187.8     3.74599     3.19247
186     35     14     154.04     3.68116     3.38725
187     17     3     262.76     3.7147     3.2371
188     44     11     70.88     2.0016     3.79666
189     38     2     230     3.94339     3.65879
190     14     2     286.64     1.76212     3.03598
191     31     3     411.16     1.79791     3.08031
192     14     3     37.04     4.26041     4.58411
193     28     3     262.24     2.9217     3.95032
194     14     5     209.84     3.9843     3.07482
195     33     13     240.36     2.10767     3.52977
196     26     4     244.88     3.82867     4.18981
197     37     1     286.6     4.85975     2.69089
198     43     8     377.08     4.49957     4.86343
199     34     11     306.64     2.14025     2.52838
200     40     11     393.28     3.10596     3.80016
201     15     10     322.2     3.30613     3.78307
202     32     13     35.84     4.43933     4.80529
203     9     4     373.8     4.73115     4.07857
204     32     15     304.64     2.94008     2.92657
205     29     10     186.44     2.61707     2.96991
206     35     1     203.96     1.85195     3.41044
207     16     10     77.44     4.49178     4.80491
208     30     14     337.2     3.06441     3.46835
209     16     5     376.96     4.39425     4.39802
210     32     15     339.2     2.64068     4.35797
211     8     5     345.92     2.24781     3.01645
212     32     10     32     2.53578     3.77483
213     8     11     119.36     4.42138     4.67956
214     38     6     299.12     3.50021     3.55815
215     34     11     172.24     1.97629     2.76933
216     40     1     381.76     3.67176     2.70798
217     14     3     48.56     3.60286     4.45524
218     39     11     361.56     2.85505     3.21543
219     23     3     195.8     4.2429     2.9294
220     8     5     150.08     1.98793     3.70518
221     12     6     273.12     4.90045     4.95659
222     28     12     385.12     4.79652     3.39061
223     8     3     372.8     3.13971     3.7344
224     32     14     296.96     4.13598     3.84136
225     19     2     49.72     3.27088     4.56824
226     45     5     129.48     2.02051     3.56342
227     30     3     195.12     4.22282     3.35673
228     9     11     9     3.84042     2.89163
229     26     15     37.52     3.60382     2.89094
230     28     4     377.44     4.26522     4.19507
231     34     14     114.64     3.94958     4.46577
232     12     5     77.28     3.33668     4.89402
233     37     3     94.6     3.65883     4.80361
234     26     1     383.12     3.7477     3.29066
235     21     10     59.4     4.11621     3.29058
236     11     8     356.6     3.30859     4.71145
237     42     2     49.68     1.5031     4.5259
238     8     9     84.8     3.60244     2.96182
239     24     10     108.48     1.79534     3.68229
240     22     8     137.2     3.32557     4.59464
241     13     14     339.4     2.94916     4.68093
242     22     5     375.28     4.31831     3.48918
243     28     6     170.08     3.77366     3.67656
244     30     1     298.8     2.28028     3.24458
245     12     3     315.36     4.49188     2.85745
246     22     7     94.96     4.17624     4.88456
247     34     12     364.24     2.48868     4.55611
248     28     1     116.32     2.32621     4.87495
249     18     11     236.88     4.24642     3.17286
250     40     14     412.48     3.1865     3.45386
251     18     11     375.12     4.46742     4.91317
252     33     13     309.48     2.315     3.27441
253     40     14     251.2     2.38528     2.83509
254     39     11     211.8     3.52649     3.35955
255     23     9     230.36     2.76266     4.71213
256     23     9     395.48     1.73392     3.3697
257     30     11     141.36     1.57648     3.70556
258     26     10     344.72     2.9781     3.18293
259     32     15     270.08     1.89158     4.35194
260     45     5     344.52     4.64388     2.78748
261     37     1     325     3.92064     3.86128
262     35     14     261.56     2.36509     4.98688
263     32     15     35.84     4.27259     3.72868
264     22     9     214     2.616     3.41716
265     47     15     254.36     4.38806     4.15792
266     34     1     252.88     2.49081     3.37779
267     39     1     81.24     3.66257     3.79788
268     10     9     340.24     3.17016     2.97334
269     29     15     290.12     1.75678     4.79164
270     9     1     216.36     4.57573     4.56908
271     13     13     193.48     3.09517     3.13715
272     11     6     283.64     2.2116     4.05835
273     46     8     268.72     2.55052     4.36209
274     17     6     159.08     3.6944     2.94267
275     12     13     357.6     4.81799     4.50888
276     40     1     66.88     1.96892     3.22459
277     30     7     352.56     3.97501     3.93468
278     18     11     37.2     3.21374     2.61231
279     30     8     145.2     3.72965     3.92216
280     36     15     320.16     4.43175     2.53746
281     19     13     387.64     4.85623     3.60324
282     15     10     53.4     4.73019     3.98534
283     26     3     371.6     1.81788     4.69596
284     47     13     381.08     4.78733     3.6372
285     41     13     221.48     2.57776     4.05248
286     23     4     76.76     1.50673     2.82563
287     10     14     374.8     1.59667     4.02112
288     42     12     118.8     2.35911     4.30197
289     14     3     275.12     4.01859     3.11998
290     11     11     391.16     3.41145     4.31631
291     8     1     130.88     3.0439     4.5233
292     15     15     199.32     4.5439     2.50999
293     21     15     197.64     4.98996     4.85984
294     30     15     375.6     2.35398     4.62142
295     11     7     18.68     4.03888     3.32492
296     37     2     340.36     2.74866     3.00233
297     31     2     142.36     4.67347     3.60378
298     23     1     337.88     4.22356     4.94934
299     13     6     224.2     4.29972     3.6082
300     39     1     357.72     4.32942     3.84518
