1     40     35     463.8     3.0204     3.89309
2     33     3     157.967     2.13683     2.75834
3     25     12     166.267     2.90301     4.06911
4     39     29     473.667     4.55928     3.21444
5     43     26     477.667     3.40344     2.76673
6     36     22     318.533     2.53333     4.41954
7     30     37     377.733     4.66909     4.67956
8     14     3     383.467     3.0407     4.70496
9     25     17     508.567     4.57691     3.42929
10     26     17     183.567     2.37642     4.36262
11     10     24     433.8     1.69953     2.70913
12     45     27     436.2     2.4608     3.19414
13     11     13     402.2     3.96026     2.73835
14     36     24     188.133     4.83647     3.37222
15     39     26     104.2     4.47415     4.52994
16     12     34     50.0333     3.35441     2.61391
17     9     35     546.9     1.57765     4.47066
18     34     32     82.9     3.54732     2.66762
19     37     32     96.7667     3.54572     4.21377
20     45     29     121.067     2.18928     3.11159
21     20     31     101.5     3.99519     3.38412
22     39     6     245.467     4.04465     2.96518
23     45     24     441.633     4.97778     2.59545
24     24     24     480.4     2.30314     2.61299
25     47     8     226.3     3.75828     4.28083
26     27     40     526.867     3.20295     3.54083
27     16     31     499.567     2.7821     3.83496
28     46     33     312.233     3.84138     3.38473
29     25     17     73.9     4.32942     3.56929
30     46     17     437.2     3.67272     3.79246
31     40     33     197.567     3.85644     4.47989
32     25     20     552.033     4.1943     3.59684
33     28     25     229.033     3.02553     3.3269
34     27     8     320.4     3.81884     4.80262
35     36     19     57.7333     3.92138     2.52792
36     10     23     477.267     1.93527     3.88493
37     33     35     103.633     1.95567     2.86248
38     9     9     215.467     1.65702     3.40083
39     15     26     74.7667     1.95866     3.98984
40     33     39     92.7667     4.25742     3.91316
41     16     21     146.4     4.95856     2.77886
42     43     25     347.267     2.29225     3.72646
43     25     4     503.133     4.14805     4.45112
44     15     8     487.7     2.91145     3.93643
45     35     28     301.233     4.03931     4.03531
46     40     13     94.3333     4.3558     3.79063
47     12     30     403.2     3.30496     3.13524
48     22     8     32.8667     2.64345     3.86288
49     43     21     189.7     4.30805     4.50995
50     10     34     417.5     3.94264     4.53917
51     15     4     63.9     3.81831     4.46585
52     46     20     138.367     4.13202     4.81666
53     17     29     65.9     3.41679     3.06238
54     43     37     292.933     2.04913     3.91499
55     13     11     34.7333     4.58759     4.6292
56     16     8     32.3     4.42587     3.20002
57     21     33     531.733     2.4969     3.5963
58     42     12     270.2     1.51079     3.42051
59     46     8     518.7     2.96048     3.13677
60     31     26     280.933     4.38111     4.75631
61     25     21     503.133     3.09699     4.12168
62     25     18     421.633     3.93922     4.68032
63     11     9     396.767     2.17048     4.3878
64     33     39     315.533     2.09934     3.63186
65     21     8     471.967     4.11974     3.31744
66     17     6     538.6     3.1599     3.50337
67     37     10     58.7333     4.77451     4.23154
68     33     27     532.867     3.86456     3.93902
69     36     13     432.633     2.26031     4.5941
70     36     20     128.367     3.14986     3.94604
71     30     25     122.367     2.58994     4.0302
72     32     36     118.933     3.58097     3.81848
73     21     11     238.333     2.94296     2.65587
74     41     17     453.933     4.47479     4.87388
75     29     26     77.9     1.63245     4.72098
76     14     38     274.8     4.21032     4.50171
77     9     37     421.933     3.25924     2.56371
78     42     34     139.8     4.72687     4.02486
79     13     3     344.433     1.55351     3.37886
80     36     15     552.167     4.20946     4.37346
81     19     9     437.367     2.90493     3.79734
82     24     28     393.467     2.46197     4.57122
83     46     40     198.133     3.07808     4.77912
84     44     36     348.267     4.96796     3.03423
85     10     20     42.6     4.61803     4.31791
86     12     13     109.8     4.63779     4.18249
87     34     38     175.267     4.94136     2.95938
88     14     18     100.933     4.24535     2.86309
89     23     19     321.833     4.11589     4.63057
90     14     25     508.433     2.5502     4.08757
91     24     35     551.033     4.32717     2.78283
92     36     37     329.4     3.60895     3.07978
93     29     10     56.1667     4.5329     4.34698
94     17     20     185.433     3.77216     3.13776
95     35     11     149.1     4.30485     4.00029
96     14     10     133.533     1.87107     3.80734
97     35     16     491.4     2.85783     3.74752
98     21     21     227.467     4.59004     4.36857
99     11     3     489.133     3.76714     2.81259
100     46     32     252.467     2.52681     2.63451
101     35     25     45.8667     4.37182     2.84425
102     11     24     190.3     4.44157     4.06278
103     25     1     416.2     4.86744     3.43341
104     44     26     554.733     3.69131     3.6787
105     22     25     527.3     2.08492     2.94313
106     43     2     292.933     2.85356     3.31263
107     14     17     367.167     2.95749     4.65156
108     41     29     106.2     2.03696     4.14785
109     12     22     55.4667     1.67464     3.2065
110     8     33     426.367     3.37909     4.58258
111     44     33     190.7     4.52467     3.89363
112     31     7     547.167     3.732     3.40327
113     23     37     142.533     4.42299     4.7158
114     42     16     63.7333     3.53514     3.27151
115     19     5     437.367     3.12957     3.7862
116     31     37     177.7     3.87652     4.52223
117     24     4     241.333     4.15349     4.53352
118     25     30     475.967     2.24001     4.27541
119     12     18     17.4333     4.34373     3.71883
120     33     28     299.233     4.44136     3.36001
121     31     6     346.133     1.66952     4.76653
122     32     38     428.633     3.75091     3.54991
123     24     30     56.6     1.68661     3.90614
124     14     40     204.167     4.20455     2.61307
125     22     16     146.967     1.69163     4.12793
126     46     7     464.367     4.10137     4.67277
127     8     13     116.667     1.56377     4.45036
128     32     39     113.5     2.68928     3.38107
129     14     33     253.067     2.79449     4.49995
130     30     29     334.267     2.03867     2.9059
131     38     37     293.367     2.7038     4.40405
132     47     37     307.8     4.10179     4.22933
133     8     13     301.4     4.8449     4.99596
134     15     13     20.4333     2.96187     4.25893
135     41     2     312.667     3.59592     3.33232
136     13     16     322.7     3.76789     2.7517
137     44     8     451.5     2.43912     3.52344
138     11     5     456.533     1.85836     4.55054
139     28     25     250.767     2.92779     2.87568
140     34     29     474.1     2.57125     4.63279
141     28     25     321.4     2.84053     3.34651
142     20     16     492.7     4.74247     3.47163
143     8     8     187.3     3.52286     3.31217
144     8     16     415.5     3.89084     2.71035
145     33     11     217.733     1.91679     4.64789
146     41     37     350.7     4.59175     3.64788
147     44     11     190.7     2.27761     2.62001
148     39     24     468.233     3.53771     3.53824
149     35     4     170.833     2.07787     3.59188
150     12     7     446.667     2.78573     4.70176
151     35     8     94.7667     4.59955     3.04041
152     16     39     363.733     4.19355     3.94856
153     28     9     272.5     2.21288     3.88691
154     14     13     274.8     2.5423     4.81536
155     44     10     380.867     3.84394     2.63924
156     37     20     227.167     1.84736     2.61399
157     21     23     189.433     1.62807     3.3475
158     24     3     268.5     2.35623     4.79301
159     34     33     131.8     2.7523     4.37071
160     47     20     63.3     3.73371     4.11092
161     46     11     426.333     3.98441     2.9574
162     19     6     133.1     3.43559     4.62333
163     45     7     208     3.38934     2.63855
164     13     12     333.567     4.26907     2.98112
165     41     18     269.2     3.73435     3.43181
166     16     36     461.533     3.14035     2.54227
167     39     36     397.6     4.08011     4.85977
168     43     40     483.1     2.9906     2.79519
169     47     33     487.1     4.06024     4.27961
170     32     8     309.1     2.41893     4.09536
171     23     18     283.8     3.34811     3.02614
172     24     30     464.1     4.99295     2.71409
173     33     20     92.7667     3.31126     2.86637
174     20     17     123.233     2.74632     3.69999
175     32     16     303.667     3.85292     2.76742
176     21     19     417.633     3.86552     4.0524
177     31     2     145.1     2.44125     3.47652
178     21     10     151.4     3.06153     3.70823
179     42     10     270.2     2.32685     4.91356
180     44     27     250.467     3.13095     4.34034
181     27     14     206.3     1.94595     3.876
182     12     26     310.833     3.70444     3.46919
183     14     14     426.933     4.01325     4.55687
184     45     35     322.1     2.68159     3.88646
185     14     30     361.733     2.30036     4.37452
186     42     13     569.033     3.35441     3.3916
187     46     24     274.2     2.1035     2.61521
188     9     34     465.4     2.71747     4.84039
189     32     31     385.167     4.39692     4.38849
190     47     16     302.367     2.96667     4.00624
191     9     29     258.933     2.67507     4.8941
192     26     19     515     4.18383     2.7546
193     27     22     244.333     2.98206     4.00296
194     30     17     339.7     2.71053     2.52846
195     10     3     287.1     4.12839     3.64902
196     17     20     500.567     2.20829     3.14791
197     32     24     559.033     4.59474     3.03476
198     15     35     422.5     2.40675     4.42076
199     9     30     449.1     4.62455     4.14846
200     46     17     274.2     4.03909     3.06703
201     23     2     88.2     3.50288     2.59438
202     26     28     123.8     1.96486     4.95506
203     31     12     367.867     2.52318     3.73577
204     34     32     88.3333     4.98141     2.64985
205     43     9     347.267     3.14174     4.14907
206     42     10     335.4     1.82066     3.27525
207     30     33     209.3     3.81948     3.39221
208     23     6     539.167     2.83593     4.18729
209     26     1     368.3     2.55106     3.58455
210     30     17     182.133     3.37407     3.96023
211     45     26     121.067     1.58182     4.29929
212     37     23     498.833     1.83615     3.68618
213     40     17     529     3.81243     2.76849
214     9     30     514.3     2.42598     3.58554
215     31     5     541.733     4.38966     4.40107
216     14     33     35.7333     2.58524     4.93172
217     20     20     25.4333     1.98686     3.61225
218     18     30     164.7     3.61664     4.7866
219     28     38     120.367     1.77013     4.96681
220     35     16     187.133     2.49434     3.54991
221     32     16     493.833     3.05266     4.63355
222     43     30     390.733     3.36232     2.82044
223     14     19     62.9     3.13662     4.65346
224     11     11     271.8     3.2194     3.57006
225     21     10     390.467     3.34245     2.51923
226     38     4     304.233     4.29321     4.62935
227     28     32     120.367     3.22559     3.5683
228     41     36     100.767     4.09934     3.98732
229     43     23     417.9     3.98077     3.68763
230     34     35     495.833     1.69077     2.90208
231     33     2     212.3     3.53407     4.83131
232     14     35     79.2     2.59282     2.82502
233     21     28     216.6     4.32183     3.3507
234     41     2     573.467     4.92598     2.63718
235     20     15     476.4     2.25753     3.63735
236     10     35     325.133     1.71641     3.6977
237     33     14     185.133     2.38656     4.57732
238     12     13     441.233     2.895     2.70539
239     41     27     448.5     1.7272     3.81932
240     38     18     450.933     3.48173     4.87274
241     35     26     73.0333     2.30068     4.85488
242     36     17     117.5     2.95909     4.91188
243     14     3     209.6     1.84747     4.41031
244     44     28     109.2     2.33283     3.33354
245     26     4     232.467     4.23179     2.65229
246     34     3     338.267     3.38005     3.05872
247     29     37     458.233     4.03343     3.70571
248     29     23     99.6333     3.08417     3.84198
249     16     35     423.5     4.82696     3.98282
250     23     24     408.767     4.25881     4.50804
251     16     22     488.7     4.64858     3.32659
252     25     32     508.567     3.85762     3.0005
253     14     18     204.167     4.65018     3.96565
254     12     29     142.4     4.47287     4.24345
255     15     1     520.3     2.44179     4.78156
256     25     19     269.5     3.52029     3.315
257     44     7     60.3     1.62006     3.38916
258     42     16     438.633     2.11301     3.93361
259     43     21     390.733     2.48569     3.52916
260     31     14     433.067     2.12166     4.75723
261     20     40     172.133     1.94723     2.77314
262     26     4     352     1.92224     3.49406
263     21     31     69.9     2.61333     3.04102
264     35     6     404.467     4.83187     3.8271
265     23     16     332.7     3.07167     3.93132
266     45     32     66.7333     1.73157     2.64977
267     15     27     63.9     4.35601     3.86372
268     31     7     155.967     4.87791     2.61544
269     29     29     474.533     4.60041     4.03394
270     28     8     152.967     3.39917     4.99817
271     16     38     113.8     2.8809     2.68159
272     11     7     461.967     4.98259     2.8666
273     8     3     46.0333     1.74493     4.67009
274     39     33     131.367     2.74632     4.57076
275     19     30     122.233     4.92833     3.87921
276     16     26     363.733     3.8009     2.54036
277     33     9     266.633     3.25892     3.41029
278     25     40     437.933     3.99626     4.89654
279     24     39     491.267     4.74931     3.60378
280     16     14     16     3.35804     4.87518
281     17     27     413.633     3.87535     2.86912
282     18     27     284.233     2.71064     3.06368
283     16     30     260.5     2.04315     3.82771
284     44     24     310.233     2.48708     4.94995
285     24     21     78.3333     2.24396     4.7676
286     42     21     161.533     3.72794     3.78292
287     45     1     376.433     2.39511     3.91118
288     12     21     283.667     4.26597     3.74729
289     24     6     203.3     4.86979     3.99548
290     12     5     142.4     4.10009     3.4492
291     15     28     324.7     3.71342     4.66445
292     17     33     451.667     2.45514     4.71542
293     42     33     579.9     2.04871     2.67411
294     39     7     337.833     4.03066     4.20454
295     22     13     206.733     3.66695     4.91058
296     37     1     102.2     2.93548     2.83082
297     38     12     141.233     3.3072     4.21903
298     14     24     378.033     3.8119     3.00066
299     22     24     375.167     3.62326     3.04765
300     24     12     518.433     3.14527     3.66108
