1     11     11     108.605     3.05928     4.39695
2     47     5     95.2     3.55992     2.91215
3     14     8     92.325     3.30261     4.87823
4     19     8     91.3     3.00555     2.6925
5     29     7     60.33     4.61386     3.56578
6     15     5     41.51     2.78146     3.08512
7     30     14     107.12     3.73307     2.61101
8     44     6     80.15     4.23627     4.64736
9     13     9     79.275     1.67165     4.07552
10     40     1     47.23     2.93388     4.39436
11     32     10     117.555     1.64762     4.35438
12     20     1     64.585     3.43356     4.12923
13     12     3     42.125     2.20882     3.91301
14     13     12     97.35     4.75582     4.08559
15     38     15     110.3     3.04337     4.83573
16     36     6     105.89     2.03685     4.38253
17     19     15     82.865     2.47768     3.68702
18     30     7     137.245     4.37107     4.29243
19     40     6     91.815     4.16225     4.68589
20     12     5     101.17     2.33946     4.32073
21     35     11     127.785     4.94446     3.19117
22     20     9     110.375     4.2272     3.59874
23     24     1     127.63     2.42897     4.50163
24     30     4     43.255     4.42715     2.5885
25     36     7     67.33     4.72645     2.96602
26     32     13     39.23     3.03226     3.6008
27     14     1     120.04     3.88827     3.90797
28     27     8     65.56     3.11472     4.12473
29     17     4     45.92     4.03023     3.36154
30     27     8     145.09     3.19259     2.97037
31     28     5     62.945     2.6426     3.12067
32     11     4     65.225     2.38432     4.22445
33     10     11     83.505     2.08855     3.60004
34     23     13     71.2     4.25048     4.01685
35     18     10     31.255     2.28947     4.50911
36     16     12     56.97     1.82258     2.60178
37     40     15     158.09     2.59806     3.33819
38     12     13     33.69     3.32098     4.24963
39     10     12     89.53     2.3589     4.15799
40     35     4     110.915     4.058     4.95239
41     27     14     34.23     3.6567     4.22994
42     27     4     114.965     2.53044     2.94099
43     36     5     52.87     2.25134     3.43074
44     13     5     56.38     4.69857     4.51575
45     46     9     137.58     1.70135     3.98846
46     45     7     102.84     2.453     2.68838
47     17     3     23.025     1.67454     3.0314
48     30     15     114.35     3.26917     3.63781
49     33     12     124.58     2.44542     2.94939
50     44     1     135.58     2.54871     3.47697
51     11     9     64.02     4.58161     4.56763
52     24     5     108.35     3.64943     2.83349
53     44     11     117.505     3.81596     3.1328
54     31     10     46.665     1.60105     4.242
55     11     8     38.715     2.10788     4.61241
56     36     14     137.22     4.01079     4.84924
57     26     7     138.065     3.39126     4.80567
58     25     3     55.125     1.65392     4.43152
59     32     5     83.815     4.5094     3.76743
60     18     1     92.71     4.25433     3.72517
61     18     9     99.94     2.33871     3.04468
62     18     13     68.61     4.9499     3.06871
63     22     2     72.61     3.09923     3.22512
64     44     4     147.63     2.94787     3.85815
65     47     3     115.685     2.35217     4.29868
66     36     3     60.1     3.86659     2.81442
67     44     15     144.015     2.18596     3.83114
68     11     11     26.665     4.76405     4.06384
69     8     8     117.655     2.58919     2.95083
70     46     12     131.555     2.35548     4.02997
71     11     7     83.3     2.01079     2.6471
72     23     8     141.09     3.41722     4.13938
73     31     4     49.075     3.60863     2.88163
74     27     8     106.53     2.37866     3.83892
75     12     5     43.33     2.68468     4.51285
76     18     10     60.175     3.10137     3.92582
77     37     1     103.275     4.30837     4.03111
78     35     8     151.885     4.34629     2.69028
79     9     5     23.46     4.62668     3.60889
80     13     7     29.87     4.92758     4.87075
81     28     13     128.015     2.36242     3.96115
82     39     12     125.76     4.05448     3.4209
83     11     7     129.09     2.00032     2.51946
84     41     7     62.69     3.86093     4.09055
85     19     3     97.325     1.65905     4.41847
86     24     11     33.64     3.6223     2.81747
87     10     6     129.295     4.15264     3.79429
88     14     2     65.815     3.15926     3.43318
89     44     4     51.23     2.23766     2.89651
90     40     13     42.41     4.92993     3.17972
91     40     4     137.605     4.54988     4.01151
92     46     2     126.735     4.30923     3.54053
93     24     1     51.715     4.22645     4.19881
94     46     1     125.53     3.05544     3.88241
95     12     6     16.82     2.21651     2.84005
96     18     12     132.475     3.96486     2.91086
97     8     11     18.845     4.78007     4.50049
98     37     14     68.33     4.21299     2.93786
99     26     4     124.81     2.17197     4.60234
100     34     4     108.71     4.88453     4.4615
101     29     6     35.025     2.01688     2.91147
102     22     11     115.99     1.68949     3.55884
103     9     8     63.225     1.86819     4.83627
104     24     15     43.28     2.36851     4.59105
105     8     9     73.07     2.45706     3.03865
106     40     14     148.45     4.28338     3.22069
107     34     13     126.785     2.12732     4.35835
108     21     5     113.785     2.19697     4.7422
109     26     2     93.48     3.9592     4.54871
110     21     13     47.51     1.74033     2.72401
111     23     9     85.66     4.07915     3.32583
112     18     1     97.53     3.56665     2.96396
113     44     9     50.025     3.15841     4.73006
114     39     2     49.845     3.69269     2.75697
115     32     2     45.255     2.59838     2.79931
116     39     8     120.94     3.02884     2.97456
117     46     1     53.23     2.90376     2.55593
118     38     12     82.585     1.59539     2.95801
119     14     12     109.195     4.24279     3.80512
120     38     10     134.4     1.92705     3.22329
121     11     10     26.665     2.19547     2.74651
122     11     6     66.43     4.1646     3.47835
123     20     8     20     3.1896     3.89805
124     23     13     133.86     3.33412     3.45363
125     19     7     125.04     3.62294     4.83177
126     24     9     108.35     2.81414     4.04431
127     32     6     32     2.67421     3.72349
128     37     15     85.2     1.98975     3.76545
129     15     1     24.64     3.30154     4.71343
130     28     8     31.615     3.59432     3.01981
131     45     10     63.075     4.92715     3.58028
132     47     8     60.255     2.23852     3.67756
133     23     11     69.995     1.81083     3.72784
134     18     2     132.475     3.12796     3.96916
135     44     12     109.07     4.61109     4.98329
136     46     6     107.455     4.46667     3.6903
137     38     3     56.075     4.63181     2.70867
138     18     1     90.3     3.04913     4.71938
139     44     15     64.485     3.25903     4.72526
140     29     10     73.585     2.03984     4.34774
141     19     10     72.02     1.58374     3.549
142     37     2     102.07     3.43997     3.92232
143     25     9     138.27     2.71192     3.94009
144     43     8     103.25     2.74119     2.80053
145     17     7     50.74     2.26298     3.26388
146     12     10     115.63     3.26832     2.61795
147     18     10     54.15     2.05544     4.66498
148     10     12     129.295     4.70786     4.36842
149     47     11     51.82     4.9796     3.05315
150     33     5     110.12     4.32525     3.29638
151     40     13     109.89     1.558     3.90271
152     34     4     77.38     3.86905     4.10237
153     15     10     75.25     4.1944     4.86358
154     12     6     21.64     4.66268     3.96016
155     45     4     48.615     3.1082     2.68471
156     30     10     120.375     4.88379     3.34727
157     27     4     61.945     4.95802     2.95137
158     38     1     53.665     2.53076     4.68726
159     33     11     48.665     3.6521     2.63298
160     29     5     68.765     4.07765     3.80467
161     42     12     123.94     2.34661     2.94511
162     8     9     101.99     3.81532     4.19317
163     45     5     129.35     2.63095     2.52297
164     32     15     57.305     3.88101     4.09497
165     30     11     110.735     2.90077     3.40785
166     27     9     105.325     4.97543     3.89378
167     20     11     74.225     2.41871     4.84588
168     26     15     127.22     2.76618     3.81985
169     40     10     133.99     4.06227     4.89959
170     9     5     87.325     3.98077     4.46753
171     28     14     115.965     1.75935     4.87129
172     26     5     94.685     2.6849     2.62513
173     26     1     53.715     1.61162     4.03989
174     41     12     57.87     4.24973     4.91813
175     32     9     70.56     3.20466     4.70946
176     41     3     86.79     2.50587     4.26321
177     27     5     135.45     4.10596     2.5705
178     22     6     123.22     4.58588     4.13686
179     32     6     51.28     3.05106     4.87419
180     34     9     61.715     1.95247     3.15493
181     29     2     47.075     1.81596     3.91789
182     41     7     55.46     3.11632     4.96544
183     38     11     150.065     2.27815     3.3449
184     20     3     59.765     2.03984     3.45317
185     17     2     65.2     2.16407     4.75524
186     33     6     48.665     4.72901     3.25793
187     19     9     69.61     3.48526     4.62951
188     25     5     137.065     2.01271     3.10427
189     16     7     73.84     2.16118     4.06545
190     33     6     46.255     4.00983     4.44403
191     23     9     124.22     4.32963     3.82656
192     17     14     106.17     3.28295     2.91139
193     11     10     111.015     2.8448     4.70367
194     8     2     23.665     3.18062     2.59064
195     11     14     68.84     4.96336     3.18812
196     47     13     154.245     2.86648     3.09633
197     34     7     66.535     2.7163     4.95926
198     17     3     124.245     2.03632     4.46539
199     40     9     44.82     4.97116     3.68198
200     26     10     45.28     4.32194     4.86259
201     32     5     121.17     1.67838     2.61895
202     29     13     106.12     1.88282     3.59813
203     17     14     120.63     3.80816     4.05423
204     27     5     118.58     4.18661     4.45746
205     13     11     47.945     4.97266     4.02913
206     27     6     43.87     2.47426     4.34408
207     28     2     135.245     4.73692     4.89174
208     13     13     78.07     2.9154     4.73464
209     10     2     29.28     2.61686     3.15775
210     38     6     59.69     2.45001     3.4463
211     36     12     84.2     4.76501     2.68471
212     23     10     124.22     1.81745     4.21697
213     47     10     84.355     4.84309     3.1579
214     29     11     63.945     3.27345     4.09787
215     42     10     82.97     2.08278     3.88943
216     11     13     102.58     3.49413     3.65856
217     23     9     51.92     4.03418     2.9294
218     35     6     108.505     2.66813     2.5045
219     46     12     139.99     3.50064     3.99007
220     33     1     55.895     1.7758     2.60743
221     26     5     47.69     3.16236     3.68175
222     9     12     98.17     2.05597     4.44746
223     9     2     28.28     3.88656     4.06201
224     19     3     70.815     3.16033     3.46835
225     16     3     105.17     2.22591     2.99654
226     30     11     126.4     3.49498     4.3453
227     13     2     41.92     4.10372     4.83367
228     26     5     32.025     2.74984     3.06459
229     28     5     28     2.18725     3.88989
230     13     13     44.33     3.11579     4.31692
231     18     1     36.075     4.44798     3.24938
232     23     10     130.245     2.18842     4.20133
233     21     9     88.48     1.90985     3.87494
234     13     11     49.15     2.06024     3.24389
235     34     15     42.435     1.58492     4.03188
236     42     12     44.41     3.09977     4.72732
237     21     9     22.205     2.09635     4.02448
238     34     1     102.685     3.41829     3.33316
239     13     7     111.81     2.98846     3.7447
240     37     4     122.555     4.02446     4.0978
241     46     11     106.25     2.22549     3.03339
242     18     10     77.045     2.16567     4.1792
243     37     11     97.25     2.87695     4.85458
244     25     5     94.89     4.35772     4.93728
245     23     11     41.075     4.49017     3.78109
246     23     1     125.425     3.10126     4.32661
247     34     4     105.095     3.65168     4.79415
248     30     7     138.45     4.78658     4.60128
249     18     12     136.09     3.73435     4.89402
250     11     14     38.715     3.78487     2.83273
251     38     7     98.25     2.3338     2.52434
252     22     3     49.715     4.22773     4.23963
253     16     14     116.015     1.89094     4.80827
254     46     11     160.475     1.97415     3.33033
255     41     8     51.845     1.50256     2.59697
256     10     5     54.585     3.76469     2.85836
257     11     4     103.785     4.91957     3.33178
258     25     5     135.86     3.06291     3.08962
259     28     2     131.63     2.732     4.2172
260     27     13     146.295     3.58556     3.88264
261     18     9     136.09     2.24311     3.2075
262     21     10     133.065     3.01816     4.58106
263     17     12     80.865     3.52873     2.8058
264     33     3     33     3.42042     4.2188
265     39     5     72.74     2.18629     4.17516
266     35     5     37.41     2.81745     4.53772
267     33     6     148.68     4.76971     4.06217
268     22     9     107.555     2.97896     3.31744
269     27     1     89.66     4.41252     4.53391
270     13     11     93.735     1.88656     3.01813
271     44     10     74.125     4.13907     3.02622
272     26     11     111.555     2.38763     4.73548
273     15     2     121.04     3.86157     2.70524
274     19     12     28.64     2.03728     4.96826
275     35     10     85.61     3.56655     3.14135
276     16     13     79.865     2.62764     2.6986
277     36     5     74.56     1.68714     3.79521
278     22     2     71.405     4.40451     4.28434
279     32     10     46.46     2.66428     2.81678
280     47     13     134.965     2.47191     3.6642
281     26     11     38.05     2.1943     3.65673
282     47     15     143.4     2.88368     2.87538
283     19     12     31.05     2.66471     4.49011
284     25     1     38.255     2.42299     2.88354
285     12     15     34.895     2.77697     2.95251
286     16     3     17.205     2.06879     4.72556
287     38     6     65.715     3.35762     3.68946
288     46     11     125.53     1.6504     3.46431
289     18     5     36.075     4.85548     3.71723
290     32     1     115.145     3.68938     4.95666
291     9     8     12.615     3.52788     3.09671
292     32     9     62.125     1.92833     2.93306
293     21     13     25.82     3.81371     3.42006
294     34     3     70.15     3.54839     3.89065
295     21     14     46.305     4.8934     4.10924
296     32     3     68.15     4.57274     4.79797
297     29     1     89.25     3.4373     4.02738
298     14     5     53.765     2.4592     3.6124
299     28     12     62.945     2.04166     3.40281
300     14     7     80.275     3.87909     2.61086
