1     22     34     244.933     4.24653     3.76713
2     40     30     198.84     2.15862     4.37925
3     30     30     300.307     3.4388     4.55588
4     26     13     62.2267     2.70455     3.65345
5     33     27     219.707     1.59186     4.36949
6     44     1     211.2     3.29289     4.75745
7     12     35     53.8     2.42544     2.74773
8     44     36     222.347     2.71876     3.56388
9     26     16     293.52     2.24728     4.1744
10     22     22     211.493     3.20081     2.6719
11     22     30     264.44     3.42085     4.21987
12     17     2     131.253     2.19184     3.95604
13     10     6     191.133     2.01891     3.49643
14     40     12     162.613     3.87684     3.92705
15     20     12     22.7867     2.16599     4.42595
16     10     10     219     4.85826     4.40619
17     12     2     271.16     4.5674     3.31935
18     43     40     68.08     3.02937     3.51138
19     47     3     125.027     4.2257     2.77009
20     9     17     36.8667     1.63469     4.45631
21     15     17     56.8     4.34555     4.35835
22     32     37     160.187     1.51805     4.66102
23     32     7     151.827     4.42512     4.16913
24     38     29     82.5867     2.55832     2.67663
25     29     24     101.453     4.53557     3.62224
26     24     33     185.627     3.79171     2.92123
27     17     29     156.333     4.78787     3.11495
28     43     3     307.733     2.22346     3.22848
29     38     35     160.613     3.48675     3.47674
30     12     10     148.547     4.32514     2.70951
31     34     35     156.613     4.47319     2.73721
32     24     16     154.973     4.72015     4.9263
33     13     33     74.3067     2.15275     3.20612
34     29     35     84.7333     2.05704     3.87806
35     20     37     159.333     3.71352     3.86586
36     39     8     284.227     3.07039     2.80023
37     17     13     17     4.52937     3.07642
38     11     19     69.52     4.32792     3.27586
39     16     33     250.08     4.2523     4.0933
40     24     9     177.267     4.16684     4.65911
41     43     37     93.16     4.09175     3.39732
42     17     38     125.68     2.81649     3.81169
43     47     11     69.2933     2.78103     4.33737
44     21     31     149.187     4.70946     2.65206
45     38     30     210.773     1.732     3.58524
46     15     17     115.32     1.97842     3.51634
47     11     32     66.7333     1.87684     2.90345
48     22     8     33.1467     2.14335     4.83215
49     17     5     270.587     2.69697     3.72524
50     46     18     321.88     1.98302     4.60509
51     28     30     164.547     3.44029     4.54718
52     37     1     42.5733     2.09645     4.21773
53     22     23     47.08     3.02532     3.63414
54     22     12     267.227     2.65082     2.54044
55     11     17     208.853     2.13266     4.53696
56     17     38     44.8667     4.81671     2.85569
57     13     9     60.3733     3.98505     4.42244
58     34     6     181.693     3.89137     2.5943
59     33     7     77.5867     3.31339     2.71615
60     22     5     228.213     2.10938     3.38397
61     8     24     261.587     2.01154     2.55722
62     41     11     152.467     2.64068     3.91079
63     24     12     277.587     2.47778     2.56607
64     35     19     82.3733     2.27548     3.09336
65     8     40     261.587     3.14431     3.9246
66     38     18     277.653     3.79833     3.56853
67     15     37     187.773     3.19419     2.76818
68     33     28     52.5067     2.54796     2.99081
69     22     40     158.547     2.46507     2.89178
70     8     15     269.947     3.16567     3.14318
71     17     24     292.88     3.54187     3.76659
72     34     6     198.413     3.53044     4.36148
73     34     19     270.867     2.03493     3.87043
74     26     23     201.56     1.8825     2.77009
75     14     33     50.2267     3.54817     4.3305
76     38     37     227.493     2.63363     2.83135
77     30     31     244.573     4.33219     2.87812
78     35     15     308.093     3.36531     2.70653
79     39     38     167.187     2.12647     3.11686
80     39     32     52.9333     1.51389     4.92981
81     27     18     160.76     2.18917     4.10192
82     37     5     103.88     3.24429     4.89448
83     22     11     55.44     4.51314     2.73301
84     45     25     173.187     3.00993     4.65186
85     9     31     117.68     3.73072     3.95985
86     17     20     234.36     3.80111     4.52277
87     42     37     270.507     1.7053     3.79887
88     34     32     240.213     4.58054     2.52098
89     18     11     199.133     4.81083     2.66404
90     25     11     186.627     3.90611     4.09001
91     22     34     69.3733     2.39842     4.00937
92     22     8     228.213     2.24204     4.65156
93     47     21     295.013     3.45065     3.28333
94     28     22     117.173     2.95621     4.96696
95     34     6     309.88     1.92363     4.69741
96     18     39     101.6     1.5062     4.31104
97     17     1     145.187     3.7758     3.30515
98     12     2     226.573     4.81211     3.95863
99     15     31     109.747     3.68532     4.89586
100     8     33     258.8     3.81724     3.48292
101     40     12     157.04     2.45386     3.69854
102     34     28     89.7333     4.23585     4.8674
103     15     8     271.373     2.0987     2.90033
104     16     4     116.32     3.48932     4.429
105     14     34     36.2933     3.13192     2.97632
106     23     33     293.307     4.82846     2.55501
107     26     25     106.813     4.02713     2.83189
108     20     29     145.4     2.14441     3.75172
109     27     9     88.3067     2.87396     3.75813
110     36     38     189.267     1.96699     4.50552
111     16     4     219.427     4.71972     3.69907
112     37     40     215.347     2.14965     3.95695
113     26     7     282.373     3.09859     4.33218
114     26     17     28.7867     4.243     4.88723
115     12     1     12     2.24877     3.46049
116     18     11     168.48     3.5548     2.5164
117     34     7     293.16     3.01645     2.71821
118     26     14     251.72     2.39863     3.61568
119     47     34     269.933     4.94766     3.08771
120     47     27     86.0133     4.52937     3.4302
121     20     23     25.5733     3.56751     3.23
122     12     33     201.493     4.76565     2.91612
123     24     30     252.507     3.84747     3.12731
124     10     12     35.08     1.8009     3.78903
125     43     28     210.2     4.3589     3.03781
126     11     17     256.227     2.70156     3.88562
127     10     17     230.147     4.61536     2.76368
128     46     12     73.8667     1.59186     2.83715
129     22     19     58.2267     4.10201     3.73074
130     23     2     206.92     2.52809     3.05597
131     13     33     180.2     3.49178     3.88134
132     28     15     145.04     2.55757     3.5345
133     39     40     114.24     4.55042     2.87927
134     25     26     164.333     4.96828     3.95611
135     34     34     243     1.72762     2.62749
136     28     36     55.8667     3.22314     4.11939
137     46     34     235.493     3.93709     3.09801
138     17     4     153.547     2.08385     3.67428
139     10     33     232.933     2.52243     3.47461
140     32     37     296.733     2.42138     4.67093
141     22     20     292.307     4.4122     3.6079
142     18     22     26.36     2.21331     4.42091
143     23     20     25.7867     4.46123     3.2828
144     15     34     123.68     3.2304     3.67145
145     22     37     161.333     1.98003     4.29884
146     19     6     200.133     2.40867     2.59117
147     40     39     201.627     1.95204     2.86233
148     29     6     90.3067     2.9107     4.56938
149     31     40     248.36     4.43741     4.79217
150     23     40     293.307     2.87332     2.82708
151     8     24     49.8     3.16439     3.53633
152     17     15     128.467     3.84309     4.84123
153     44     35     122.027     3.80987     3.50314
154     37     17     56.5067     3.89959     4.58045
155     31     19     203.773     2.46518     3.70289
156     20     25     33.9333     3.46582     2.55432
157     20     35     231.787     4.79086     4.20354
158     8     30     24.72     2.80624     3.67481
159     38     29     104.88     1.85762     2.89796
160     24     2     49.08     1.71235     2.92947
161     41     21     291.8     4.17742     2.58408
162     47     12     111.093     4.87599     3.8686
163     15     12     201.707     4.41807     3.35765
164     29     15     65.2267     4.94905     4.90333
165     43     38     51.36     1.80923     2.81693
166     20     24     134.253     2.79246     3.41723
167     34     4     137.107     4.23339     4.08078
168     37     12     151.253     1.91156     2.69044
169     28     35     178.48     4.50534     4.11817
170     9     40     259.8     1.57872     4.13556
171     40     35     282.44     4.33892     4.89135
172     24     31     90.88     2.6442     4.84672
173     13     32     152.333     2.00139     4.81025
174     29     31     154.4     1.53386     2.96068
175     10     20     121.467     3.15552     3.00081
176     39     4     75.2267     3.93559     3.3311
177     39     12     195.053     2.38816     3.88462
178     34     20     259.72     2.17101     3.51428
179     25     23     80.7333     1.92769     4.57144
180     28     34     103.24     3.75742     2.56836
181     10     34     255.227     4.54796     2.56424
182     17     35     30.9333     2.65456     2.6648
183     22     15     247.72     1.66022     3.7775
184     40     27     293.587     1.70113     3.51177
185     24     24     152.187     2.0925     3.36612
186     19     9     85.88     2.23766     4.59075
187     43     33     68.08     3.5565     4.36888
188     43     31     243.64     2.91636     2.70516
189     26     28     34.36     4.80111     4.16333
190     9     27     270.947     4.20017     4.84222
191     16     2     205.493     2.45524     3.73302
192     14     17     144.973     4.54732     3.84594
193     8     17     35.8667     4.05683     4.74822
194     44     31     244.64     2.2853     4.4042
195     46     16     243.853     4.76907     4.45769
196     11     39     33.2933     3.1709     4.34706
197     28     21     195.2     4.7853     3.39442
198     37     40     285.013     2.13822     3.75851
199     23     31     148.4     4.42053     3.39305
200     10     29     57.3733     2.23435     4.40001
201     47     5     189.12     4.89116     3.41968
202     13     5     49.2267     4.24258     4.44685
203     34     29     114.813     4.28114     3.21474
204     13     1     141.187     1.99242     3.53702
205     33     21     281.013     2.69643     4.74807
206     37     33     298.947     4.35847     3.13265
207     26     38     260.08     2.60756     3.9861
208     44     40     57.9333     3.44499     4.69375
209     21     36     232.787     4.3777     2.9725
210     22     3     24.7867     4.45994     3.16424
211     39     39     284.227     3.98024     4.72053
212     33     14     197.413     1.77451     3.27136
213     42     13     234.28     3.40291     3.41762
214     40     31     190.48     2.67219     3.63674
215     34     22     273.653     2.2398     4.94407
216     36     1     242.213     4.28359     3.69984
217     17     31     290.093     1.9702     2.7018
218     22     34     275.587     4.20968     3.45485
219     20     16     109.173     1.92576     3.75805
220     22     30     122.32     2.8323     3.49948
221     12     29     67.7333     4.44456     2.79984
222     32     2     37.5733     4.31275     2.89567
223     47     24     205.84     4.71288     3.90164
224     41     9     252.787     2.27622     4.8442
225     20     5     45.08     3.79492     2.60559
226     30     10     286.373     2.68596     2.67045
227     27     21     85.52     2.84918     3.314
228     38     40     249.787     3.40323     3.62369
229     42     36     142.32     3.0329     4.49438
230     27     33     297.307     3.93527     2.98784
231     24     20     146.613     4.09389     4.19706
232     29     31     293.733     3.37118     3.50589
233     47     39     197.48     1.64933     3.38527
234     30     35     124.747     4.00513     2.61582
235     34     40     162.187     4.15371     4.57793
236     31     29     306.88     3.14602     4.99969
237     11     27     13.7867     3.05191     3.30409
238     10     12     15.5733     4.61664     2.94458
239     47     25     239.28     4.62188     4.87136
240     30     12     32.7867     4.43847     4.51712
241     16     37     247.293     4.5031     3.94528
242     38     19     227.493     3.20476     4.54894
243     10     9     171.627     2.91433     4.44243
244     34     4     301.52     3.14185     3.43616
245     22     10     83.3067     4.55715     4.73495
246     37     37     134.533     3.85591     3.7505
247     42     39     75.44     3.20797     3.16874
248     13     40     277.733     3.76981     4.66308
249     31     6     103.453     3.49765     3.89309
250     38     37     135.533     3.74514     4.18073
251     34     15     50.72     2.87791     3.00325
252     23     38     131.68     2.3934     4.19492
253     20     8     92.4533     3.77569     4.99611
254     43     33     274.293     4.07392     3.343
255     18     31     249.293     3.43506     4.53673
256     26     26     62.2267     4.57904     2.68212
257     14     19     275.947     3.44649     3.53931
258     45     15     111.88     3.50758     4.17547
259     36     27     292.373     3.96347     3.5596
260     14     18     55.8     4.82546     4.49103
261     29     13     95.88     3.60714     3.49971
262     14     3     139.4     2.11301     4.11306
263     47     9     113.88     1.55789     2.62566
264     28     35     197.987     4.50171     4.26595
265     11     19     161.48     1.83454     3.8979
266     29     17     285.373     1.79588     4.15044
267     22     21     52.6533     2.26148     2.61338
268     30     1     291.947     1.78445     3.49239
269     41     26     227.707     3.12262     2.86111
270     36     32     203.2     3.23809     2.90429
271     9     4     212.427     4.0032     4.28938
272     13     10     247.08     2.59539     4.55908
273     32     31     268.867     2.81927     4.18569
274     12     36     240.507     2.83551     3.17606
275     41     36     275.08     4.03482     4.86992
276     17     27     95.0267     3.53899     4.82048
277     40     15     226.707     4.56505     3.89897
278     38     35     263.72     3.63544     3.51398
279     40     9     198.84     2.86926     4.58449
280     27     32     275.013     2.83946     3.15928
281     11     14     130.827     3.22944     4.32272
282     43     24     257.573     1.77377     4.77599
283     37     32     301.733     4.71758     3.2374
284     29     39     229.64     4.27921     4.04935
285     25     11     242.36     2.84939     3.13471
286     12     2     23.1467     4.41316     4.1921
287     35     31     79.5867     3.92662     4.27091
288     23     20     134.467     3.63523     4.11756
289     12     1     39.8667     3.06601     4.93217
290     18     12     104.387     2.17977     4.42679
291     34     10     89.7333     2.91636     3.82733
292     43     21     162.827     3.11728     3.7067
293     13     39     213.64     3.06249     2.79313
294     29     13     171.12     4.60158     2.64176
295     35     7     188.267     2.1175     4.8117
296     41     15     141.32     4.8056     3.43791
297     21     40     71.16     2.0016     4.84031
298     16     33     258.44     2.04476     4.5584
299     8     34     150.12     3.90921     3.45424
300     34     22     220.707     4.08748     3.27303
