1     18     2     215.625     2.30357     3.85502
2     32     6     316.58     4.07701     2.88224
3     28     30     494.395     1.69301     4.91272
4     9     23     657.21     3.99231     3.88424
5     11     11     137.48     4.28797     2.57462
6     15     3     465.585     3.52596     3.28387
7     21     15     447.87     1.54283     4.38101
8     39     19     181.29     4.65403     4.35621
9     31     20     323.485     1.55683     3.76789
10     36     12     723.735     4.7852     4.22651
11     37     18     811.69     4.69611     4.8043
12     25     30     159.385     3.22698     2.51312
13     22     3     725.545     2.4044     4.74044
14     9     30     333.105     2.84053     2.7826
15     37     14     210.91     2.70167     4.36949
16     39     12     212.91     3.38218     4.31692
17     26     37     476.585     1.86926     3.70121
18     46     13     330.58     4.03269     4.19378
19     39     14     758.355     3.8229     2.94824
20     19     26     208.72     4.61408     4.67933
21     11     6     42.62     3.17325     3.82504
22     21     23     503.205     1.9938     3.4328
23     42     33     476.775     1.97404     3.65917
24     12     30     762.975     2.67731     4.02486
25     34     4     152.575     4.15787     4.81513
26     47     34     315.77     2.58599     4.26664
27     8     11     648.305     1.65841     4.4306
28     29     4     653.495     4.02542     4.85336
29     9     35     696.735     4.72228     4.46539
30     29     25     463.775     3.33818     3.31851
31     18     34     286.77     4.40579     4.56275
32     30     9     788.88     1.74706     3.30226
33     17     33     578.255     3.76106     2.72309
34     40     34     348.295     4.38368     4.13083
35     17     1     617.78     2.20936     3.79048
36     8     3     751.07     4.00491     3.20933
37     9     27     24.81     3.10115     3.25137
38     8     34     569.255     1.89789     3.72707
39     30     38     267.15     2.46432     3.84587
40     44     39     794.975     2.97148     2.67479
41     29     5     590.255     4.43976     4.99168
42     30     6     116.955     2.53568     4.17501
43     10     39     397.345     3.90429     2.52029
44     44     40     115.145     3.26832     3.12426
45     43     5     604.255     2.78146     3.72616
46     13     19     605.875     2.86905     4.14869
47     21     8     194.91     4.03941     2.72744
48     39     21     695.115     4.90216     3.371
49     31     40     339.295     4.37631     3.64048
50     20     21     233.435     3.8244     2.99112
51     10     22     73.24     3.09368     4.06552
52     32     3     814.595     3.70316     3.67847
53     23     19     196.91     2.6567     3.88592
54     13     3     724.45     4.11985     4.77691
55     17     22     696.83     4.44243     4.37956
56     23     14     600.065     2.26223     4.82276
57     46     17     93.43     3.17518     2.64222
58     9     16     570.255     4.20348     4.87434
59     43     13     675.4     4.54988     3.8245
60     14     27     764.975     3.36883     4.65514
61     45     18     535.11     3.04208     3.68
62     32     18     198.005     3.19013     4.00838
63     8     32     624.59     3.90654     3.92727
64     36     7     162.48     3.44755     4.66475
65     36     25     336.39     1.86253     2.92299
66     36     31     75.525     2.79897     4.82276
67     11     29     627.59     3.96699     4.14914
68     20     40     162.29     3.4968     4.0408
69     28     4     431.155     2.17475     2.51091
70     14     34     148.385     4.29171     3.44272
71     43     15     422.44     4.08705     3.44874
72     46     3     259.435     2.52521     3.73516
73     39     8     102.24     2.88656     4.86175
74     30     1     401.535     1.90867     3.53755
75     11     29     627.59     1.96123     4.34416
76     43     4     406.63     4.99007     3.02499
77     38     1     812.69     3.21384     4.23421
78     38     1     788.975     4.30805     2.88293
79     26     11     381.725     4.56078     4.47546
80     37     8     345.295     3.73424     3.57509
81     32     5     648.59     3.11728     3.29051
82     23     22     631.685     3.50203     4.9234
83     27     30     604.065     4.0706     3.16744
84     19     4     714.64     4.92395     3.5004
85     9     8     546.54     3.74033     4.65857
86     10     15     183.91     3.29502     2.83486
87     21     3     740.355     2.82675     2.99188
88     16     38     63.43     3.98579     3.9288
89     15     40     679.02     4.34651     4.99474
90     15     23     520.92     2.22057     3.58753
91     35     7     359.105     3.25475     3.83015
92     28     3     565.54     3.54508     3.06291
93     46     26     536.11     2.75689     4.04592
94     32     5     798.785     4.47981     4.50781
95     44     40     154.67     4.80592     4.43564
96     16     14     727.45     3.36264     2.74354
97     28     26     502.3     2.78787     3.71265
98     37     36     297.865     2.8778     4.84092
99     18     9     523.92     4.39553     3.9964
100     37     23     448.06     4.27259     2.51144
101     20     22     676.115     4.18831     4.61112
102     17     18     222.53     3.7618     4.81376
103     22     25     322.39     3.84053     3.69739
104     37     24     187.195     1.61963     3.67008
105     23     11     94.145     3.07712     2.63588
106     11     36     675.02     2.95866     4.69718
107     17     36     412.25     3.29652     3.28349
108     16     40     300.58     3.19697     3.34811
109     21     37     376.725     2.88112     3.02232
110     21     39     21     3.71224     3.86822
111     20     31     423.155     1.69536     2.62116
112     23     19     600.065     1.6834     3.56189
113     15     10     394.44     4.27184     4.40916
114     39     32     457.965     3.12049     4.87327
115     16     23     600.97     4.18319     3.26189
116     11     31     493.205     3.08097     2.77802
117     39     15     260.34     2.10372     2.90078
118     27     12     422.25     3.07392     4.9897
119     14     33     409.25     1.55693     2.50389
120     21     32     716.64     2.65242     4.97589
121     38     32     53.81     3.35121     3.6301
122     10     40     697.735     3.69216     2.78909
123     39     10     46.905     2.20284     4.95521
124     47     20     718.925     2.8589     3.7096
125     43     11     129.955     3.04646     4.82078
126     21     40     258.15     3.76202     4.6997
127     12     32     241.245     4.53333     4.09566
128     9     31     333.105     3.29705     3.67168
129     10     20     160.195     2.21662     4.34973
130     20     27     233.435     4.67464     4.06812
131     38     15     630.875     4.4247     3.83999
132     20     6     533.825     4.63715     4.75433
133     9     34     175.005     4.82162     3.80978
134     25     28     459.775     3.86317     2.72294
135     22     20     227.53     2.65467     2.59972
136     25     38     183.1     2.0596     3.61248
137     43     31     153.67     4.19109     2.57195
138     21     25     416.25     2.24044     2.53639
139     29     12     305.675     1.83978     4.84619
140     9     37     135.48     3.19376     2.72652
141     33     35     744.45     4.46294     4.34843
142     8     15     632.495     4.63619     4.48744
143     19     4     216.625     3.3731     2.67251
144     46     32     686.305     4.05426     4.4644
145     11     9     66.335     3.51965     3.75416
146     44     11     549.92     2.73435     2.72347
147     35     33     627.875     4.36135     4.85672
148     40     19     174.385     3.47906     2.64412
149     19     7     769.975     3.92673     2.87034
150     42     26     785.07     3.51143     3.624
151     45     16     305.865     1.56249     3.42349
152     40     3     237.625     3.56687     4.09673
153     33     1     538.92     2.86926     2.80633
154     42     17     215.91     1.67272     4.86198
155     9     39     32.715     2.32386     2.70745
156     39     14     70.62     3.11483     2.7279
157     46     5     623.065     3.09047     2.76246
158     15     5     181.005     4.59143     4.46684
159     42     34     381.915     4.01869     3.41525
160     46     24     670.495     1.55544     3.58173
161     20     7     178.1     2.82856     4.09215
162     31     34     323.485     4.74418     4.88731
163     39     13     521.205     4.9843     4.1879
164     47     22     497.585     2.89489     4.40191
165     19     6     477.49     3.25411     4.36476
166     22     7     686.02     4.6504     4.55313
167     43     15     295.96     4.9592     3.16355
168     42     14     516.3     2.14975     4.69504
169     37     21     471.775     1.90814     3.92788
170     43     23     137.86     3.30859     4.43838
171     21     4     716.64     2.02094     4.54009
172     8     20     703.64     3.28509     4.79301
173     18     25     389.535     3.63907     4.97024
174     32     24     158.48     3.63459     4.62333
175     15     34     402.345     3.5235     2.63726
176     18     5     128.67     2.15136     4.91531
177     44     16     360.2     3.54059     3.08336
178     14     24     504.11     2.39831     3.35711
179     35     20     169.385     2.0345     3.45958
180     41     15     736.64     4.42288     4.23154
181     19     7     248.245     4.88891     3.82511
182     29     10     226.625     4.66204     3.62072
183     8     9     340.01     3.77323     3.75843
184     23     7     78.335     1.53386     4.92424
185     17     11     728.45     2.08011     4.28129
186     16     27     213.625     3.21715     4.68871
187     40     4     348.295     4.54743     2.59491
188     44     16     107.24     2.6176     3.7508
189     22     24     401.44     2.06858     4.62882
190     21     34     787.785     3.52254     3.69205
191     20     20     280.865     4.19152     2.90208
192     17     10     483.395     3.44264     3.6066
193     35     4     185.195     3.80325     4.69764
194     16     19     110.86     3.1411     4.68108
195     37     29     226.72     3.50374     3.04773
196     31     15     766.165     4.35089     2.58713
197     42     11     223.815     2.16567     3.03369
198     16     27     648.4     2.67806     2.68708
199     12     36     565.35     4.68361     3.39663
200     40     6     458.965     3.69483     3.05063
201     44     19     423.44     2.40793     3.46133
202     15     38     133.575     2.7179     2.78558
203     34     38     49.81     4.76949     2.87294
204     11     27     184.91     1.77558     3.18033
205     40     17     300.865     3.08919     4.14556
206     22     18     132.67     4.26223     4.1586
207     24     17     292.77     3.07627     3.02324
208     11     36     279.77     4.77975     3.5474
209     18     17     104.955     3.5141     4.15464
210     45     13     313.77     2.16695     4.15685
211     31     16     718.735     1.63266     4.57846
212     32     29     616.97     4.21705     3.67298
213     16     25     751.165     4.16994     2.52281
214     14     26     108.86     3.08043     4.86267
215     16     34     593.065     2.11867     4.01654
216     44     3     613.16     1.85815     3.59111
217     22     38     488.395     3.66375     4.81277
218     26     23     223.625     4.88005     4.65224
219     12     3     620.685     2.80325     2.6252
220     14     20     401.345     3.17197     2.91086
221     26     20     595.16     2.66065     4.67757
222     25     17     364.915     4.11034     4.75822
223     28     8     67.525     2.48163     3.06413
224     25     37     696.925     3.76319     4.87915
225     47     1     521.3     4.32055     2.92405
226     37     37     440.155     3.42032     3.33232
227     33     6     64.62     4.41295     3.42753
228     13     33     36.715     3.80944     2.94298
229     22     9     417.25     4.23617     4.07468
230     39     39     347.295     1.50096     4.50766
231     11     18     406.25     2.75753     3.80673
232     19     15     793.69     4.99947     4.81208
233     39     26     260.34     4.87022     2.93016
234     24     6     608.97     4.02296     4.96117
235     37     9     471.775     4.01517     2.85264
236     28     20     186.1     3.96999     4.02142
237     44     1     75.62     1.99295     3.63216
238     40     37     585.445     3.0737     2.97624
239     46     17     148.765     2.96112     4.33828
240     25     3     467.68     3.24364     3.9935
241     37     19     345.295     2.61995     3.7257
242     33     27     420.345     2.09517     2.50542
243     25     37     167.29     4.08545     3.72105
244     12     36     288.675     4.66631     4.60135
245     11     20     208.625     4.44948     3.22138
246     44     35     628.97     2.32151     4.73258
247     45     28     424.44     4.52884     4.70565
248     37     1     369.01     2.84426     3.7302
249     40     25     292.96     3.29962     3.65841
250     9     27     752.07     3.21598     4.63538
251     21     10     542.73     1.52104     3.30622
252     29     25     400.535     3.08267     3.84106
253     44     25     423.44     4.04614     4.66666
254     42     40     816.69     2.90921     2.54807
255     40     20     530.11     3.31863     4.40909
256     37     33     392.725     4.32183     3.53214
257     9     31     593.97     3.56003     3.02919
258     24     7     435.06     2.13619     3.22398
259     33     31     467.775     1.64142     3.33491
260     23     4     694.925     3.07552     4.10207
261     23     8     331.295     1.64484     4.24528
262     11     29     627.59     4.67389     4.89769
263     23     9     370.82     3.61098     4.90181
264     26     26     587.255     4.3684     3.61217
265     8     3     672.02     4.97458     4.09223
266     21     31     669.21     3.77857     3.34765
267     36     21     265.245     4.18757     4.98703
268     41     29     420.44     4.67304     3.4489
269     20     27     684.02     3.03001     2.68799
270     47     17     70.715     3.6238     3.45904
271     17     18     459.68     4.10778     4.59014
272     21     12     337.2     2.84811     4.88655
273     20     21     35.81     3.53803     3.55441
274     42     2     626.97     2.23756     3.28578
275     32     19     166.385     3.32226     3.89523
276     29     35     590.255     4.0753     3.14936
277     26     31     492.395     4.90739     2.67853
278     14     5     235.34     2.43976     3.11327
279     24     15     442.965     4.93303     3.83358
280     19     16     430.06     2.79705     3.97443
281     47     22     244.625     3.66738     2.57614
282     13     40     352.915     1.77975     4.52094
283     35     10     264.245     1.63053     2.6458
284     41     31     689.21     4.15424     2.67411
285     35     7     201.005     1.90472     3.85372
286     8     33     506.015     3.47415     4.44449
287     26     2     286.865     4.13234     4.94484
288     47     38     102.335     3.4232     3.19834
289     15     14     354.915     4.20145     4.27099
290     31     27     750.355     2.84362     4.23872
291     46     10     385.915     3.1191     3.27784
292     22     17     543.73     3.95364     4.69726
293     37     40     542.92     4.07189     2.80343
294     36     36     360.105     1.75123     3.73981
295     40     8     688.21     4.67347     4.68955
296     39     21     821.595     3.60617     3.08367
297     37     20     764.26     1.90066     3.70518
298     8     1     23.81     2.0392     2.82792
299     41     18     507.395     2.71641     4.78378
300     12     7     581.16     2.18928     2.59575
