1     9     22     196.88     1.59058     4.43091
2     27     18     339.015     2.97522     2.8251
3     43     26     106.745     1.77216     3.57395
4     17     32     37.13     1.90291     3.34338
5     21     34     222.3     2.50107     4.62645
6     31     19     74.615     1.71299     2.90994
7     13     20     66.68     1.84587     3.45599
8     11     22     229.075     4.59699     4.33828
9     32     18     323.885     4.34747     3.62339
10     14     33     208.59     3.25689     4.83917
11     42     22     176.2     3.64174     3.61888
12     13     25     157.265     4.87204     4.66338
13     26     17     52.84     2.2711     4.41099
14     33     25     331.595     4.75315     3.5564
15     43     31     106.745     2.18148     4.80812
16     23     32     180.685     4.18426     2.5264
17     29     19     280.625     4.40878     4.63195
18     41     25     54.42     2.45215     3.42425
19     33     15     224.235     3.95097     3.20391
20     18     18     272.98     1.56302     3.83557
21     25     18     206.17     4.32952     3.14447
22     22     27     323.95     2.64676     4.78668
23     29     31     233.655     2.837     4.4837
24     24     24     151.49     4.54871     3.76141
25     15     34     18.355     2.47266     4.08544
26     26     16     180.33     4.60895     3.03163
27     16     22     160.265     1.56558     2.884
28     8     18     182.46     1.62925     3.29974
29     33     32     187.33     3.08524     3.43242
30     37     29     318.82     4.52767     2.65358
31     11     35     312.95     1.63918     2.76399
32     29     26     149.78     4.67923     3.33422
33     15     24     337.08     4.15937     3.06619
34     10     17     298.53     2.94649     3.81588
35     31     32     74.615     3.77398     2.66701
36     31     34     148.425     3.89575     3.69854
37     11     18     178.75     4.86947     4.8336
38     24     33     74.325     1.70113     3.91316
39     37     16     245.01     4.83732     4.38368
40     32     33     317.175     3.23702     4.73922
41     21     19     54.55     2.51047     4.60952
42     16     33     29.42     4.35665     4.13434
43     38     15     306.4     1.78562     4.51407
44     15     34     259.915     3.35943     3.87776
45     39     17     166.49     3.43474     3.85983
46     13     21     241.14     2.64495     3.52451
47     11     35     215.655     2.6019     3.5303
48     23     23     224.3     2.0549     4.67368
49     9     15     247.205     2.48985     3.70365
50     22     16     270.27     4.90259     3.04781
51     36     35     368.145     2.23254     4.83924
52     32     30     354.08     1.68906     3.38633
53     44     31     44     4.45589     3.97603
54     13     32     53.26     1.50812     4.64988
55     12     29     105.94     4.02564     3.84457
56     43     15     79.905     2.63779     3.03812
57     42     32     169.49     3.48312     4.79026
58     42     24     192.975     3.81959     2.82006
59     11     15     74.745     2.66813     4.50987
60     25     30     68.615     3.72549     4.97642
61     20     15     305.175     4.52948     3.10038
62     32     33     213.17     2.61194     3.65452
63     41     20     272.495     2.12305     3.42044
64     11     25     262.625     2.66214     2.93626
65     18     20     276.335     2.7978     4.26389
66     38     28     366.79     3.51474     3.91797
67     41     18     81.26     2.06783     3.8464
68     19     15     247.14     3.48109     4.60311
69     13     26     153.91     1.67379     3.60408
70     37     32     80.615     2.94937     2.60689
71     10     24     261.625     1.8307     4.80483
72     25     21     55.195     2.9765     3.17484
73     31     32     88.035     2.66321     2.97235
74     8     18     259.625     2.56697     2.5116
75     47     33     201.33     4.3291     2.62238
76     30     18     201.105     1.64046     3.92476
77     8     22     185.815     2.32931     4.8114
78     22     18     223.3     2.68543     4.27885
79     31     27     215.525     2.50662     4.99794
80     43     22     147.005     4.10126     3.26373
81     26     26     280.98     3.23072     3.7167
82     16     26     304.53     2.7273     2.97418
83     13     22     190.815     4.2711     2.56455
84     10     16     221.365     2.05992     2.80282
85     21     22     346.435     3.85826     2.99982
86     25     19     65.26     1.6568     4.64492
87     16     15     190.46     4.93121     2.95289
88     19     23     45.84     2.72869     3.41594
89     19     27     52.55     2.57317     3.75072
90     8     33     148.91     1.91829     2.88194
91     18     19     75.035     1.6348     4.85282
92     47     33     73.84     4.76768     4.30197
93     28     35     44.775     1.54443     3.90004
94     47     35     308.69     2.87236     2.88293
95     36     17     237.3     4.30624     4.57625
96     15     18     82.1     2.22292     4.54764
97     26     18     150.135     3.68586     4.78172
98     23     30     93.455     4.73467     3.01431
99     39     26     143.005     4.58342     2.61979
100     12     15     173.04     2.46368     4.68986
101     45     29     132.23     2.594     2.69562
102     16     21     133.425     2.01239     3.87402
103     29     18     257.14     4.25582     2.72729
104     23     24     187.395     2.11995     3.27807
105     14     33     134.78     3.98558     2.96991
106     44     18     211.75     4.94275     4.85389
107     29     34     102.81     1.70156     3.4518
108     26     23     344.725     1.51997     3.43715
109     39     32     361.08     1.63459     4.02356
110     28     31     343.37     4.9295     3.20215
111     41     29     81.26     2.82557     4.71885
112     37     20     107.455     1.62775     4.42961
113     33     25     153.78     2.31083     3.92872
114     8     20     132.135     2.98099     3.08626
115     26     24     210.525     3.99615     4.38803
116     33     22     214.17     4.48056     3.21802
117     19     23     22.355     1.71609     4.47371
118     18     21     75.035     3.14772     4.65476
119     41     25     138.295     2.98323     4.81651
120     24     23     242.075     3.12604     3.52779
121     25     31     152.49     2.42256     2.72469
122     35     19     162.49     2.45962     3.10022
123     38     27     108.455     2.89554     4.42068
124     9     29     341.145     3.06067     4.90944
125     17     26     23.71     3.80998     2.58911
126     11     22     333.08     1.86349     2.72187
127     28     28     152.135     2.11824     4.23917
128     15     20     266.625     1.66631     4.3012
129     31     22     332.95     2.5032     3.87745
130     21     15     309.53     3.16076     3.48773
131     19     17     347.79     1.75037     4.49515
132     10     21     191.17     2.64826     2.59156
133     9     24     317.66     3.30966     3.86616
134     47     16     355.66     2.44478     2.5972
135     20     32     204.525     2.54219     3.65886
136     35     24     132.295     2.47233     3.68168
137     26     20     170.265     2.15691     3.85983
138     13     23     194.17     4.53845     3.54381
139     40     18     147.36     1.83294     2.51007
140     27     16     94.1     4.80282     3.54778
141     35     23     199.395     4.03044     3.25404
142     22     24     199.815     2.43142     2.67739
143     39     20     55.775     4.48825     3.20071
144     36     34     170.2     3.43933     4.30403
145     12     34     55.615     2.41017     3.59767
146     20     17     335.37     2.21833     3.2667
147     28     24     219.235     2.33743     3.31721
148     22     15     287.045     3.75529     3.26456
149     38     20     172.2     4.20946     2.65526
150     24     24     134.715     2.53536     4.56206
151     22     18     89.1     2.61151     4.94301
152     9     33     337.79     2.13448     4.50636
153     35     32     350.37     2.21096     3.46995
154     43     31     69.84     1.99829     3.35757
155     8     20     115.36     3.88005     3.7212
156     17     23     308.885     3.90921     2.93146
157     44     29     70.84     3.50577     3.42555
158     29     33     146.425     3.14014     3.05406
159     41     34     275.85     3.489     2.91704
160     44     16     124.52     2.79716     3.32972
161     24     16     67.615     1.9294     3.30897
162     32     25     146.07     2.348     2.72095
163     44     32     329.175     4.99861     4.98016
164     37     23     130.94     2.33946     4.44113
165     35     29     162.49     3.00043     3.87341
166     28     23     232.655     4.30132     3.6594
167     24     27     154.845     4.61985     3.10732
168     19     32     102.875     2.33818     3.01843
169     19     33     146.49     3.3573     4.89998
170     35     26     192.685     4.90889     3.46431
171     31     30     74.615     2.15285     2.80496
172     41     22     168.49     2.79321     2.88942
173     28     35     343.37     1.69611     4.26077
174     14     25     60.97     2.24632     2.58721
175     27     25     241.72     4.92448     3.45149
176     39     18     189.975     4.34053     4.0199
177     28     26     215.88     2.70829     4.48126
178     30     19     157.49     3.99413     3.39839
179     27     35     201.46     3.72474     4.86
180     47     20     97.325     1.68906     4.07537
181     14     22     47.55     3.51762     4.30265
182     11     35     225.72     3.37449     4.2497
183     41     24     64.485     4.74578     3.84037
184     32     34     283.625     1.55875     4.98451
185     43     24     46.355     4.61814     2.74438
186     23     29     26.355     4.08919     3.53694
187     46     21     237.235     2.01773     3.26235
188     37     25     37     2.11782     4.50095
189     11     28     316.305     3.31147     3.16698
190     27     21     308.82     3.25689     3.76225
191     27     29     332.305     2.34811     3.61774
192     14     21     118.005     3.91989     2.76605
193     31     26     131.65     4.64431     4.83413
194     8     18     276.4     2.35099     3.09687
195     25     26     162.555     4.75742     4.58266
196     28     32     299.755     3.34202     3.87135
197     41     15     128.23     4.34608     4.47523
198     30     32     46.775     4.13672     4.44334
199     9     18     79.455     4.41807     4.08055
200     41     22     366.435     3.52211     4.92126
201     25     35     266.56     3.26608     2.84814
202     23     15     23     2.60863     4.49828
203     20     31     184.395     3.59101     4.84436
204     20     15     342.08     4.2962     2.59491
205     41     32     322.82     4.31169     3.80154
206     19     32     263.915     4.42875     2.81449
207     27     15     318.885     1.56366     3.47903
208     8     23     155.62     2.63598     4.70992
209     33     25     261.14     2.38485     3.33735
210     44     17     325.82     4.86306     3.36413
211     39     19     304.045     2.08769     4.52422
212     21     34     255.85     3.58652     4.28327
213     19     28     52.55     2.32055     3.67336
214     27     32     147.78     2.21972     3.60057
215     25     31     55.195     3.31542     4.51643
216     28     23     175.62     3.2037     3.59508
217     39     19     176.555     1.82365     4.80583
218     25     25     172.62     1.78658     3.521
219     10     24     187.815     1.73862     3.5519
220     15     29     132.425     2.99135     3.25068
221     39     19     220.17     2.40675     3.57143
222     30     20     211.17     2.26843     4.72938
223     42     28     347.305     3.12519     4.34904
224     13     20     177.395     3.33935     3.74294
225     43     20     217.46     2.82749     2.71058
226     44     28     302.335     3.22442     4.4982
227     20     35     228.01     1.95674     3.81046
228     17     22     302.175     3.96059     4.51506
229     37     16     349.015     3.02617     4.92943
230     12     18     162.975     2.00545     4.83184
231     16     29     338.08     2.8667     4.58632
232     27     27     191.395     4.32899     3.02278
233     28     31     199.105     4.56323     4.46219
234     39     35     233.59     4.69259     4.02829
235     14     26     114.65     3.57701     4.13602
236     44     35     70.84     4.11632     3.79719
237     20     30     271.625     4.05661     3.63407
238     13     34     311.595     2.03311     3.24206
239     33     28     133.65     2.33593     3.79101
240     14     19     218.655     3.63053     2.50687
241     12     29     142.845     4.11963     4.42373
242     40     18     231.235     4.87962     3.04682
243     16     32     197.17     1.85591     2.81755
244     32     30     209.815     4.2524     2.52091
245     37     23     298.69     3.2978     2.52541
246     32     15     360.79     2.62583     4.99741
247     22     33     126.005     2.75048     4.97887
248     45     17     61.775     1.87364     3.97084
249     41     26     67.84     3.50726     3.91194
250     32     19     136.005     2.14559     3.19269
251     10     23     285.11     3.97223     2.59758
252     37     20     97.39     4.83433     2.81343
253     24     22     44.13     3.47127     3.8966
254     15     22     169.33     3.72954     3.33811
255     14     25     87.81     3.24995     3.11861
256     17     33     30.42     2.86007     4.89334
257     28     27     192.395     2.65862     3.69633
258     30     34     97.1     1.52275     4.30784
259     36     24     96.39     4.52638     3.17141
260     27     25     80.68     2.49979     2.50496
261     37     35     57.13     1.72047     4.49377
262     40     28     120.52     4.96262     4.70771
263     27     31     94.1     4.39553     2.63245
264     11     26     255.915     3.06334     3.45599
265     21     26     239.075     2.92822     3.99983
266     36     32     156.78     4.21523     4.43731
267     13     19     113.65     3.04059     3.6877
268     25     35     296.755     4.05843     2.62879
269     28     30     115.23     3.61066     3.0163
270     20     21     40.13     2.11451     3.75271
271     19     30     42.485     4.67069     4.8954
272     16     15     140.135     2.12871     3.54373
273     27     23     278.625     3.59207     4.49828
274     40     29     123.875     4.09859     4.82917
275     22     33     270.27     3.9592     2.74804
276     25     34     31.71     1.99113     4.92134
277     12     18     186.46     2.12914     2.61658
278     19     25     102.875     4.64751     3.32301
279     31     23     188.685     3.98056     3.23557
280     43     34     49.71     2.87353     4.74471
281     31     18     108.165     1.84854     4.32066
282     11     24     125.07     1.72057     4.93477
283     31     20     332.95     2.64815     3.40732
284     17     34     282.045     2.45151     4.32218
285     38     15     343.305     2.18479     3.4003
286     36     27     207.105     4.19494     4.47134
287     23     30     251.14     3.6521     2.93451
288     43     32     193.975     4.2869     4.84993
289     34     22     151.425     3.31745     4.54909
290     29     28     75.97     4.30111     4.9086
291     32     24     350.725     2.89564     3.17339
292     26     23     287.69     4.26458     3.97404
293     26     35     62.905     3.10874     4.92615
294     8     21     58.325     2.56238     3.95375
295     43     19     301.335     2.9342     3.72677
296     23     33     147.135     1.5298     4.85366
297     18     31     323.305     4.5408     3.21894
298     46     28     364.725     4.73136     3.10808
299     25     23     239.72     2.91134     4.00731
300     43     19     361.725     2.42694     2.72271
