1     40     14     166.48     3.81639     4.56915
2     16     6     162.88     4.66535     4.32394
3     42     5     388.8     1.83113     2.68441
4     45     12     232.68     3.84704     3.73974
5     22     7     119.92     3.40301     2.96922
6     26     15     128     3.28274     4.4779
7     35     2     161.48     4.92672     3.31477
8     31     3     406.36     4.35879     4.51514
9     14     2     360.8     3.45898     4.25665
10     34     5     172.72     4.31756     4.7705
11     43     11     87.88     1.65392     3.39839
12     12     10     375.12     4.03664     4.9353
13     8     14     167.12     4.38603     2.64847
14     26     6     168.8     3.99626     4.61554
15     43     3     128.68     3.56056     3.2683
16     12     14     28.32     2.43292     4.78744
17     39     7     63.48     3.61205     3.73424
18     33     13     436.92     2.68148     4.5645
19     35     8     398.12     3.68949     2.91086
20     41     15     253.16     1.70434     3.27792
21     18     5     91.44     3.02916     3.53778
22     26     8     380.96     1.80869     2.86912
23     12     12     179.28     1.51592     3.52824
24     28     8     321.76     3.54999     3.09458
25     28     4     297.28     2.43068     2.58019
26     37     14     220.6     4.3245     4.5439
27     24     11     313.68     3.38581     4.10085
28     21     11     147.48     2.64805     4.46913
29     29     6     351.32     3.44873     4.94209
30     27     7     157.56     4.62337     2.92825
31     32     13     182.96     1.95204     2.95
32     39     4     369.48     4.59378     4.23971
33     29     7     351.32     2.99188     4.82604
34     21     5     225     2.98569     3.74973
35     20     4     321.92     4.61312     4.30044
36     40     2     60.4     1.837     4.91333
37     14     9     148.64     4.18255     3.11914
38     37     10     400.12     2.51506     4.18577
39     21     2     176.04     2.44958     4.84245
40     20     4     346.4     2.11974     3.72852
41     26     6     221.84     2.79449     3.95596
42     43     9     136.84     2.57595     4.42648
43     21     14     282.12     2.16289     2.79489
44     10     5     324.16     4.41305     4.21796
45     8     4     154.88     1.69034     3.78018
46     32     11     276.8     2.73104     4.23734
47     36     15     276.72     2.01154     4.46738
48     20     8     48.56     2.85527     2.77032
49     34     7     233.92     4.25935     2.90773
50     37     7     249.16     3.17849     4.52139
51     27     3     108.6     2.74941     3.3227
52     43     1     222.52     4.68938     2.69364
53     18     6     193.44     4.35409     4.5893
54     11     10     406.76     1.68992     3.88195
55     12     4     350.64     4.5627     4.03966
56     31     3     194.2     2.69974     3.27731
57     31     9     292.12     4.22912     4.07224
58     20     9     154.64     4.54775     2.68494
59     40     3     40     4.0079     4.07537
60     10     7     262.96     3.65104     3.85441
61     11     6     321.08     4.47725     2.66373
62     16     10     326.08     2.48248     4.62172
63     23     13     129.08     4.94926     2.72752
64     37     12     330.76     4.22442     2.8647
65     39     11     275.64     4.46828     4.29312
66     16     11     215.92     2.61045     3.2709
67     26     1     140.24     4.99605     2.69745
68     40     3     174.64     1.95535     4.41702
69     20     10     248.48     2.7852     4.57411
70     21     9     131.16     4.37129     3.66176
71     43     10     353.08     2.93986     4.15212
72     22     6     405.52     2.67197     4.85122
73     19     12     165.88     4.66321     4.86755
74     16     15     350.56     3.46518     3.83595
75     11     7     410.84     2.69301     3.78689
76     29     1     343.16     3.43132     4.30151
77     45     3     371.4     4.92555     3.84381
78     11     11     227.24     2.79075     3.91049
79     41     8     98.12     3.22495     3.88783
80     41     9     408.2     3.4577     3.25823
81     35     5     357.32     2.42213     4.04553
82     13     4     86.44     2.38229     2.63993
83     9     7     45.72     2.50021     3.89447
84     17     12     416.84     4.57979     4.13106
85     22     6     221.92     3.96721     3.44966
86     41     1     432.68     3.34725     3.97931
87     9     13     217.08     4.91647     4.46211
88     39     2     226.68     4.66823     2.8106
89     15     4     280.2     3.77548     4.5304
90     40     2     142     4.80399     3.64605
91     36     13     264.48     4.24087     4.02425
92     28     8     256.48     1.57327     2.73194
93     46     13     356.08     4.90141     3.32133
94     17     14     212.84     4.31895     3.18278
95     35     3     169.64     1.54849     2.85546
96     40     14     203.2     4.06227     3.9362
97     38     9     384.8     2.17507     3.47835
98     39     15     349.08     1.84437     4.0202
99     30     5     70.8     2.15969     4.63347
100     13     11     347.56     4.25668     4.6337
101     39     8     165.48     3.641     2.84181
102     34     11     172.72     3.65595     4.03874
103     47     5     218.36     2.07712     3.00172
104     12     6     36.48     2.57018     2.76589
105     9     13     412.92     2.99477     4.99916
106     43     1     120.52     1.78968     4.13175
107     46     7     94.96     2.42384     3.13219
108     46     8     107.2     4.64623     2.56867
109     47     7     71.48     4.52104     3.34727
110     35     13     402.2     2.48013     4.76783
111     28     14     382.96     2.88015     3.28761
112     19     8     218.92     4.29481     3.63392
113     16     1     313.84     2.53044     2.65519
114     27     11     418.68     2.09763     2.5531
115     43     1     385.72     2.12177     3.88409
116     21     5     351.48     4.93046     4.97276
117     47     3     173.48     2.79801     3.1267
118     21     12     139.32     1.58545     4.29411
119     27     12     320.76     1.7571     4.05324
120     36     1     44.16     2.50993     4.07743
121     11     4     121.16     1.99968     4.46242
122     41     2     310.28     3.39799     3.55976
123     14     13     413.84     3.26437     3.20544
124     11     13     31.4     3.46945     3.48453
125     47     11     255.08     2.15061     4.92264
126     24     6     236.16     4.93751     4.74456
127     12     14     32.4     4.92972     2.59163
128     25     9     171.88     4.16214     4.83688
129     42     15     433.68     4.04219     2.88949
130     35     5     247.16     2.49231     4.63042
131     23     2     369.8     2.28402     4.36613
132     31     9     161.56     1.79545     2.94603
133     38     2     327.68     4.17945     3.4302
134     43     12     51.16     2.17379     3.94948
135     31     14     398.2     2.54112     3.14898
136     16     9     146.56     1.86915     4.85557
137     45     13     73.56     2.21897     4.85862
138     26     6     380.96     2.8543     3.94665
139     30     9     87.12     4.03504     2.58866
140     43     9     259.24     4.61237     3.9024
141     30     2     274.8     4.90664     2.79824
142     24     11     162.72     3.60404     2.94206
143     12     5     32.4     3.65702     4.42465
144     10     7     381.28     1.92106     3.78018
145     11     7     121.16     2.01367     4.24482
146     46     7     286.72     4.12914     2.89354
147     10     9     246.64     4.29374     2.54921
148     37     9     396.04     2.29598     2.60155
149     21     9     98.52     1.77633     4.12839
150     45     14     432.6     1.70914     3.45897
151     10     9     413.92     4.76437     4.57106
152     22     12     299.44     3.27975     4.46059
153     29     6     286.04     3.33145     4.37628
154     15     10     190.44     2.13427     3.55907
155     29     6     383.96     3.75817     3.37672
156     14     10     311.84     2.39425     3.49506
157     20     6     73.04     4.15488     2.97533
158     35     10     226.76     2.6427     2.93962
159     18     4     226.08     3.77227     3.69381
160     14     15     258.8     4.57872     2.94939
161     11     5     202.76     3.99915     3.03438
162     20     9     20     2.85868     3.73424
163     45     12     334.68     4.54849     3.65329
164     30     14     156.48     1.62647     4.23711
165     27     6     402.36     1.83006     4.34706
166     10     3     320.08     1.72954     4.52673
167     45     1     363.24     3.51154     3.85174
168     8     3     171.2     4.12348     3.50284
169     45     12     244.92     3.26565     4.95384
170     46     8     347.92     4.96358     4.41351
171     27     2     145.32     3.20637     3.91423
172     21     2     94.44     3.38443     3.18537
173     26     15     368.72     3.51196     2.70463
174     18     13     205.68     4.46689     4.56618
175     24     14     383.04     4.73521     4.05652
176     30     6     348.24     3.39158     3.5799
177     42     1     127.68     1.80175     4.32196
178     21     7     375.96     3.28156     4.79415
179     39     11     369.48     4.69568     4.14792
180     35     12     381.8     3.73136     4.40046
181     32     3     354.32     1.83187     4.46234
182     10     6     103.84     2.02318     2.60681
183     22     15     372.88     2.61782     2.77322
184     30     1     372.72     3.53226     3.84274
185     44     11     341.84     1.70028     4.77973
186     9     12     213     2.81767     4.77668
187     32     1     313.52     4.90194     3.79589
188     23     4     235.16     1.90226     2.64618
189     30     10     331.92     4.84384     2.9873
190     12     10     97.68     2.73937     3.90088
191     46     14     201.04     4.25593     2.91986
192     24     14     415.68     1.86659     3.15683
193     33     15     216.6     2.97565     4.42084
194     18     15     103.68     4.74845     4.96475
195     24     13     134.16     4.63277     4.25283
196     18     10     258.72     3.80464     3.38954
197     13     12     327.16     4.52296     3.60012
198     46     7     160.24     4.12796     4.40344
199     15     12     88.44     4.16802     4.36781
200     38     15     372.56     2.38784     3.59066
201     18     1     22.08     3.5642     3.29241
202     24     15     68.88     2.92224     4.16509
203     21     2     102.6     2.61739     3.86647
204     12     11     297.6     4.5172     2.80045
205     18     15     405.6     4.76672     3.57433
206     9     4     290.52     3.37342     3.2728
207     42     5     405.12     1.79427     3.94124
208     22     14     221.92     1.76063     2.91574
209     31     3     398.2     2.82429     3.39457
210     34     5     291.04     4.85965     4.38765
211     16     10     375.04     2.50726     2.93771
212     37     3     310.36     2.29086     2.75216
213     40     11     235.84     3.89436     4.63652
214     45     4     147     4.33209     2.87057
215     15     3     178.2     4.99722     2.91757
216     26     11     201.44     3.32215     4.60692
217     8     9     322.16     1.53589     3.68046
218     25     14     102.52     3.75283     3.34536
219     17     8     290.36     2.37524     3.72066
220     45     14     318.36     2.04839     3.32095
221     22     10     221.92     1.64687     2.96648
222     17     15     78.2     3.53215     3.76118
223     38     7     437.84     2.06046     4.52765
224     32     3     342.08     3.08065     2.84188
225     36     7     117.6     1.90141     2.55654
226     29     15     249.32     2.96593     4.45456
227     39     9     402.12     1.71651     2.92245
228     19     15     414.76     4.88443     2.78619
229     43     1     108.28     2.68746     4.19736
230     23     11     92.36     4.17357     4.71236
231     30     7     99.36     3.69024     3.95497
232     17     5     371.96     3.71694     2.50175
233     20     10     256.64     4.04444     2.88232
234     38     12     180.8     2.03504     4.33424
235     12     12     285.36     4.94809     4.20331
236     25     5     420.76     4.56526     2.63047
237     40     3     76.72     2.60062     3.41494
238     29     15     208.52     2.12839     2.69494
239     25     5     229     4.51431     3.33644
240     36     7     150.24     4.08332     4.17066
241     16     5     109.84     2.51079     4.47043
242     36     8     248.16     3.66791     2.80694
243     38     1     119.6     3.90835     3.17667
244     21     3     420.84     1.52937     2.53945
245     13     4     282.28     1.89329     2.65854
246     28     9     60.64     3.44061     2.88285
247     13     12     163.96     4.08214     4.26206
248     27     9     235.08     2.70402     4.13572
249     24     14     342.24     3.76821     4.0865
250     46     3     433.6     3.24439     2.89811
251     38     1     91.04     2.35804     4.90905
252     16     7     48.64     2.8871     2.90193
253     18     3     389.28     2.49413     3.42059
254     12     2     130.32     3.32557     3.65322
255     27     3     120.84     3.36563     2.77482
256     44     8     109.28     4.77548     4.38734
257     28     9     232     1.70615     2.94946
258     13     8     208.84     2.81617     3.33644
259     28     8     329.92     1.97971     3.9201
260     41     4     395.96     4.92053     4.80995
261     39     4     442.92     4.25336     4.1464
262     20     6     281.12     3.67112     4.08628
263     11     10     202.76     4.75796     4.37109
264     24     7     174.96     4.66546     2.61902
265     44     5     199.04     2.13598     4.23139
266     42     14     144     4.1066     3.55373
267     16     4     122.08     2.3777     4.18256
268     42     11     282.72     3.58332     2.55821
269     27     12     361.56     4.94349     2.73438
270     46     2     449.92     2.53664     3.96527
271     37     15     90.04     1.57445     4.00006
272     15     3     374.04     3.41401     4.72739
273     15     5     406.68     1.79118     3.05727
274     26     2     95.36     1.51111     3.6848
275     10     2     283.36     4.5784     4.12244
276     33     7     318.6     1.5016     3.64521
277     39     2     202.2     3.7586     4.03653
278     24     7     170.88     4.65339     3.77659
279     8     8     48.8     2.55245     3.56433
280     17     5     135.32     1.73275     4.81216
281     14     8     164.96     2.32664     4.00555
282     32     11     268.64     3.09709     4.56763
283     9     10     368.04     4.0298     4.1187
284     39     8     304.2     4.4733     3.77216
285     12     10     391.44     4.815     4.85748
286     43     10     263.32     3.92459     4.71
287     29     9     37.16     3.85089     4.41939
288     13     12     192.52     3.50566     2.67602
289     9     13     172.2     3.31959     3.60736
290     43     5     414.28     2.60361     2.74339
291     22     15     58.72     4.60179     4.00349
292     36     4     342     3.96753     4.34339
293     15     4     239.4     3.1504     3.95512
294     39     10     206.28     4.42544     3.65802
295     12     7     305.76     3.05074     4.87396
296     45     4     163.32     1.78808     3.82527
297     24     1     52.56     2.26875     2.8473
298     26     1     34.16     3.94168     2.9564
299     17     10     416.84     4.58641     3.06207
300     32     9     211.52     1.62604     4.96658
