1     45     34     946.125     2.23446     3.09038
2     8     33     625.625     2.31521     4.40115
3     11     25     922.25     3.41038     4.5249
4     24     17     358.125     2.01057     2.73087
5     34     34     135.25     2.37513     4.08277
6     15     33     865.5     2.87407     4.01791
7     16     21     26.125     4.45845     3.00966
8     28     27     68.5     1.9922     2.95289
9     33     21     721.5     4.9326     3.16439
10     12     21     62.625     2.58866     2.63741
11     12     33     113.25     4.44873     3.94269
12     18     27     564.75     4.3041     2.91421
13     11     19     790.625     2.15979     4.51354
14     41     24     628.25     2.66225     4.00952
15     23     31     316.625     1.53066     3.86792
16     27     19     472.5     4.72517     2.98814
17     41     32     972.5     4.33668     3.68038
18     22     27     720.625     4.93388     3.02149
19     42     20     82.5     3.34875     3.98259
20     26     19     360.125     1.63865     2.96693
21     36     34     906.75     1.70669     4.14991
22     20     20     40.25     1.81553     4.76112
23     31     16     557.5     2.97981     4.19996
24     14     31     408.875     3.4702     3.6243
25     13     17     904     3.41476     3.90408
26     12     24     22.125     4.7304     3.57868
27     30     23     840     3.87107     4.7113
28     25     18     318.625     4.62465     3.27784
29     13     31     316.75     2.94446     4.48439
30     40     30     920.875     2.54946     4.64988
31     9     29     130.5     2.77718     2.54883
32     19     28     667     3.42373     4.35171
33     13     23     245.875     3.05608     2.55432
34     8     28     483.875     4.03001     3.03774
35     24     26     337.875     4.19814     3.14821
36     46     16     309.25     2.54401     4.93896
37     46     32     481.375     2.22356     3.96222
38     45     31     936     3.25176     2.75582
39     13     16     833.125     3.31639     4.41092
40     11     35     61.625     2.45364     2.86386
41     32     25     1014.12     2.07221     2.8032
42     24     18     34.125     4.55608     3.33033
43     32     23     882.5     3.93442     3.2664
44     27     23     837     1.85067     4.74509
45     46     30     299.125     4.31639     2.98212
46     42     20     193.875     1.98184     3.86258
47     42     33     720.375     4.91252     4.7354
48     46     15     542.125     1.59998     2.5573
49     40     23     495.625     4.19643     4.77584
50     21     35     81.75     4.20412     4.59151
51     29     22     353     4.10607     3.49162
52     22     19     821.875     1.67069     2.69448
53     22     21     244.75     4.91701     3.89576
54     40     20     1042.38     3.47095     3.4563
55     34     34     742.75     2.30282     2.92474
56     44     20     327.5     1.57434     2.53189
57     35     35     490.625     4.08374     3.05032
58     38     17     736.625     4.04134     2.65908
59     9     28     312.75     3.66118     4.20293
60     24     23     854.25     4.30186     4.48866
61     46     30     147.25     4.64153     3.5078
62     8     34     807.875     1.6223     2.72675
63     11     15     729.875     2.14655     2.83471
64     21     30     395.625     2.76063     2.59033
65     26     22     603.125     4.81137     4.1583
66     29     32     484.625     4.80699     4.0743
67     18     27     250.875     2.96988     2.73232
68     41     29     770     4.71342     4.03172
69     46     30     410.5     2.02799     3.07634
70     31     32     162.625     4.01111     3.56662
71     14     15     783.5     2.02446     2.77383
72     16     35     107.125     1.71427     3.23878
73     29     32     960.5     3.87802     4.08399
74     32     23     831.875     3.41188     3.58142
75     33     32     53.25     3.82386     3.36535
76     17     33     968.75     4.54711     3.43142
77     14     20     570.875     4.03642     3.3124
78     40     15     283     3.88421     3.57166
79     11     16     405.875     4.43944     3.00401
80     14     21     550.625     1.66257     3.18613
81     27     30     1019.25     3.70466     3.26518
82     8     28     899     3.43901     4.12786
83     38     27     979.625     2.43709     4.84031
84     8     16     230.75     1.61621     2.99837
85     37     29     1029.25     1.54807     4.38017
86     10     33     394.75     4.66044     3.54083
87     26     18     623.375     2.81596     3.2403
88     39     25     889.5     2.00502     4.34484
89     46     33     937     4.63373     4.09253
90     37     17     928     4.64324     4.36407
91     8     31     1010.38     3.44499     2.8486
92     21     28     598.125     3.906     3.7463
93     13     31     428.125     4.36702     3.39686
94     44     33     236.375     2.43036     4.97627
95     34     27     945.25     2.50085     2.65061
96     35     16     267.875     1.81265     4.33012
97     44     33     681.875     4.92993     3.40999
98     23     34     63.5     2.95087     3.64368
99     17     16     796.625     2.40515     2.53502
100     33     19     954.375     1.57349     4.89227
101     44     35     590.75     2.71833     4.43304
102     47     29     1019     3.45685     2.58301
103     28     34     88.75     3.26234     4.85641
104     26     19     258.875     3.32867     3.96046
105     38     29     625.25     4.27953     2.51442
106     38     21     250.625     4.46091     4.52353
107     23     18     883.625     3.29695     3.49742
108     12     29     275.25     1.94777     3.85617
109     11     22     993.125     2.24952     3.51215
110     43     29     701.125     3.174     4.26962
111     25     20     35.125     2.79096     2.93176
112     27     35     573.75     4.96785     4.75745
113     12     16     163.875     3.79096     4.65621
114     33     23     863.25     4.44328     2.76337
115     27     16     442.125     4.52158     4.78652
116     30     33     1032.38     1.52969     3.76125
117     9     25     687.375     3.02991     3.61103
118     40     35     1042.38     3.68842     3.64734
119     31     30     719.5     3.69868     4.40436
120     31     19     577.75     4.81692     3.94589
121     45     26     703.125     2.49423     2.5383
122     9     28     434.25     4.84053     4.8265
123     21     17     314.625     2.40216     4.90638
124     23     32     914     3.49199     3.43379
125     16     15     208.375     3.05042     4.65934
126     38     17     503.75     3.27825     2.53082
127     22     27     416.875     3.01965     3.75454
128     38     15     483.5     4.13469     4.45364
129     35     29     1017.12     4.34149     3.31729
130     22     16     821.875     3.76661     2.87866
131     44     22     580.625     1.68372     4.31417
132     30     29     60.375     3.67913     4.90326
133     30     28     313.5     1.7241     3.53999
134     36     30     1008     3.39351     3.43791
135     24     25     175.875     2.70978     4.9163
136     8     16     38.375     3.85153     4.91173
137     28     26     514     4.20658     3.60248
138     32     28     487.625     2.50758     4.78942
139     42     15     1014     1.53322     2.92024
140     37     25     128.125     4.60767     3.40205
141     37     20     816.625     3.38571     4.08925
142     27     21     766.125     1.65606     4.58922
143     35     35     672.875     2.64698     3.77628
144     21     17     699.375     4.57007     4.65407
145     33     27     468.375     1.88517     4.45669
146     47     32     381.125     2.02147     4.13106
147     13     24     742     2.5392     2.58789
148     26     34     471.5     4.96603     4.86602
149     27     30     128.25     3.29203     4.59609
150     19     35     231.625     2.35986     4.90875
151     41     16     770     4.13085     3.17454
152     20     35     728.75     3.06452     3.71799
153     18     15     787.5     2.09507     3.89554
154     34     26     580.75     2.93794     2.67899
155     30     27     100.875     3.21245     4.63385
156     22     16     771.25     3.11429     3.43379
157     8     17     737     1.62166     2.8029
158     28     22     969.625     2.47063     4.02364
159     40     19     495.625     2.88282     2.90414
160     15     26     764.25     2.78103     2.84387
161     23     25     691.25     3.97575     4.38803
162     34     22     388.375     2.05853     2.91208
163     45     33     885.375     3.48547     4.82749
164     8     15     615.5     4.08481     3.94749
165     38     19     1010     3.47501     3.4051
166     14     17     1006.25     2.12583     4.76409
167     8     30     453.5     3.04646     4.71137
168     28     19     888.625     3.33764     3.47522
169     47     31     826.625     4.58866     2.85592
170     15     32     814.875     2.85698     3.01187
171     34     26     479.5     4.71245     3.39175
172     18     27     99     2.08118     4.45196
173     19     17     667     4.87449     3.05132
174     8     16     89     4.63501     3.16324
175     35     17     753.875     3.18714     4.79553
176     12     28     204.375     4.02425     2.75864
177     28     21     919     2.4169     3.17454
178     9     22     576     4.97853     4.36346
179     36     24     967.5     2.66973     2.50252
180     10     26     971.875     4.97971     3.69549
181     9     27     505.125     3.26415     2.84318
182     12     16     660     2.47938     3.45782
183     39     33     484.5     3.29192     3.80894
184     38     26     483.5     3.80271     3.54381
185     36     30     451.125     4.36584     3.67206
186     24     18     925.125     4.24033     4.05461
187     29     28     697.25     1.55544     3.78887
188     25     26     136.375     2.82781     3.62926
189     46     33     76.375     4.51036     3.33552
190     40     32     191.875     1.81211     3.08725
191     38     32     372.125     4.77003     4.35736
192     20     35     668     4.80667     4.38368
193     32     23     396.5     4.76244     4.62989
194     12     29     781.5     3.1317     4.87671
195     11     28     861.5     3.48975     3.33277
196     31     33     172.75     2.84512     4.40786
197     11     28     983     1.90077     4.53627
198     45     22     136.125     4.95866     2.69417
199     22     25     629.5     3.45204     3.4994
200     12     26     953.625     1.84149     4.53406
201     16     31     421     2.85548     3.28249
202     20     16     627.5     3.81361     2.8238
203     31     28     182.875     1.51421     4.16974
204     12     28     194.25     4.92331     4.38864
205     15     21     278.25     4.14548     3.40632
206     18     17     250.875     3.4154     3.62461
207     40     35     323.5     3.59111     2.74705
208     24     20     267     3.38496     3.95421
209     27     15     67.5     2.81596     3.81748
210     33     31     802.5     4.61889     4.59349
211     33     27     589.875     4.09282     3.78803
212     8     29     838.25     1.6254     2.63237
213     20     22     749     3.87609     3.86013
214     17     24     887.75     2.35153     2.92734
215     19     29     170.875     3.86189     3.06513
216     14     30     54.5     3.58609     3.3063
217     27     17     1029.38     3.23627     4.87571
218     11     17     193.25     3.55223     2.58606
219     40     27     171.625     3.61098     4.12923
220     18     15     655.875     2.68703     3.90294
221     16     22     512.125     2.14602     4.26489
222     32     15     649.625     3.10767     3.35452
223     33     25     903.75     4.36071     4.8719
224     30     28     900.75     3.26608     3.95566
225     38     25     574.625     4.13117     4.55084
226     34     19     813.625     1.79043     4.90539
227     46     33     845.875     4.37642     4.08795
228     35     20     166.625     3.51506     3.66703
229     44     23     418.625     4.93121     4.9411
230     8     27     635.75     3.19643     3.36131
231     40     23     647.5     3.10617     3.03835
232     34     30     307.375     2.91797     2.97082
233     29     34     555.5     3.43698     2.89003
234     45     17     642.375     3.68201     2.85798
235     9     26     120.375     1.61824     4.51209
236     35     21     55.25     2.68842     3.09488
237     16     27     360.25     2.12839     3.1621
238     41     35     992.75     3.30218     4.60608
239     9     16     687.375     3.03867     4.38894
240     24     33     803.625     2.70679     3.12342
241     16     22     704.5     4.01186     4.39344
242     38     34     605     2.74728     3.45393
243     34     18     975.625     2.48804     3.20231
244     34     21     104.875     1.95813     4.05965
245     44     16     499.625     2.55725     3.15477
246     43     26     326.5     3.78124     4.45029
247     44     23     823.625     1.52008     2.70112
248     10     15     961.75     2.46924     2.88812
249     46     33     481.375     3.13608     3.01416
250     43     25     265.75     2.67838     4.40619
251     17     28     57.5     1.55864     4.91287
252     8     30     240.875     2.74685     4.13755
253     40     28     870.25     2.45866     3.5989
254     14     23     692.375     4.66182     3.45836
255     25     27     227.5     4.33486     3.70556
256     14     18     246.875     1.71406     3.94284
257     17     17     239.75     3.01164     4.65865
258     13     21     610.375     3.33967     4.13091
259     14     29     64.625     1.82514     3.85075
260     28     18     767.125     2.64911     4.10802
261     35     32     1037.38     2.99562     2.62741
262     25     19     480.625     2.14399     2.89811
263     24     21     378.375     4.68863     2.58583
264     13     18     83.875     3.12177     3.66848
265     39     29     221.25     3.76255     4.68642
266     44     20     1026.12     4.26714     4.24726
267     40     33     110.875     4.20444     3.67641
268     32     20     578.75     2.43142     2.95358
269     46     22     1038.25     3.25304     2.82632
270     13     23     539.5     2.59977     4.74044
271     40     29     880.375     4.20936     3.97893
272     30     19     576.75     2.04465     2.64916
273     33     33     438     3.43442     2.91002
274     15     35     65.625     4.66855     4.5777
275     24     21     834     4.03525     2.50305
276     26     25     36.125     2.53226     2.85997
277     33     21     296.25     3.73756     3.73493
278     34     27     611.125     1.57285     4.15921
279     18     27     888.75     2.44659     4.4747
280     35     22     784.25     4.00716     4.67231
281     47     29     259.625     4.99498     3.59531
282     24     31     874.5     3.42363     3.14776
283     15     30     45.375     1.57808     2.89743
284     11     16     871.625     3.06174     4.21606
285     12     16     153.75     2.8777     4.34538
286     8     17     615.5     4.77921     4.53146
287     30     34     111     3.87204     2.6162
288     42     26     173.625     3.7054     4.22796
289     41     22     668.75     2.33358     2.96106
290     21     20     476.625     2.58406     3.68603
291     34     32     803.5     2.01559     4.37902
292     34     19     459.25     3.80197     3.1135
293     15     24     966.75     4.02414     3.1032
294     15     20     389.625     3.60607     4.93751
295     28     24     726.625     3.87898     3.89981
296     20     16     354.125     2.50737     4.00975
297     30     24     293.25     4.76202     4.17936
298     23     33     974.75     3.87353     3.12433
299     36     25     967.5     4.95225     3.42067
300     17     31     27.125     4.20701     3.84754
