1     25     14     72.58     3.35548     2.73888
2     20     3     85.88     2.79182     3.06543
3     40     10     68.06     4.14751     4.48828
4     25     13     55.5     4.87951     4.49866
5     47     14     76.28     4.72912     4.07247
6     10     12     97.84     3.04892     3.70945
7     9     6     89.52     4.58684     3.8522
8     45     4     90.14     3.20978     2.57538
9     9     5     101.72     2.30303     4.68703
10     29     5     118.06     2.82803     2.63001
11     12     11     20.54     3.77377     3.32781
12     42     4     116.42     1.98654     3.86158
13     42     15     148.14     4.61205     2.62192
14     30     12     45.86     2.6333     3.82473
15     32     10     74.7     2.74055     4.53108
16     9     8     109.04     3.01645     4.56404
17     25     4     107.96     2.67037     3.46065
18     22     8     42.74     4.80795     4.85069
19     16     13     22.1     4.46806     4.90318
20     36     3     68.94     4.91359     2.73072
21     32     6     145.46     1.90942     4.39268
22     39     8     65.84     3.47148     3.38702
23     20     14     52.94     3.82226     4.2729
24     44     5     135.5     3.53717     4.81285
25     15     9     32.08     1.61472     3.27677
26     40     3     87.58     2.45706     3.79772
27     21     6     53.94     1.99284     3.91942
28     17     1     25.54     2.92897     4.72724
29     40     4     115.64     2.36424     2.70295
30     43     7     133.28     1.74973     3.6935
31     29     12     129.04     3.43025     3.1344
32     28     6     140.24     1.75112     2.9194
33     20     14     71.24     2.96507     4.05538
34     25     6     94.54     4.92299     2.99478
35     19     9     33.64     2.28285     3.28494
36     15     3     44.28     4.22324     2.92543
37     12     4     97.4     4.39158     4.07453
38     26     7     40.64     2.07659     2.99417
39     26     1     118.72     3.83508     4.37559
40     10     5     91.74     3.05971     2.93481
41     16     2     90.42     3.22228     3.91972
42     25     7     131.14     1.77451     2.91856
43     18     8     43.62     3.94424     4.11122
44     31     8     73.7     4.40825     4.8529
45     10     6     51.48     2.57797     3.23199
46     38     1     128.28     3.48195     3.99228
47     28     7     92.66     3.47874     4.45936
48     46     11     81.38     3.78605     3.36306
49     10     5     58.8     2.05896     4.19607
50     10     7     106.38     1.50299     3.49895
51     10     12     113.7     1.75518     3.21276
52     9     15     12.66     4.01827     4.99001
53     43     14     129.62     1.68233     3.10327
54     46     12     83.82     2.91807     3.84426
55     35     5     55.74     3.97575     3.05193
56     24     14     88.66     1.67496     4.6614
57     12     6     80.32     2.3198     4.41382
58     34     14     87.68     3.52136     4.1187
59     42     9     83.48     4.16578     3.10739
60     44     1     101.34     1.50908     4.77065
61     23     15     76.68     2.63512     4.81941
62     25     10     90.88     2.2586     4.1596
63     23     4     92.54     3.11173     3.02248
64     15     1     129.68     2.89361     4.23986
65     28     7     96.32     3.02126     4.80552
66     26     4     94.32     1.66439     3.61393
67     19     15     132.46     1.79791     4.51582
68     34     2     115.74     3.75881     2.58156
69     37     9     123.62     2.53867     2.71432
70     8     10     77.54     4.79962     3.50085
71     32     11     66.16     1.8448     2.94343
72     45     13     164.56     4.53044     3.96199
73     35     9     76.48     2.85174     3.80688
74     18     10     49.72     1.68885     2.7739
75     37     5     127.28     2.44563     3.86196
76     17     4     134.12     1.56676     3.76286
77     23     2     110.84     1.66727     4.32546
78     11     13     52.48     4.75849     4.88388
79     29     15     71.7     4.30474     4.59044
80     40     1     105.88     1.59613     2.64435
81     17     13     82.88     3.67144     3.05658
82     34     1     123.06     3.77334     4.34088
83     24     11     60.6     3.07434     3.27303
84     10     6     101.5     4.65477     3.10747
85     27     3     145.34     3.46731     2.89308
86     42     5     160.34     4.77494     3.27738
87     15     13     71.12     3.79299     2.94183
88     17     5     103.62     4.5235     3.55663
89     30     3     49.52     3.5125     4.89669
90     34     9     57.18     2.51827     3.01027
91     36     4     40.88     3.82183     3.07909
92     29     1     70.48     3.16599     4.86175
93     34     8     37.66     4.05661     4.86068
94     20     2     93.2     1.91006     3.1035
95     38     11     151.46     3.78327     3.67969
96     47     10     66.52     4.16642     4.42145
97     33     6     76.92     3.57872     4.8722
98     17     4     30.42     4.44606     2.93069
99     8     6     101.94     4.49754     4.31364
100     33     5     64.72     2.66599     2.72492
101     12     5     12     2.72506     4.8748
102     26     6     77.24     1.64762     3.2374
103     18     13     109.5     3.92085     3.18873
104     36     2     106.76     3.30143     4.91485
105     36     14     125.06     4.74621     4.23116
106     25     12     92.1     3.50075     2.70379
107     30     11     116.62     4.58257     3.71296
108     32     3     107.64     3.14185     4.84954
109     9     6     37.06     1.93463     3.28524
110     29     2     122.94     3.89244     4.5072
111     27     4     141.68     3.52297     3.55693
112     14     1     114.04     2.62658     4.16578
113     21     8     102.74     4.06259     4.925
114     16     10     42.84     2.0486     2.8843
115     28     1     102.42     3.23029     3.71662
116     24     11     71.58     2.50267     3.84106
117     25     14     72.58     3.81895     3.64483
118     19     8     67.8     2.97159     4.69428
119     33     4     83.02     1.57872     2.57553
120     46     13     93.58     4.26202     3.2564
121     45     12     113.32     1.74728     4.60814
122     38     2     80.7     3.87748     3.48033
123     43     2     127.18     2.76576     4.9675
124     26     14     106.52     3.57926     4.2584
125     11     4     103.72     3.1834     2.70959
126     44     11     59.86     1.63395     3.5332
127     35     10     103.32     3.74941     3.73882
128     28     5     87.78     4.74941     2.72195
129     12     14     60.8     4.69216     4.13808
130     45     11     138.94     3.69739     3.95283
131     18     4     92.42     1.68596     3.81123
132     38     15     108.76     3.62455     2.61315
133     32     10     57.62     1.50555     2.93855
134     18     14     110.72     4.05042     2.71149
135     18     1     81.44     4.86766     3.74409
136     32     11     118.62     2.05245     2.55097
137     9     15     77.32     1.96026     2.57538
138     36     11     71.38     4.63982     3.21596
139     27     4     113.62     1.65969     4.7969
140     12     7     20.54     4.81329     4.8706
141     24     15     106.96     3.43474     4.99413
142     11     11     81.76     1.8135     3.37001
143     22     12     125.7     2.93826     4.99191
144     34     15     75.48     2.55693     4.68497
145     14     5     17.66     3.2869     4.68413
146     42     4     50.54     4.25849     4.63714
147     44     14     74.5     4.02767     3.17644
148     35     15     43.54     3.74172     3.94848
149     27     7     130.7     2.79192     2.7414
150     33     13     100.1     1.93783     3.60263
151     15     6     61.36     2.6379     3.0858
152     17     1     54.82     3.57039     3.01851
153     33     15     37.88     4.07926     3.43097
154     24     15     98.42     1.52873     3.53664
155     22     10     48.84     2.80229     4.90524
156     37     11     145.58     1.92854     4.71831
157     9     15     32.18     3.57039     3.24908
158     26     8     76.02     2.35975     3.4563
159     44     3     79.38     4.8151     4.33271
160     38     10     53.86     3.82205     3.39938
161     19     13     50.72     2.91615     4.98611
162     46     3     77.72     3.84811     4.68818
163     9     3     61.46     2.16823     4.14144
164     32     4     150.34     2.31414     4.00418
165     9     7     65.12     2.43484     4.28869
166     22     6     112.28     2.43762     4.9311
167     39     5     43.88     2.99007     3.24236
168     25     6     143.34     3.46326     3.6285
169     36     8     76.26     1.5486     3.72257
170     28     15     57.28     2.53568     4.81841
171     37     7     117.52     2.48173     3.24656
172     37     4     96.78     2.26041     3.08374
173     20     10     23.66     2.72217     4.33485
174     15     10     105.28     2.9514     4.48035
175     14     3     67.68     4.35537     2.52785
176     10     8     50.26     4.06708     3.45988
177     35     14     66.72     4.89938     4.71671
178     41     11     123.96     4.33262     2.60697
179     42     14     123.74     3.7711     2.78527
180     35     8     43.54     4.0517     2.68754
181     10     1     101.5     3.94104     2.56561
182     44     3     57.42     2.6034     3.01035
183     18     14     88.76     1.77483     3.10541
184     41     1     71.5     1.62839     4.60082
185     18     9     137.56     3.56281     3.74805
186     31     1     55.4     3.40184     3.68702
187     39     12     100     2.23606     4.02516
188     28     9     146.34     4.39372     2.99928
189     11     8     98.84     1.77195     3.86189
190     44     11     52.54     1.5172     3.38069
191     27     13     145.34     1.78477     4.09413
192     13     7     87.42     4.0643     3.21131
193     23     1     55.94     1.80549     4.79904
194     20     6     98.08     2.32803     3.14455
195     13     3     30.08     4.24909     3.93704
196     46     5     124.08     4.91444     3.65581
197     23     14     74.24     2.0674     3.80772
198     8     7     121.46     4.73894     2.90391
199     24     11     85     3.59282     2.8164
200     8     11     42.16     3.21342     4.90501
201     27     6     92.88     3.56601     2.55524
202     9     13     21.2     1.61814     3.01866
203     12     6     62.02     1.85345     2.69494
204     43     5     74.72     1.66332     3.74706
205     45     12     64.52     3.35174     3.69037
206     8     12     125.12     4.73595     3.34582
207     43     8     145.48     2.57883     4.79797
208     16     4     91.64     2.83636     4.74837
209     38     2     158.78     1.95428     4.9057
210     14     6     53.04     3.20081     4.80186
211     12     7     81.54     4.26533     3.67588
212     9     13     72.44     2.61216     4.31616
213     15     15     97.96     3.82087     3.0002
214     20     7     43.18     2.39789     3.42524
215     18     12     130.24     4.2946     3.76713
216     30     10     101.98     4.61568     4.76104
217     40     6     129.06     3.75272     2.94206
218     26     12     56.5     3.42619     4.4393
219     29     4     113.18     2.87193     3.46011
220     8     4     8     3.15424     3.35925
221     27     9     103.86     4.84309     4.43075
222     27     5     94.1     3.53621     3.8142
223     14     3     133.56     3.46326     4.15593
224     26     13     83.34     4.65574     3.91568
225     16     3     68.46     4.91498     3.45965
226     15     5     68.68     3.56687     4.82978
227     22     5     92.76     2.73286     4.33088
228     34     12     68.16     3.605     3.32575
229     18     13     54.6     3.95824     3.8786
230     22     12     101.3     4.88411     4.63782
231     23     4     54.72     4.98056     3.59912
232     43     14     67.4     3.98259     3.13837
233     32     5     124.72     4.56708     3.95642
234     19     14     117.82     2.81703     3.32484
235     25     2     77.46     1.57936     4.27473
236     30     10     137.36     2.20145     3.61812
237     27     2     117.28     1.87791     2.94336
238     30     1     114.18     4.59667     2.97433
239     13     3     47.16     2.91348     2.93466
240     18     6     70.46     1.54465     2.80808
241     22     11     95.2     1.50673     2.63375
242     15     13     77.22     1.79257     4.22941
243     28     3     102.42     3.81489     4.48119
244     19     3     97.08     2.10276     3.09198
245     32     2     49.08     2.48611     3.92811
246     9     9     87.08     2.25101     2.85508
247     47     2     105.56     1.50139     3.70388
248     40     6     48.54     4.71181     2.75697
249     11     2     11     4.70359     3.39602
250     19     9     38.52     2.53172     3.80123
251     8     14     37.28     3.01431     4.34294
252     34     13     103.54     4.38998     2.55593
253     39     7     47.54     2.33828     4.83863
254     31     12     72.48     2.34608     2.7646
255     15     9     111.38     4.65531     3.15088
256     19     7     43.4     4.7759     4.77027
257     47     2     59.2     1.79897     3.35086
258     47     8     150.7     4.99423     2.75155
259     45     2     74.28     2.92448     3.95581
260     11     13     14.66     4.56569     4.77203
261     9     3     32.18     4.66172     4.38414
262     42     1     111.54     3.80261     3.14058
263     27     1     80.68     1.95781     4.22315
264     35     10     109.42     4.95065     2.58637
265     33     9     142.8     4.6066     2.80877
266     34     15     137.7     3.56174     3.74454
267     42     9     139.6     3.46443     4.11878
268     13     8     97.18     3.05458     4.45494
269     38     6     85.58     1.85569     4.47684
270     8     12     62.9     3.46326     3.87364
271     12     5     26.64     3.66407     3.07108
272     26     10     97.98     2.87172     4.39703
273     19     15     115.38     3.61119     2.78375
274     45     14     91.36     4.53781     3.89744
275     16     8     68.46     4.22474     3.83381
276     18     12     126.58     1.70338     3.27296
277     38     10     134.38     3.49167     2.73202
278     19     7     20.22     3.0925     4.30776
279     17     13     113.38     2.20028     4.04843
280     22     8     31.76     4.59667     2.84654
281     19     2     131.24     2.9702     4.99268
282     9     5     33.4     1.64805     4.7808
283     32     7     58.84     4.46806     2.80633
284     16     8     107.5     3.7805     4.84725
285     17     15     63.36     4.81233     4.96826
286     25     8     103.08     2.37674     3.23977
287     20     5     98.08     3.66546     4.71191
288     17     15     99.96     3.60468     2.53288
289     10     11     52.7     3.0125     4.35545
290     28     3     52.4     4.03974     4.91798
291     40     9     63.18     3.1286     3.94452
292     8     2     119.02     3.47607     4.75219
293     22     8     142.78     4.23275     2.70707
294     18     6     77.78     2.42438     3.92003
295     35     15     109.42     3.32952     3.32133
296     17     9     65.8     1.79705     2.50694
297     40     8     110.76     3.73905     3.99533
298     14     6     90.86     4.7821     4.78576
299     8     6     77.54     2.31307     3.35978
300     26     1     128.48     3.40248     3.01515
