1     26     15     42.12     4.5533     3.02789
2     30     9     91.7934     2.12786     3.53725
3     45     6     63.8067     4.49541     4.78736
4     15     13     134.557     2.23435     3.16919
5     47     6     64.4633     2.40942     3.43814
6     23     9     150.617     1.81596     3.85907
7     41     4     172.647     2.03984     4.24764
8     42     12     86.33     2.56751     3.54755
9     44     11     154.153     4.42961     4.83451
10     36     12     44.06     2.61376     4.38726
11     24     15     108.63     3.2304     2.71752
12     45     14     58.4333     1.6646     4.19752
13     25     6     49.18     3.20156     3.17728
14     36     5     127.347     4.85633     3.23199
15     44     7     100.42     2.39489     4.9295
16     9     1     120.497     4.2805     3.75896
17     38     4     89.0467     4.52788     3.61164
18     10     7     69.1067     4.70188     4.95361
19     22     10     124.093     2.04401     3.08176
20     39     13     73.9267     2.46144     3.10327
21     14     8     90.57     3.36167     4.52971
22     14     11     124.153     1.56932     4.62508
23     21     8     105.63     2.80848     3.40091
24     39     3     75.27     3.98355     4.39581
25     24     5     66.9867     1.74535     4.13297
26     33     8     113.6     2.07627     4.39467
27     37     14     139.093     3.87663     2.70425
28     19     12     33.7767     4.78968     2.65816
29     46     7     150.78     2.24781     4.49538
30     36     14     41.3733     2.97575     2.54807
31     28     8     75.0167     3.43185     4.96277
32     12     6     122.153     3.42726     4.83123
33     10     2     98.66     4.90162     3.12517
34     25     3     67.9867     2.09378     2.57172
35     22     8     133.497     2.59037     2.86264
36     11     12     87.57     4.98601     3.83694
37     27     6     31.03     4.14046     4.52773
38     15     12     147.99     2.26746     4.71427
39     33     5     135.093     2.33818     4.36903
40     32     8     66.9267     4.03461     2.64145
41     11     14     141.303     3.23734     4.26801
42     33     7     74.6433     4.78231     2.54952
43     24     3     53.5533     3.96934     4.28747
44     37     9     75.9567     2.55907     3.31736
45     28     2     136.81     4.2414     3.03301
46     15     14     142.617     2.80891     4.53948
47     20     5     30.7467     2.52243     3.3269
48     10     2     52.9867     3.40002     3.60607
49     21     14     76.0767     4.91572     3.19437
50     43     11     100.763     2.84191     3.09572
51     37     15     135.063     4.7194     4.66239
52     26     11     107.943     3.6897     3.48048
53     40     7     116.57     2.67464     2.8708
54     12     5     36.18     4.13608     3.64307
55     44     8     132.66     4.90162     2.99677
56     44     10     166.243     2.29011     4.20751
57     30     7     42.09     2.02147     4.99054
58     21     14     41.15     2.64463     3.68122
59     43     5     48.3733     2.96828     3.62423
60     41     1     59.8067     3.73008     4.91043
61     8     2     24.12     4.48601     3.85372
62     22     2     128.123     1.95663     4.34759
63     27     14     41.7767     4.81414     3.9919
64     12     14     14.6867     4.64313     4.13144
65     23     5     103.6     2.06142     4.19538
66     40     13     160.9     3.23424     4.47981
67     36     4     142.123     1.76586     2.76299
68     44     8     127.287     4.70466     3.89431
69     44     14     91.0167     2.14292     2.74743
70     44     11     44     2.1505     4.67833
71     23     14     79.42     2.52083     3.8789
72     11     10     87.57     3.56932     3.76667
73     32     4     76.33     3.46411     4.80148
74     12     10     79.1667     3.32653     3.86868
75     14     9     38.18     2.08364     3.12181
76     33     15     127.033     4.80944     4.92271
77     44     10     64.15     3.53514     3.2709
78     32     6     162.303     3.26928     3.36406
79     9     2     100.347     3.20434     4.67734
80     24     4     46.8367     2.35089     4.20522
81     40     1     125.973     2.58     2.75399
82     8     1     112.78     4.80902     3.42792
83     41     1     74.5833     2.8151     2.69684
84     41     1     59.8067     1.91241     3.1888
85     39     3     133.033     3.97404     3.59607
86     40     15     124.63     3.53642     4.8365
87     24     7     66.9867     2.9687     2.86004
88     37     9     155.213     3.94179     4.74197
89     25     10     66.6433     4.18148     3.4518
90     38     12     66.21     2.24097     2.94099
91     23     8     83.45     4.27548     3.9375
92     44     2     140.72     4.05373     4.58945
93     46     13     90.33     3.6928     3.84808
94     20     6     76.42     4.34747     4.23055
95     46     8     165.557     2.84042     4.35301
96     32     13     116.63     3.96774     2.87507
97     9     14     60.0467     3.96261     4.24642
98     20     10     85.8233     3.85409     2.89422
99     38     3     152.183     4.70188     3.74615
100     18     4     34.12     4.9451     3.22428
101     18     15     66.36     4.34672     3.60515
102     30     8     77.0167     3.2696     4.88426
103     33     5     133.75     1.76746     4.53513
104     26     10     89.1367     4.72655     4.30609
105     17     9     42.5233     2.53963     4.44258
106     11     12     109.063     3.55127     4.47737
107     16     14     45.5533     3.75336     3.4785
108     10     6     19.4033     4.97009     3.89615
109     41     14     121.6     2.0125     4.39879
110     45     1     140.377     4.54187     3.33857
111     35     7     149.183     3.62006     3.23847
112     35     11     82.0167     4.68789     2.93909
113     25     10     125.75     1.95044     2.79832
114     27     9     111.63     1.90761     4.58296
115     27     7     53.8667     2.511     3.94314
116     14     10     114.75     4.18426     4.61112
117     27     2     129.093     4.68949     4.71328
118     40     11     128.66     1.5753     4.33805
119     10     8     66.42     3.18981     4.7486
120     43     9     63.15     1.99306     3.38191
121     17     15     21.03     2.15488     2.52472
122     28     11     148.9     2.67016     3.30683
123     16     11     99.2867     3.47757     2.90193
124     20     7     96.57     2.3151     4.07811
125     18     15     39.4933     4.29823     4.98642
126     40     3     154.183     4.953     3.32987
127     38     1     144.123     3.69056     2.80366
128     18     9     129.497     4.95567     3.44508
129     8     7     50.9867     4.53471     3.78597
130     14     2     110.72     2.25774     3.94803
131     38     15     78.3     3.57765     2.56996
132     21     14     89.51     2.2618     4.20957
133     44     6     50.7167     4.68137     2.60872
134     13     1     104.347     3.9295     3.96466
135     9     11     115.123     2.75785     3.09534
136     15     3     103.66     4.06067     4.14235
137     39     15     43.03     4.89351     3.6993
138     32     1     135.437     3.76106     3.00851
139     47     11     119.54     4.65798     4.61531
140     17     2     73.42     3.09581     2.6207
141     35     5     163.96     4.10329     4.42442
142     15     10     70.0767     4.93153     3.09595
143     41     9     159.213     2.94937     3.26823
144     19     13     56.6133     3.46539     4.69077
145     31     9     118.317     3.95663     3.83518
146     11     5     117.123     2.94264     2.69356
147     9     11     41.24     2.98675     2.65893
148     15     11     109.033     3.55982     2.63009
149     45     11     81.27     2.25069     4.23017
150     13     1     103.003     3.55747     3.28059
151     8     13     92.63     4.74439     2.92016
152     30     1     52.8367     3.49883     2.51022
153     14     11     128.183     3.87161     2.71722
154     31     11     80.7033     2.23692     3.41151
155     29     8     66.6133     3.25443     4.77554
156     25     10     31.7167     2.0689     3.2593
157     42     8     55.4333     3.73168     2.77627
158     33     2     112.257     2.07776     2.77841
159     28     2     58.8967     3.04411     3.60195
160     24     4     156.99     4.16161     3.22405
161     12     4     88.57     4.70754     3.32202
162     12     5     103.347     3.75027     3.77377
163     43     13     64.4933     4.57328     3.49231
164     29     4     98.8533     3.70989     4.23307
165     44     10     58.7767     4.07648     2.76597
166     25     15     43.8067     2.43484     3.05254
167     14     10     50.27     4.67176     3.81764
168     41     9     132.347     1.62658     3.15844
169     35     12     106.197     4.45546     3.07939
170     25     5     47.8367     2.26073     3.09488
171     27     12     84.7633     3.97714     3.2899
172     44     7     109.823     2.7414     3.47919
173     26     4     78.39     3.73702     3.85563
174     14     9     122.81     2.74268     3.76896
175     13     8     140.617     3.87214     4.0244
176     32     13     108.57     2.23841     4.34286
177     9     13     116.467     2.52831     3.87234
178     40     11     163.587     2.71865     3.89271
179     29     11     140.497     3.42203     3.10213
180     14     9     42.21     3.594     4.62874
181     19     12     75.42     4.58737     2.65465
182     40     8     170.303     4.28744     2.79695
183     11     2     138.617     3.31222     4.13259
184     14     5     42.21     1.51357     4.5098
185     23     12     94.1967     3.26116     4.53696
186     47     13     162.527     2.74578     4.38788
187     24     9     148.93     2.78573     3.81581
188     19     2     45.8667     3.37001     4.51575
189     8     11     49.6433     2.92309     2.72568
190     30     3     128.063     4.5267     3.70907
191     38     14     162.93     3.58086     3.50543
192     20     5     105.973     1.64025     4.59494
193     13     5     128.527     1.91049     3.36222
194     47     5     69.8367     3.13598     3.50444
195     29     7     67.9567     3.36808     3.27082
196     26     7     54.21     2.34373     3.17743
197     33     3     159.273     3.46197     4.58472
198     26     5     50.18     4.09047     3.28059
199     47     13     108.793     3.18853     3.45965
200     39     2     108.853     4.47896     3.73714
201     43     14     76.5833     2.15499     3.09069
202     32     11     147.527     4.35505     3.3694
203     12     4     140.96     4.39051     3.76034
204     12     10     91.2567     3.96155     3.85426
205     14     10     110.72     1.84352     3.20025
206     42     14     87.6733     3.28039     3.99037
207     22     9     146.93     2.06772     4.76478
208     42     9     132.003     4.56163     4.27824
209     25     11     135.153     2.09517     3.41769
210     34     7     122.66     3.04038     4.3131
211     21     15     90.8533     2.99648     4.53055
212     18     8     90.54     4.34127     2.98967
213     38     12     99.7934     2.12903     2.99448
214     31     9     90.1067     2.06975     4.01997
215     43     14     90.0167     1.57295     2.64359
216     28     1     116.66     3.09218     4.26328
217     14     3     65.0467     4.75336     3.4917
218     36     10     87.0467     2.5015     4.86869
219     24     3     54.8967     4.75123     4.28083
220     42     3     136.033     2.7728     2.73019
221     34     3     124.003     2.80197     2.84249
222     33     14     105.54     3.60425     4.75448
223     13     2     34.4933     4.48035     4.27213
224     36     15     138.093     4.44659     4.94057
225     36     8     138.093     4.0736     4.41458
226     47     8     141.033     2.21982     4.27274
227     28     15     72.33     2.64206     3.66352
228     20     7     152.99     1.71812     3.42563
229     43     13     167.93     3.76746     3.57257
230     16     10     80.48     3.70092     3.28173
231     38     1     166.96     4.48814     3.77926
232     27     1     119.69     2.1724     3.26113
233     41     12     161.9     2.42203     4.241
234     35     6     65.8967     4.84854     4.96483
235     43     4     87.33     1.57787     2.78428
236     34     1     136.093     3.31083     3.62888
237     15     7     127.84     2.85238     2.96609
238     11     4     83.54     4.84907     4.89296
239     20     14     50.8967     3.71609     4.74715
240     41     5     148.467     3.48953     4.37971
241     29     10     147.213     3.58684     2.97891
242     16     7     26.7467     2.21245     2.58744
243     27     4     27     4.38987     3.70197
244     18     5     136.213     2.35633     2.59575
245     38     10     80.9867     2.8057     3.25747
246     20     7     91.1967     2.20946     3.08237
247     24     1     26.6867     2.20626     2.71111
248     30     2     140.153     4.78925     4.15357
249     34     11     158.93     2.27761     2.58942
250     30     2     160.303     3.30891     3.48674
251     20     6     146.273     4.83059     2.92817
252     13     15     88.2267     3.8323     2.78558
253     26     10     124.063     4.29823     3.63437
254     41     14     125.63     4.61525     4.54749
255     34     6     146.84     4.92245     2.65961
256     41     7     69.21     2.1348     4.14357
257     23     11     115.69     1.62626     4.48675
258     37     1     116.257     2.80634     4.71152
259     24     15     65.6433     1.57466     3.92804
260     35     15     64.5533     1.88774     4.86053
261     9     8     38.5533     2.42256     2.73759
262     27     14     149.243     3.07103     4.18867
263     25     12     108.287     4.25016     4.03417
264     12     10     126.183     1.76159     4.11344
265     19     12     79.45     2.68629     4.5381
266     12     3     14.6867     2.04582     4.01379
267     14     15     82.51     1.71897     4.61966
268     36     14     78.9867     4.34405     2.68578
269     37     8     127.003     4.19333     3.66092
270     9     8     49.3     2.25336     2.60956
271     23     8     150.617     4.4969     3.22932
272     37     5     45.06     2.5768     4.53001
273     31     2     76.6733     4.43313     3.06391
274     36     12     131.377     2.03963     4.84886
275     13     1     21.06     3.28178     4.87419
276     32     6     138.123     4.69419     3.32995
277     12     13     138.273     4.04678     3.95146
278     21     9     58.6133     3.01111     3.61705
279     10     2     74.48     4.39201     3.59302
280     45     5     141.72     3.15937     4.06346
281     43     14     158.527     3.76405     4.83787
282     21     12     77.42     3.47244     3.87494
283     22     14     140.213     2.20327     4.01585
284     46     15     56.7467     3.10297     4.56473
285     14     3     71.7633     4.84127     3.10923
286     13     10     113.75     2.36424     4.22094
287     35     13     57.8367     4.08673     2.92596
288     12     11     136.93     1.75988     4.58693
289     47     14     171.93     2.4984     4.0865
290     23     7     45.8367     3.20038     3.45363
291     9     3     23.7767     2.84576     3.32232
292     15     5     142.617     2.90728     4.86473
293     21     11     148.617     3.85698     2.58751
294     19     11     103.63     4.00534     4.63424
295     34     12     70.27     1.65424     3.48231
296     26     5     46.15     3.30143     3.67664
297     42     13     44.6867     3.87727     4.48973
298     34     12     129.377     4.75176     4.14937
299     38     1     113.227     3.99338     3.52412
300     43     1     120.913     3.61579     3.40777
