1     28     15     123.28     4.70017     4.59227
2     9     37     204.853     3.39521     4.83779
3     32     3     206.68     4.1567     2.95686
4     21     33     166.567     4.34832     4.02356
5     36     32     147.16     3.37268     2.74697
6     16     19     39.82     4.87951     4.05171
7     27     34     151.393     4.89885     3.8187
8     38     27     149.16     1.88368     2.67869
9     25     9     212.913     3.39607     4.49759
10     45     34     206.447     2.42021     4.94446
11     32     19     45.2333     3.03974     4.28396
12     9     7     183.68     1.95962     4.78271
13     36     16     229.207     2.11109     4.37017
14     40     5     129.987     3.32023     4.44571
15     39     36     121.047     4.2774     3.47102
16     38     26     38     2.79043     4.24017
17     30     17     43.2333     4.05725     3.96611
18     26     25     277.433     2.93976     2.57599
19     11     27     249.2     2.4765     3.35482
20     16     25     79.52     3.11653     3.82801
21     25     34     239.38     3.9091     3.52435
22     13     37     171.8     2.63395     4.00929
23     11     19     238.613     4.60671     2.82922
24     38     10     289.433     2.64249     4.25779
25     13     39     132.1     4.41508     3.48422
26     34     12     182.213     3.19098     4.63508
27     40     10     63.82     3.17902     4.26939
28     19     24     273.08     2.47415     3.23786
29     11     29     209.5     2.8338     3.54755
30     41     35     51.5867     1.76864     3.12143
31     29     13     76.64     4.68447     2.59445
32     15     34     70.58     2.05608     4.53642
33     12     2     260.787     1.87257     4.24146
34     11     16     138.04     2.83294     4.97719
35     33     25     72.7     2.03076     4.33027
36     34     4     52.5267     3.10938     4.54352
37     25     34     56.76     3.12423     3.48087
38     26     24     123.927     4.59453     4.11435
39     14     11     220.44     2.98035     4.17135
40     30     27     220.56     3.06911     3.83389
41     20     35     168.213     4.00502     3.13059
42     14     39     141.04     2.9467     4.41092
43     20     31     274.08     2.58737     4.04363
44     37     28     55.5267     2.52126     3.72944
45     36     9     43.94     1.69152     3.06848
46     33     28     59.4667     2.40312     3.77323
47     37     20     134.927     4.63587     4.6672
48     22     4     278.727     2.14132     2.86142
49     12     17     64.9333     4.05918     2.74743
50     27     1     262.553     2.53493     3.19826
51     10     37     39.1133     4.57627     4.61852
52     11     33     270.373     3.13063     3.73341
53     29     33     31.6467     2.11856     2.75796
54     46     22     178.333     1.90835     3.33644
55     20     25     109.987     3.96422     4.39283
56     46     14     207.447     4.15456     4.2832
57     22     5     96.1067     1.95396     3.89096
58     34     38     41.94     2.02232     3.55411
59     19     27     148.687     3.89671     2.96701
60     14     34     238.967     1.77985     4.44601
61     10     2     41.76     4.16022     3.69976
62     40     30     90.2867     4.24589     3.49574
63     33     17     284.433     1.95065     4.36201
64     45     17     224.973     4.91241     2.71638
65     40     14     159.1     4.28018     3.06314
66     26     21     89.52     3.25561     4.64667
67     47     8     115.813     3.11995     4.20476
68     20     16     181.447     3.73382     2.71119
69     35     38     37.6467     3.7429     2.74743
70     9     14     188.973     4.97319     4.39558
71     30     21     72.3467     2.75251     3.79154
72     20     36     22.6467     1.64014     4.73167
73     35     29     159.393     3.30026     4.96933
74     45     6     190.567     2.50299     2.5969
75     46     4     212.74     4.48889     4.15006
76     38     10     188.86     1.6787     4.82604
77     34     26     108.107     3.46518     4.95788
78     23     35     62.7     4.56954     3.13372
79     9     28     120.16     3.19868     2.60163
80     35     8     127.633     3.48547     3.85228
81     39     34     211.033     4.94873     2.51762
82     33     18     46.2333     4.45492     2.97945
83     23     9     147.393     2.9185     4.32455
84     44     9     70.4667     3.72282     4.04042
85     29     33     166.627     2.09741     3.59088
86     19     24     101.047     4.93634     3.76118
87     27     7     29.6467     3.28979     3.91545
88     18     20     68.2867     3.5172     3.05506
89     20     20     237.027     4.33177     4.31974
90     15     33     128.807     4.72356     3.32163
91     27     4     34.94     3.49562     4.45296
92     46     5     59.2333     1.89628     3.0578
93     13     1     55.3467     1.58203     2.60941
94     13     19     42.1133     2.39639     4.78195
95     11     30     217.44     2.69878     4.05919
96     16     25     98.0467     3.22677     4.76989
97     18     12     221.793     3.22762     4.69016
98     39     34     274.553     3.84277     3.10404
99     11     24     183.033     3.97896     4.96315
100     19     5     148.687     3.65125     4.03455
101     10     18     39.1133     3.53311     4.17974
102     13     12     26.2333     1.69515     4.15319
103     11     16     29.5267     4.27024     2.56226
104     47     30     102.58     2.02681     3.37962
105     32     9     161.687     3.08652     3.64643
106     40     14     209.387     3.76885     3.76034
107     44     19     202.8     1.79887     4.48607
108     12     2     231.673     3.86157     3.58005
109     20     5     192.033     2.23649     3.671
110     10     36     168.8     1.99915     4.2851
111     33     29     46.2333     3.52051     4.65735
112     37     28     211.68     4.25251     2.72027
113     47     12     253.44     1.53023     4.40954
114     36     36     231.853     4.3793     3.67748
115     17     5     96.4     4.558     4.85588
116     33     11     191.8     2.3229     2.75697
117     11     34     53.3467     2.15029     4.65575
118     29     11     153.393     3.89735     4.54123
119     14     31     69.58     2.63811     3.78002
120     27     3     278.433     1.66022     3.58119
121     40     20     249.087     2.8527     3.40342
122     33     13     162.687     3.47394     3.19536
123     41     7     213.033     2.03034     3.60973
124     42     1     269.613     3.75304     4.58113
125     30     16     104.107     3.90419     3.90927
126     31     32     229.5     2.40013     3.73791
127     18     35     100.047     3.48323     4.06903
128     33     34     149.453     4.92886     3.70449
129     24     2     248.967     4.01965     2.75506
130     8     33     60.9333     3.7743     4.60715
131     27     17     267.847     4.66247     3.98808
132     47     27     76.1133     3.79139     4.02127
133     39     24     144.867     4.29972     3.91041
134     37     4     198.447     4.44018     2.64496
135     21     28     206.267     4.08802     2.8663
136     46     25     300.08     1.65862     2.78573
137     10     14     15.2933     1.66845     2.79481
138     41     15     162.747     2.42384     4.65903
139     40     18     214.68     1.57199     4.93446
140     16     26     209.207     2.99947     2.99944
141     36     33     73.0533     3.31051     2.84074
142     42     22     216.68     4.37172     3.98511
143     22     32     93.46     2.15616     3.21696
144     36     2     221.267     1.87193     4.97345
145     13     23     118.867     2.60874     4.55588
146     27     7     164.627     4.98782     4.55023
147     8     11     52.9933     2.54913     3.59523
148     28     21     123.28     3.3605     2.89079
149     30     36     278.787     4.08193     4.58541
150     29     15     232.793     4.97116     4.93431
151     30     39     130.573     2.06398     3.86921
152     9     18     239.26     3.01325     3.86929
153     40     13     108.813     2.82183     4.77477
154     8     10     68.8733     4.45343     4.93332
155     35     35     37.6467     3.05565     2.82037
156     44     37     51.94     4.77975     4.52361
157     12     16     223.733     2.4311     3.73218
158     29     30     81.9333     3.43655     4.62149
159     30     26     194.093     4.3589     4.27419
160     46     20     146.573     3.9483     2.52808
161     20     2     194.68     4.96091     3.39099
162     30     8     252.32     2.22976     3.4138
163     24     11     100.753     1.72506     3.6626
164     24     26     137.807     1.58385     3.17919
165     32     22     196.093     4.34747     3.07222
166     19     4     79.8733     1.88774     4.12885
167     36     9     49.2333     2.26041     4.58647
168     19     13     246.613     4.96529     3.45782
169     41     19     258.027     4.35089     3.54732
170     22     16     93.46     4.64783     4.55061
171     9     34     67.2267     3.86306     2.87797
172     8     19     248.847     3.52232     3.59203
173     32     30     294.02     4.99178     3.59996
174     31     1     263.907     3.86691     3.99167
175     24     3     180.153     2.66033     3.1634
176     8     24     177.387     4.27387     3.6195
177     39     11     213.68     2.98878     4.08956
178     24     11     76.9333     1.96016     4.85534
179     20     25     271.433     3.94702     2.9255
180     35     9     220.267     4.26543     4.94987
181     29     23     150.747     2.69686     4.5127
182     9     36     43.4067     3.83753     4.19836
183     20     33     35.88     1.62188     4.0659
184     12     3     59.64     1.50587     4.42732
185     13     8     108.28     2.54358     4.56656
186     36     16     176.273     3.3417     2.79305
187     26     40     190.093     3.12615     4.4676
188     27     11     238.733     2.406     3.3932
189     31     26     168.627     2.46764     3.21085
190     41     30     279.2     4.68543     4.19042
191     30     2     273.493     1.88015     4.55763
192     32     14     235.793     4.71502     4.24856
193     44     18     184.273     4.35591     2.73049
194     25     32     136.16     1.88891     3.78185
195     35     14     281.14     2.22164     3.86944
196     38     18     265.613     4.95856     4.51621
197     22     30     141.1     1.98077     2.79817
198     38     30     175.627     3.7179     2.86248
199     24     15     174.86     2.34245     2.60544
200     13     3     147.98     2.37642     3.40365
201     13     34     110.927     2.43826     4.53673
202     16     3     87.46     2.62027     2.69295
203     46     19     128.047     1.72666     3.19956
204     45     37     195.86     2.85954     3.36558
205     9     20     80.46     2.0847     4.58144
206     17     13     268.433     3.16439     3.56243
207     24     7     174.86     1.58759     4.37948
208     32     31     185.507     1.88763     4.16623
209     14     16     209.853     4.47522     4.14327
210     26     8     63.0533     4.97607     3.85075
211     21     25     42.1733     1.80602     2.7295
212     32     13     153.747     2.4671     4.44174
213     42     35     158.453     3.29994     3.07039
214     26     34     166.273     3.17614     4.09108
215     30     27     270.847     4.86669     4.25291
216     36     29     78.3467     1.56793     3.26289
217     31     19     181.86     3.8229     3.91171
218     29     8     171.92     2.81831     3.53252
219     38     37     220.62     2.29652     3.43417
220     23     26     184.447     4.56163     4.19774
221     15     4     224.087     2.31852     3.47827
222     17     6     27.5867     1.82632     4.20248
223     28     19     168.273     3.10211     4.80201
224     32     18     180.213     4.65841     4.37361
225     42     11     84.3467     4.00961     4.40664
226     41     2     234.207     1.93132     4.9691
227     18     34     179.447     2.70679     4.49133
228     25     27     284.373     4.34501     3.53999
229     17     6     130.807     2.5047     4.22101
230     30     24     157.04     2.10991     3.10381
231     9     14     223.38     4.3887     4.30616
232     35     17     77.3467     1.82173     3.13105
233     29     18     246.027     4.73553     4.39573
234     8     39     68.8733     2.52094     3.34399
235     9     30     244.553     2.21747     3.28188
236     47     33     139.633     1.94093     2.828
237     8     2     82.1067     3.39447     4.41794
238     8     1     76.8133     4.94382     4.45532
239     28     29     274.14     2.49274     4.24802
240     30     16     202.033     2.64313     4.62149
241     10     5     240.26     1.87236     3.34986
242     40     6     116.753     2.71502     3.29417
243     26     9     208.62     3.18094     2.8901
244     9     35     85.7533     2.39554     4.37437
245     36     8     268.907     4.19579     3.89149
246     41     17     215.68     2.16663     3.87043
247     46     23     56.5867     4.85292     4.3131
248     17     31     30.2333     4.12914     3.38404
249     31     7     54.82     4.96422     3.94292
250     19     8     270.433     2.06313     3.90957
251     39     28     208.387     4.12156     4.60311
252     15     18     104.987     1.67624     4.94491
253     36     7     168.333     3.78829     3.16706
254     15     15     171.153     4.5392     3.9156
255     47     29     192.567     4.57915     4.89029
256     12     31     25.2333     4.70829     3.41098
257     28     6     186.8     2.22655     4.55206
258     39     20     86.64     1.53685     3.73325
259     46     39     154.513     3.23521     2.91116
260     17     29     239.32     4.17283     3.25846
261     41     40     292.433     4.22367     3.47346
262     27     4     74.64     3.24375     4.11061
263     46     14     72.4667     4.95375     4.57144
264     47     40     54.94     4.23115     3.14783
265     19     34     122.22     2.54711     4.25733
266     28     19     237.087     3.52969     3.26144
267     24     25     87.52     1.89019     3.0079
268     23     13     216.207     1.69622     4.98703
269     19     34     146.04     3.72549     4.2423
270     44     23     303.373     4.88496     3.42807
271     21     19     243.32     1.93036     2.65168
272     17     25     191.68     3.96999     2.9931
273     11     36     169.8     3.98526     2.84219
274     36     37     253.027     4.85698     4.94354
275     21     2     140.1     4.62658     3.28997
276     24     17     26.6467     4.98024     2.75559
277     42     30     277.553     3.68906     3.10854
278     28     9     205.327     3.48878     2.79405
279     10     4     110.573     1.63523     4.12915
280     35     27     140.867     3.11899     2.79839
281     27     28     228.147     4.27238     3.2931
282     21     25     42.1733     3.75571     3.18194
283     21     28     79.2267     1.65563     2.85691
284     45     10     148.22     1.67966     3.64261
285     46     35     59.2333     1.68159     3.41021
286     33     10     175.92     1.50342     2.58751
287     14     24     151.627     2.86605     4.70511
288     30     13     80.2867     2.29438     4.36872
289     20     1     274.08     4.31158     4.29952
290     9     8     117.513     3.38517     4.33225
291     40     5     40     3.86157     4.01181
292     22     40     24.6467     1.87172     4.17943
293     22     34     85.52     1.94243     4.18836
294     21     32     142.747     2.79908     2.64061
295     25     23     83.2267     4.09218     3.28402
296     23     40     123.573     3.53407     3.96184
297     14     4     82.8133     4.67795     2.75422
298     14     33     241.613     4.82611     4.20316
299     45     37     195.86     4.29972     4.76043
300     19     2     111.633     3.05522     2.85035
