1     20     25     301.75     4.58513     3.89065
2     22     22     22     4.20551     4.11153
3     41     15     420.5     1.96283     3.19788
4     17     28     339     2.49092     3.90728
5     13     19     70.5     2.87246     2.61895
6     40     1     264.25     2.93484     2.58507
7     47     7     93     4.42331     3.51444
8     13     40     438.5     1.78626     4.1303
9     36     3     381     4.05811     3.09221
10     20     28     198.25     3.0721     4.92325
11     41     40     138.75     4.48921     3.83152
12     32     33     348.25     1.87663     4.56961
13     41     38     437.75     3.32098     3.21909
14     28     22     332.75     4.80859     4.54344
15     13     14     576.5     2.36061     3.79841
16     10     18     372.25     3.65445     4.64156
17     15     17     492.25     1.61632     3.53046
18     39     28     326.5     3.72153     4.75143
19     14     31     255.5     2.4828     3.96794
20     45     1     591.25     1.86616     4.43129
21     38     17     411.75     2.61386     3.74157
22     24     1     277     1.71149     2.80259
23     37     16     537.25     3.48355     4.8587
24     18     11     432     3.05074     3.75538
25     22     11     102.5     2.63395     4.31486
26     39     13     96.5     3.93976     3.96542
27     42     37     404.25     2.11066     3.51749
28     9     4     147     4.97618     3.72463
29     18     5     219.25     1.5862     3.02225
30     13     10     312     1.76576     3.08336
31     46     36     115     4.16994     2.58202
32     12     35     265     4.07755     3.30592
33     17     11     120.5     3.40654     4.008
34     36     39     197     4.68479     3.63773
35     27     34     38.5     3.96165     4.34347
36     36     20     110.75     2.89468     3.38542
37     22     9     68     2.49466     4.35057
38     43     25     583.5     2.26511     4.30982
39     17     35     431     2.21929     4.80857
40     42     11     536.5     3.50908     3.33041
41     8     14     358.75     1.65168     3.12563
42     13     35     570.75     3.0862     3.04369
43     10     37     504.5     3.04614     2.76246
44     30     30     110.5     4.48216     2.55242
45     26     14     221.5     2.01773     2.96854
46     10     5     274.5     3.67539     3.60881
47     30     13     196.75     3.85334     3.83122
48     34     19     206.5     4.79171     4.56931
49     43     39     296     3.50908     4.13671
50     43     33     370.75     2.94574     4.66216
51     15     31     308.25     2.79673     4.54413
52     39     13     125.25     4.27056     3.56761
53     29     12     339.5     1.75604     3.57189
54     18     14     259.5     2.63395     3.81077
55     21     9     164.75     2.71534     3.8963
56     29     34     448.75     4.04326     3.46583
57     42     28     329.5     2.54006     3.96313
58     23     8     258.75     4.23702     4.17463
59     26     31     273.25     4.56793     4.91127
60     22     23     102.5     3.464     4.47607
61     25     2     554     4.73179     2.80892
62     26     5     279     2.45033     3.44882
63     30     23     300.25     4.37086     3.70312
64     43     1     227     4.05383     4.66681
65     12     37     449     4.22794     3.98007
66     14     33     543     3.10521     2.96617
67     34     38     402     4.13576     3.53969
68     37     20     83     2.93826     4.02577
69     36     9     398.25     4.88934     4.28159
70     44     10     475.25     2.60596     4.25962
71     40     40     218.25     1.80677     3.90423
72     36     7     317.75     3.78498     3.52191
73     26     19     411.25     4.97789     2.51572
74     43     4     307.5     2.36766     3.12479
75     33     27     326.25     2.19835     4.55847
76     18     21     156     3.24108     4.16822
77     39     8     441.5     4.59453     3.5445
78     14     12     261.25     2.25379     3.68259
79     45     28     349.75     3.43239     4.60509
80     40     5     603.5     1.87054     3.58394
81     12     6     81     2.61664     4.85168
82     37     8     37     4.51367     4.94156
83     37     15     54.25     4.37599     4.04981
84     22     34     545.25     4.59218     2.5576
85     10     40     493     4.13555     3.10564
86     9     28     198.75     3.71929     4.86045
87     43     2     198.25     1.57851     2.86439
88     30     2     306     3.61621     4.10901
89     42     21     231.75     3.39351     3.22207
90     19     29     139.75     4.70402     4.41076
91     31     26     347.25     3.71021     2.54891
92     41     10     242.25     3.38282     2.55173
93     29     25     379.75     1.72207     4.92615
94     12     9     311     1.99893     4.13907
95     11     19     304.25     3.99808     2.69417
96     39     15     200     3.49904     2.55608
97     43     25     232.75     4.47917     4.31486
98     46     4     488.75     4.77163     3.22977
99     47     19     208     1.66482     2.54425
100     34     30     126     2.67646     3.21108
101     39     26     487.5     3.98611     2.92001
102     9     4     296.5     2.26191     3.56738
103     28     31     200.5     2.36552     2.55921
104     19     19     145.5     2.66855     4.58747
105     41     17     386     4.46603     4.27053
106     14     13     157.75     2.72121     3.79917
107     12     19     334     4.62561     3.47736
108     19     29     237.5     1.7084     4.2996
109     10     19     107.75     4.98099     2.95473
110     22     28     361.25     2.34875     3.39747
111     8     29     117.25     3.77772     2.87774
112     26     24     514.75     1.94584     4.0685
113     42     6     594     3.36883     3.68313
114     11     23     494     3.22965     4.22254
115     32     17     89.5     2.89991     4.24284
116     18     16     478     2.8856     3.78407
117     44     37     308.5     3.68212     2.85066
118     44     18     49.75     3.27216     4.58457
119     29     37     420     2.75283     3.52084
120     44     19     596     1.82408     3.06764
121     31     7     335.75     2.62401     2.59949
122     20     3     255.75     3.64527     3.3066
123     9     6     26.25     2.21715     3.18842
124     32     30     250.5     4.78733     2.83456
125     30     32     490     3.98697     4.88144
126     43     6     543.25     2.21641     3.78689
127     12     8     495     2.23125     3.81298
128     16     22     251.75     2.46806     4.35659
129     40     13     189.5     1.58962     3.01996
130     43     16     77.5     4.48857     3.06131
131     40     33     281.5     2.72869     3.11518
132     37     24     65.75     2.16396     3.32431
133     23     3     586.5     4.2148     3.27357
134     11     15     91.5     3.03792     3.36604
135     45     38     91     3.0753     2.53151
136     39     33     108     3.71459     3.90996
137     29     16     247.5     4.54614     3.89767
138     14     31     353.25     2.45151     3.69968
139     13     35     363.75     2.50737     3.77697
140     8     6     226.5     3.43869     2.82952
141     17     7     74.5     4.1066     4.20713
142     36     38     214.25     2.26479     3.88646
143     24     6     35.5     4.0689     2.90712
144     17     36     344.75     1.57221     3.40564
145     21     31     527     3.19526     3.63895
146     14     16     134.75     4.39863     3.63788
147     32     12     187.25     4.54849     4.38101
148     27     23     245.5     2.70583     4.62973
149     10     27     228.5     4.82536     3.31477
150     29     26     529.25     3.09731     4.11588
151     37     25     134.75     1.91786     2.62345
152     46     37     63.25     2.22175     2.72462
153     41     2     357.25     4.66118     2.60331
154     27     10     159.25     2.86573     4.49507
155     24     19     409.25     2.76875     3.5876
156     20     36     71.75     4.23211     2.7073
157     27     16     153.5     1.95589     3.1827
158     39     36     510.5     4.90728     3.52519
159     27     6     228.25     1.75027     3.81733
160     22     23     556.75     4.51549     4.95109
161     9     35     49.25     3.48943     3.10343
162     36     29     496     4.06078     3.59363
163     46     16     454.25     3.00684     4.5101
164     36     20     116.5     4.95556     4.2481
165     20     38     428.25     3.00502     3.35017
166     43     11     365     3.23841     4.78828
167     35     30     592.75     3.11557     3.07878
168     40     8     482.75     3.47768     3.87211
169     21     7     538.5     2.64772     4.40504
170     35     3     466.25     3.36338     3.95924
171     34     4     235.25     2.0235     4.71511
172     35     32     270.75     4.98675     4.6408
173     37     36     215.25     2.9012     2.80931
174     14     8     353.25     3.80667     3.78216
175     45     40     263.5     3.48547     3.951
176     38     32     199     4.30453     3.97816
177     29     17     236     3.02574     2.72691
178     38     33     578.5     2.82525     4.32035
179     20     23     146.5     1.50128     3.72211
180     33     7     527.5     4.10746     4.97734
181     38     27     164.5     4.99509     2.50572
182     11     35     321.5     4.99947     4.58724
183     9     21     428.75     1.75336     4.42999
184     14     1     382     4.86402     2.96274
185     17     39     34.25     3.43463     3.74119
186     30     34     231.25     4.17005     4.10886
187     28     24     258     4.54444     3.00409
188     21     18     176.25     1.77184     4.55283
189     46     34     609.5     3.55875     2.83792
190     40     27     592     4.8762     4.48668
191     39     37     562.25     1.73457     4.46516
192     41     32     581.5     2.69601     4.22239
193     40     25     316     4.10788     2.57286
194     35     11     443.25     1.79278     3.45958
195     26     32     158.25     1.67913     3.48689
196     33     1     107.75     4.10585     3.36528
197     39     25     481.75     4.78658     3.65749
198     31     40     508.25     4.66834     3.96687
199     30     39     570.5     1.6662     3.45897
200     30     40     168     2.0125     4.35682
201     43     32     181     3.2006     3.80032
202     29     7     293.5     3.76127     3.21047
203     45     7     579.75     2.35366     3.04941
204     11     3     379     2.90696     4.61623
205     31     18     157.5     2.2946     4.26939
206     30     20     363.5     1.77889     4.21758
207     15     20     544     4.70743     2.76704
208     47     38     415     3.19707     3.16897
209     10     20     27.25     3.78979     3.95489
210     35     12     397.25     3.81414     4.90287
211     30     12     277.25     3.43805     4.02402
212     12     40     46.5     3.64505     4.70985
213     15     11     400.25     1.62081     3.43142
214     22     36     367     3.78317     4.63141
215     26     11     371     4.93912     3.19819
216     10     21     556.25     2.80517     3.66482
217     37     4     502.75     3.37428     4.02097
218     31     34     140.25     2.36264     3.28082
219     45     23     372.75     3.22399     3.19582
220     44     1     90     4.46144     3.25381
221     38     28     187.5     2.72506     4.35476
222     31     27     473.75     3.9279     2.80412
223     31     29     376     4.86402     2.51404
224     9     11     555.25     4.06441     4.55336
225     19     8     456     4.37492     4.43625
226     31     18     548.5     2.98964     3.79185
227     26     25     486     4.92534     4.30334
228     18     6     230.75     3.16941     3.05879
229     46     38     454.25     3.489     4.70351
230     8     39     560     2.13202     4.53482
231     14     25     134.75     4.90686     2.92978
232     42     8     70.75     2.87385     2.74689
233     14     2     198     3.63437     2.59148
234     44     20     498.25     1.9499     2.58637
235     13     2     352.25     2.67763     3.03797
236     16     30     504.75     4.25443     2.63848
237     45     33     45     3.2163     4.09497
238     10     16     56     4.98633     3.82542
239     47     16     179.25     3.41423     3.61332
240     37     5     474     1.80474     3.36085
241     36     16     306.25     2.91711     2.83059
242     13     39     576.5     2.17005     4.01814
243     37     25     307.25     2.53835     4.54451
244     20     26     135     4.87332     3.70998
245     20     4     71.75     2.63234     4.09963
246     22     7     493.5     4.75326     2.88118
247     17     2     218.25     3.65456     3.18598
248     44     10     366     3.10019     4.71358
249     30     2     173.75     1.90953     3.95047
250     20     20     319     2.74856     3.14379
251     19     15     220.25     4.98708     3.42059
252     39     26     39     1.85527     3.6932
253     19     7     134     3.88464     3.24099
254     26     20     411.25     3.86723     4.61051
255     29     14     132.5     3.31809     4.72213
256     21     22     222.25     1.67507     3.32675
257     28     33     240.75     1.71993     4.20133
258     15     10     549.75     2.45578     3.22329
259     47     35     93     4.92491     3.71731
260     41     29     351.5     2.20103     3.21131
261     10     12     441.25     3.54219     4.49591
262     46     6     362.25     4.43463     2.62467
263     19     29     208.75     1.51709     3.249
264     34     18     379     2.61621     3.92514
265     22     13     372.75     4.87866     3.78636
266     24     2     386.25     3.23414     3.21963
267     25     22     59.5     2.17486     3.93849
268     33     27     527.5     2.08342     3.59066
269     16     40     113.75     3.09613     2.79389
270     20     37     468.5     4.7336     3.73844
271     43     22     543.25     2.28562     3.24747
272     25     37     180.25     3.68233     4.43655
273     43     37     445.5     4.83753     4.8619
274     37     4     65.75     3.19761     2.79901
275     33     24     245.75     4.98216     4.54138
276     41     5     282.5     4.34704     4.36064
277     31     22     169     1.95941     2.51808
278     42     35     559.5     2.71427     2.96945
279     28     33     281     4.07958     3.65116
280     19     32     174.25     2.30378     3.49193
281     36     17     369.5     3.47031     4.03752
282     46     7     575     3.63234     4.83062
283     22     32     211.75     2.01335     2.93626
284     47     27     317.25     4.50833     3.25373
285     29     4     40.5     4.4671     2.50458
286     10     37     539     2.99861     3.53847
287     32     40     227.5     3.27665     2.84684
288     47     19     438     2.5831     2.9255
289     41     2     598.75     4.07306     4.87587
290     29     11     448.75     1.99594     2.88675
291     26     30     497.5     4.35762     3.48651
292     36     4     588     4.7555     3.70571
293     27     34     481.25     2.37556     3.54244
294     26     38     250.25     2.88037     4.36949
295     29     9     437.25     4.67678     3.67458
296     39     21     458.75     4.7946     2.77436
297     26     8     100.75     4.36328     2.89254
298     16     2     326.5     2.4185     3.74317
299     35     36     316.75     3.52521     2.5087
300     8     25     59.75     3.44894     4.85534
