1     14     4     277.9     4.4953     3.49689
2     37     12     170.4     2.29395     4.68642
3     24     9     111     4.23125     4.27229
4     44     7     110.7     3.98836     4.79019
5     33     3     108.4     2.14634     3.61888
6     9     15     214.9     1.79139     2.71126
7     45     2     210.3     4.26298     3.01675
8     44     2     96.2     2.52991     3.98755
9     30     15     59     2.93004     4.80796
10     16     10     291.5     2.75454     2.73843
11     40     1     144.4     3.4154     2.71409
12     27     10     299.6     4.17614     3.58913
13     13     10     192.8     3.68468     2.66678
14     41     9     159.9     3.28819     3.9069
15     26     13     208.7     4.3683     3.94993
16     25     7     71.4     4.17774     3.84983
17     8     8     150.1     3.41572     3.15477
18     39     4     288.4     2.02339     4.22803
19     20     6     112.8     3.43719     3.44768
20     8     8     205.2     3.78082     4.6778
21     8     2     274.8     3.73318     4.15006
22     9     9     81.5     2.05544     4.64759
23     24     1     99.4     1.5109     3.13097
24     16     11     184.2     3.66375     4.69718
25     21     6     99.3     2.28904     4.51224
26     17     12     191     4.38069     3.10846
27     21     8     189.2     4.4891     4.186
28     43     8     240.2     4.37535     2.81014
29     9     1     220.7     3.7148     3.14486
30     25     12     126.5     4.83444     3.61316
31     46     11     278     2.71918     3.62438
32     9     8     264.2     3.27195     4.76005
33     45     13     320.5     2.55875     3.05803
34     24     9     137.1     1.5282     2.78611
35     35     1     174.2     2.93506     3.34521
36     36     9     88.2     1.95482     4.69337
37     10     7     192.7     4.7241     2.93069
38     40     13     321.3     2.28787     3.93651
39     46     4     240.3     4.19323     4.1979
40     44     2     278.9     3.20829     4.22231
41     8     12     22.5     3.40547     3.67328
42     42     14     326.2     4.09026     3.62049
43     46     15     301.2     1.81115     2.54448
44     42     2     117.4     4.43634     3.98762
45     33     5     305.6     4.02756     4.99016
46     39     10     192.7     4.00096     3.20376
47     22     1     62.6     1.80474     4.32234
48     40     3     225.6     1.60062     2.72073
49     30     3     259.1     3.68148     4.44205
50     24     15     276.3     3.11216     2.92413
51     14     14     269.2     3.82546     4.10634
52     23     10     156.4     3.65819     3.8065
53     23     5     197     2.06334     4.00876
54     46     7     283.8     3.48013     3.45401
55     39     1     218.8     1.59784     4.17173
56     14     7     217     4.99861     4.34538
57     14     8     170.6     1.91113     4.15151
58     42     10     114.5     1.56195     4.96292
59     18     12     299.3     4.35751     3.55625
60     33     2     288.2     3.38133     4.21636
61     44     6     81.7     2.442     2.87545
62     13     8     184.1     2.65403     3.67969
63     33     11     236     2.28797     4.62302
64     46     4     295.4     3.87385     2.63916
65     42     2     326.2     3.29054     4.79217
66     24     10     148.7     3.82899     3.45553
67     20     5     225.9     1.95888     4.62279
68     41     15     241.1     1.78819     4.73701
69     8     3     240     4.94563     2.68204
70     44     10     133.9     4.87332     4.82612
71     20     6     225.9     2.26287     4.75654
72     40     11     225.6     4.11963     3.09847
73     32     8     92.9     2.18778     4.05728
74     9     14     226.5     1.72463     4.07414
75     42     14     146.4     1.85334     4.2378
76     22     7     274.3     1.98302     4.34111
77     10     12     33.2     2.02788     2.72362
78     34     4     309.5     4.41006     4.79194
79     39     11     134.7     3.08193     4.35553
80     28     10     199.1     2.55138     3.17263
81     41     2     64.2     3.14292     2.84356
82     15     4     278.9     2.48227     4.4438
83     21     14     79     1.93612     2.53609
84     18     6     284.8     4.99231     3.95451
85     28     6     178.8     3.31489     2.99844
86     8     3     248.7     3.95856     3.42875
87     35     2     139.4     2.4765     3.90637
88     41     6     235.3     4.40632     4.76402
89     28     2     100.5     3.36755     2.75086
90     24     7     267.6     4.257     4.14274
91     12     4     58.4     3.27451     2.85569
92     43     13     196.7     2.76394     3.95642
93     44     14     145.5     4.10425     4.20766
94     38     12     287.4     4.13491     2.54135
95     8     9     193.6     4.84982     4.59883
96     17     4     179.4     2.3433     4.22819
97     19     5     53.8     3.24535     3.58188
98     21     6     154.4     3.12583     4.70244
99     9     11     275.8     3.10767     4.23788
100     10     15     172.4     2.66791     4.1789
101     11     11     211.1     2.86563     2.75575
102     12     13     84.5     3.47714     3.38786
103     46     10     249     3.77676     3.32545
104     18     15     194.9     4.4436     4.87396
105     12     13     41     2.83187     3.34269
106     14     2     295.3     3.58769     4.60723
107     10     6     65.1     1.84651     3.92674
108     47     13     113.7     2.99626     3.90721
109     41     5     133.8     4.74055     3.25022
110     26     14     176.8     1.9451     4.1792
111     45     6     221.9     3.00449     2.68212
112     37     8     51.5     2.70968     4.46318
113     17     3     77.9     1.85452     3.24236
114     18     12     165.9     4.56345     4.29487
115     8     7     118.2     3.07402     4.86976
116     34     15     63     3.46261     4.37979
117     45     1     285.7     4.04219     3.50185
118     31     12     219.5     4.42042     2.5795
119     37     12     295.1     2.45172     3.46782
120     41     3     104.8     4.56644     2.71065
121     40     15     77.7     3.21277     2.69303
122     27     9     282.2     2.89543     3.65596
123     11     1     245.9     3.04486     3.21734
124     19     15     265.5     1.70263     3.78811
125     33     6     53.3     1.75582     4.52437
126     29     14     316.1     3.20669     3.2062
127     37     8     300.9     1.70914     4.68459
128     24     12     119.7     4.86039     3.78475
129     41     11     191.8     2.47768     4.31028
130     47     3     235.5     3.84854     4.53459
131     35     15     130.7     4.68586     3.32324
132     41     2     52.6     3.77377     4.77691
133     19     12     126.3     2.03877     3.03453
134     42     13     262.4     2.52937     2.62963
135     46     1     263.5     3.53941     3.53755
136     40     4     312.6     3.35986     3.8065
137     22     2     285.9     1.89212     3.9124
138     47     12     331.2     3.60895     3.22748
139     47     13     247.1     3.59528     2.74415
140     13     13     187     3.15552     4.44388
141     20     12     231.7     1.71982     3.95268
142     39     6     85.4     4.53589     4.37353
143     24     1     70.4     3.37695     2.93512
144     34     15     54.3     4.75529     3.35017
145     37     2     312.5     3.37129     3.02103
146     43     11     248.9     3.28509     2.98502
147     17     8     46     2.04369     4.74006
148     15     1     168.7     1.74888     4.33996
149     44     4     307.9     4.30004     2.90178
150     28     9     155.6     2.29534     3.9143
151     19     9     123.4     3.32803     3.98877
152     46     14     72.1     4.65883     4.94346
153     24     8     87.8     1.50171     3.86097
154     10     14     155     1.90696     4.01036
155     47     2     215.2     1.97319     3.2738
156     39     11     276.8     2.87727     2.96922
157     10     11     242     2.45183     3.70823
158     32     7     214.7     4.29897     3.68191
159     14     14     89.4     1.6709     3.51299
160     28     7     271.6     3.60446     3.06673
161     45     11     146.5     4.54241     4.36003
162     38     15     127.9     3.42673     3.45981
163     18     15     145.6     4.99829     3.01172
164     13     1     276.9     4.28552     3.28875
165     32     11     278.5     2.51997     3.40136
166     13     8     152.2     2.95962     3.05925
167     19     1     140.8     3.35559     4.02554
168     28     1     88.9     3.54817     4.15387
169     37     10     298     2.92352     3.14913
170     45     7     227.7     2.71822     2.9429
171     10     13     143.4     1.9044     4.32295
172     32     13     55.2     1.64035     2.70882
173     44     14     139.7     3.52094     4.71381
174     25     11     262.8     2.61205     3.38252
175     24     4     108.1     2.50406     3.74729
176     13     10     195.7     4.36776     4.09162
177     15     12     75.9     4.2477     4.56252
178     16     11     68.2     3.07723     3.52222
179     47     10     331.2     4.14997     3.27982
180     18     12     258.7     2.53087     3.09297
181     39     2     137.6     4.14313     3.58119
182     21     9     41.3     2.01314     2.94069
183     38     9     159.8     3.41028     4.10207
184     40     12     135.7     3.86296     3.21993
185     37     6     208.1     1.78904     3.63727
186     23     15     121.6     2.22132     3.2136
187     32     8     237.9     1.86435     4.15807
188     9     9     96     1.96742     3.25755
189     9     2     194.6     2.74664     4.14228
190     17     4     240.3     4.84159     4.4763
191     37     14     190.7     3.03963     4.71709
192     45     14     181.3     4.75529     3.83198
193     37     1     286.4     2.49402     3.61385
194     34     3     152.9     2.79011     4.48599
195     30     14     137.3     2.34939     4.43609
196     22     1     39.4     3.38261     3.97237
197     42     6     311.7     4.36381     3.73898
198     20     12     266.5     2.19739     2.68456
199     37     12     245.8     1.52991     3.42235
200     28     1     112.1     4.18821     2.67388
201     24     4     212.5     2.48045     3.43577
202     16     7     33.4     1.84501     4.26115
203     25     1     242.5     2.07862     4.79583
204     9     13     177.2     4.63085     2.96007
205     17     15     92.4     3.19825     2.91635
206     32     3     203.1     4.1034     4.21415
207     37     1     248.7     2.19066     3.75141
208     37     4     158.8     4.22698     3.44508
209     14     13     170.6     4.53835     2.74949
210     19     7     253.9     4.86937     3.9143
211     41     14     319.4     4.19739     4.12206
212     41     13     104.8     4.98825     4.89662
213     16     2     76.9     3.62615     2.92268
214     11     10     51.6     4.50352     2.66671
215     22     6     245.3     4.50299     4.94064
216     47     8     331.2     4.85879     4.298
217     23     15     133.2     4.12946     4.40497
218     25     10     207.7     4.76811     4.27374
219     14     12     31.4     4.52286     4.50278
220     23     5     104.2     1.65285     3.91102
221     37     6     97.9     2.69515     3.2091
222     38     11     194.6     2.26394     3.59714
223     41     1     55.5     4.12017     4.42946
224     19     14     79.9     3.99263     2.83822
225     42     8     317.5     3.38742     4.45479
226     11     3     42.9     2.8684     3.12082
227     31     10     268.8     2.04411     3.72921
228     20     2     95.4     3.74493     3.58547
229     9     14     11.9     4.12476     3.93017
230     33     9     128.7     4.67272     4.51331
231     11     5     135.7     3.36723     2.86073
232     41     8     58.4     4.45962     3.62445
233     17     2     147.5     4.11782     4.65514
234     9     13     284.5     1.91914     2.68998
235     14     13     222.8     2.42245     2.79557
236     46     1     191     4.30624     4.45524
237     27     6     99.5     4.30656     3.44325
238     27     5     195.2     2.93944     4.87625
239     31     15     36.8     4.24129     4.08032
240     25     14     155.5     3.51239     3.16851
241     18     4     78.9     4.29812     4.96498
242     18     9     226.8     2.59122     4.66895
243     41     13     307.8     3.9906     3.3993
244     21     14     206.6     4.80047     4.00868
245     29     14     168.2     2.80389     3.3092
246     38     10     46.7     3.69611     3.60004
247     12     13     90.3     4.91102     2.63703
248     19     3     45.1     3.32568     4.93553
249     30     14     44.5     1.57744     3.54663
250     32     12     185.7     3.47703     2.69837
251     17     1     240.3     4.75336     2.94084
252     35     3     290.2     4.61333     4.18737
253     37     12     315.4     2.35185     3.29173
254     40     12     254.6     4.49605     4.05232
255     9     12     69.9     3.21705     3.78307
256     31     8     234     3.99615     4.34339
257     37     6     193.6     3.77718     4.2655
258     9     14     55.4     4.59133     4.8722
259     22     14     256.9     2.3872     4.52391
260     30     9     47.4     4.55223     3.88592
261     13     10     97.1     1.85772     3.85777
262     42     5     282.7     4.315     4.05324
263     23     8     168     3.67208     3.47354
264     44     8     55.6     3.54208     3.76331
265     14     1     295.3     4.3903     4.18996
266     22     6     187.3     3.87043     3.73737
267     47     6     183.3     4.74087     4.45517
268     24     10     137.1     3.34651     3.95215
269     19     4     175.6     3.40045     3.67733
270     28     8     120.8     3.54999     3.37642
271     22     9     158.3     3.46059     3.3668
272     35     5     133.6     4.90387     2.51976
273     43     10     283.7     3.58161     3.59157
274     23     4     295.6     4.17251     3.79406
275     45     8     323.4     1.83444     4.74456
276     31     10     202.1     4.64751     4.68696
277     16     12     300.2     1.73083     4.62355
278     38     9     81.5     4.02051     3.74859
279     30     10     99.6     2.9388     3.32431
280     20     9     217.2     1.9436     4.39024
281     34     11     164.5     4.68799     3.44523
282     43     12     266.3     2.77783     3.99548
283     9     11     87.3     4.36061     3.10503
284     36     10     65     3.02831     3.34437
285     19     10     184.3     1.77163     4.27282
286     16     5     97.2     1.96742     3.84953
287     31     4     196.3     2.13501     3.91072
288     15     15     287.6     3.94552     2.60506
289     36     14     317.3     3.71801     2.92871
290     36     12     294.1     1.88838     2.74789
291     41     9     325.2     1.68308     2.95282
292     46     15     188.1     4.98398     4.13152
293     38     14     293.2     4.6175     3.40449
294     25     6     213.5     2.05383     4.31227
295     32     2     293     4.24931     3.89355
296     35     12     159.7     4.11536     4.84832
297     9     14     272.9     3.35238     4.42305
298     24     8     247.3     1.62818     2.91101
299     45     10     74     3.83828     3.40724
300     31     3     318.1     4.43121     3.20864
