1     44     2     218.57     1.511     3.97351
2     18     13     52.155     4.03397     4.61097
3     40     6     93.13     3.93954     3.50108
4     14     1     203.75     2.54241     4.69382
5     11     7     181.775     2.60831     3.44523
6     12     14     72.72     3.81564     3.75629
7     31     13     163.825     4.37599     2.71241
8     24     4     96.105     4.54817     3.26601
9     36     3     100.515     2.53034     3.35154
10     20     6     243.905     2.96443     2.97472
11     12     14     285.24     4.03696     4.66536
12     13     6     39.565     4.41113     3.93574
13     15     7     318.6     2.97426     2.6339
14     19     2     34.18     4.63544     4.33393
15     40     13     169.03     1.65648     4.65148
16     36     9     328.215     3.25262     3.12845
17     30     5     295.65     2.44478     4.57465
18     26     9     356.165     1.90023     4.00792
19     20     2     118.67     1.74461     3.08428
20     16     5     160.21     4.57968     4.65758
21     41     10     200.39     3.69184     3.35917
22     33     10     36.795     2.68543     3.83976
23     25     7     267.88     4.52542     4.56214
24     25     4     97.105     4.22239     3.78643
25     26     3     90.515     3.64783     3.13891
26     10     15     199.75     2.20936     2.90391
27     16     3     315.805     2.87396     4.42999
28     24     15     316.215     4.77174     3.79116
29     41     11     397.73     4.36552     4.59372
30     37     2     177.415     4.41989     4.06896
31     25     6     290.65     3.75465     2.8428
32     22     4     219.34     2.01677     2.52304
33     16     1     296.83     2.95482     3.99388
34     21     8     157.62     4.93175     3.05948
35     15     14     208.545     4.15819     3.82756
36     37     15     211.57     2.8825     3.9713
37     39     1     327.42     2.52136     4.76333
38     9     3     206.34     1.96432     2.51946
39     10     2     355.345     2.03877     4.34545
40     21     1     96.9     4.86712     4.82505
41     15     13     265.47     2.10286     4.0418
42     26     11     63.95     3.77911     3.57418
43     42     5     216.57     3.7524     3.35513
44     31     12     125.875     3.47938     3.5361
45     26     5     352.37     4.10767     4.24718
46     11     6     310.805     4.61675     4.8928
47     10     13     317.395     3.4937     3.37466
48     44     11     415.91     3.17656     4.38177
49     8     12     383.705     4.25123     4.63836
50     43     1     153.055     2.63512     4.251
51     33     11     173.415     4.73382     4.54421
52     13     11     54.745     3.80154     4.02669
53     27     8     357.165     2.49423     2.87736
54     28     14     232.93     3.84661     2.59323
55     41     10     211.775     3.15744     3.68847
56     12     3     194.16     4.52029     3.08596
57     35     11     194.39     3.48045     4.0923
58     22     9     188.98     1.55533     3.09572
59     12     7     99.285     4.60115     3.37924
60     17     6     233.315     4.25988     2.68723
61     26     3     177.8     2.97319     4.93927
62     20     7     361.55     4.79545     2.72843
63     9     4     126.645     4.48985     3.49788
64     20     9     376.73     2.14516     3.53343
65     24     15     384.525     2.29363     2.66533
66     36     5     89.13     3.76736     3.81771
67     34     7     295.855     2.27515     2.79778
68     9     7     27.975     4.9373     4.96529
69     31     9     141.055     1.75806     4.17112
70     18     10     44.565     1.77644     3.10892
71     41     3     344.6     1.87257     2.96709
72     14     14     325.19     2.97009     4.02325
73     39     7     312.24     4.61557     2.57256
74     21     14     115.875     1.67016     3.32904
75     37     2     139.465     1.5987     2.69074
76     38     15     87.335     2.08844     4.51117
77     9     2     119.055     3.48473     3.76453
78     24     11     35.385     2.77515     4.74868
79     32     6     69.95     1.60927     4.21346
80     32     5     328.01     3.08567     3.55739
81     31     13     342.19     1.79235     2.98212
82     9     5     12.795     4.83518     4.24505
83     35     7     399.32     4.33625     4.90188
84     15     15     174.39     2.14025     3.17858
85     34     1     227.545     3.71043     3.86418
86     28     12     50.77     4.94852     4.36445
87     39     3     39     4.42544     3.80734
88     44     4     210.98     1.75443     4.34111
89     42     12     322.83     4.09293     2.51511
90     16     10     300.625     1.50523     4.88434
91     45     5     48.795     3.174     3.22817
92     14     5     328.985     4.19109     3.52435
93     24     15     46.77     2.91455     4.06781
94     23     11     281.06     1.62529     4.37635
95     38     2     125.285     1.96817     2.7723
96     32     8     172.415     4.91113     4.28274
97     22     8     192.775     2.20733     4.24589
98     33     1     404.91     4.09549     4.26839
99     35     4     243.725     2.72047     3.41983
100     25     8     248.905     3.51132     3.80833
101     20     10     285.65     2.9984     3.42631
102     33     3     344.19     3.30677     2.9075
103     37     10     272.29     4.80709     4.08513
104     20     8     50.36     4.16172     4.49362
105     28     8     65.95     2.2477     3.20193
106     30     11     170.415     3.69248     4.62203
107     13     4     77.515     2.00566     3.17995
108     41     10     367.37     2.04315     2.99348
109     14     8     44.36     3.7852     2.94382
110     25     5     256.495     2.66524     3.7843
111     11     12     113.465     3.93292     2.67556
112     34     1     352.78     4.78466     4.28838
113     28     3     141.85     4.74834     3.86387
114     29     3     404.705     1.5549     3.87303
115     34     4     75.745     4.98173     4.66514
116     38     8     148.055     4.90088     3.24602
117     46     8     417.91     3.01976     3.07733
118     9     3     331.575     2.54572     4.03607
119     10     7     268.06     2.25871     2.9265
120     32     2     309.035     4.72976     3.68473
121     45     15     238.545     4.66492     2.66533
122     14     1     370.73     2.11354     3.15241
123     35     4     255.11     3.02243     4.48469
124     24     14     346.575     2.87022     4.9353
125     27     4     197.775     3.36905     3.73722
126     31     3     163.825     1.96432     3.89538
127     40     12     112.105     4.11953     3.67405
128     16     1     255.085     1.6191     3.40358
129     41     13     337.01     1.87535     2.99326
130     27     2     106.695     2.47063     4.29434
131     8     6     167.39     2.92352     3.70128
132     47     4     62.18     3.90942     4.13343
133     30     14     33.795     1.92181     4.28693
134     12     7     254.88     3.1097     4.29792
135     30     4     265.29     4.77184     3.20742
136     24     13     346.575     3.24674     4.86877
137     38     5     322.625     4.67945     2.68754
138     27     8     80.13     2.90056     4.83596
139     9     1     244.29     2.40291     2.83067
140     26     2     132.26     1.64794     2.61612
141     8     4     254.675     4.18874     3.54282
142     40     2     267.7     4.34191     4.38246
143     20     15     31.385     4.39425     4.26885
144     40     6     313.24     3.07797     2.70737
145     37     5     71.155     1.79844     4.04134
146     37     14     128.08     3.34928     3.01767
147     38     15     307.445     4.09987     4.34179
148     19     9     148.03     3.38763     2.86195
149     23     9     144.44     3.10211     4.77477
150     43     3     331.42     3.69301     3.99091
151     17     14     233.315     4.58737     4.05385
152     26     4     322.01     4.75069     4.74967
153     22     14     124.465     4.37609     3.80078
154     18     9     116.67     3.43516     2.78291
155     31     10     323.215     1.57584     2.65648
156     40     4     165.235     2.1019     3.05277
157     27     9     212.955     3.51656     3.20536
158     12     12     182.775     2.36712     3.6684
159     23     4     212.75     4.87342     4.21094
160     13     4     267.265     4.57424     4.52895
161     24     10     266.88     3.97757     3.16523
162     42     10     246.93     2.44777     3.77834
163     11     2     269.06     3.81425     4.15006
164     42     3     57.18     4.43623     4.57335
165     14     9     101.285     4.70818     3.51054
166     45     6     52.59     4.74012     4.663
167     44     1     419.705     2.69654     3.3417
168     32     15     225.545     2.02969     3.78155
169     21     8     81.72     4.09004     2.78718
170     21     1     153.825     2.84918     3.85372
171     35     9     372.755     3.72004     4.65072
172     40     1     385.345     2.70765     4.51178
173     46     6     326.83     3.87503     4.81948
174     44     13     47.795     4.35954     3.92605
175     41     6     158.645     3.92309     4.50117
176     20     6     316.01     3.27067     4.94728
177     11     9     379.115     2.62252     2.7723
178     18     13     90.105     3.27291     4.06178
179     15     2     41.565     2.62038     4.43968
180     12     15     220.725     2.90547     3.15912
181     20     12     236.315     3.13726     3.21413
182     18     3     226.725     4.9452     4.11191
183     14     15     256.88     1.84074     2.69707
184     25     2     355.165     3.62198     3.66863
185     43     14     342.805     2.40611     2.67914
186     19     7     26.59     2.02446     3.65864
187     39     6     122.49     3.26415     3.25152
188     28     4     244.315     3.69077     4.00975
189     8     3     300.215     2.53664     4.22994
190     38     2     186.005     2.88838     3.57822
191     35     7     323.42     1.65947     4.89067
192     15     1     235.11     1.58065     3.79154
193     37     2     40.795     4.19355     4.01967
194     14     1     51.95     4.0815     2.60331
195     10     8     116.26     2.82205     2.77398
196     41     5     371.165     3.39639     3.76095
197     34     5     341.395     3.53696     2.85516
198     26     4     147.44     4.75262     3.88554
199     23     6     87.515     3.011     4.99596
200     29     14     123.875     2.31553     4.86496
201     33     4     173.415     3.15947     2.7588
202     36     1     237.135     3.59293     4.05805
203     18     10     268.47     3.38688     4.14769
204     43     15     255.52     3.52692     4.8133
205     34     9     216.16     2.02371     3.53145
206     44     5     59.18     2.77302     4.79781
207     19     15     163.21     3.44894     3.88028
208     44     10     248.93     3.66727     4.64087
209     46     15     178.825     2.90034     4.31471
210     21     3     150.03     4.88037     4.38826
211     45     1     162.645     4.97308     2.96655
212     34     15     345.19     1.75913     2.77032
213     23     7     205.16     2.30464     2.65336
214     30     15     231.135     2.85676     4.28182
215     8     8     68.72     1.94862     4.36415
216     45     14     208.185     3.14847     4.07453
217     14     15     268.265     4.93484     3.55838
218     24     7     126.465     4.93645     3.16233
219     20     13     285.65     2.01688     4.27763
220     46     7     269.905     2.44157     3.93895
221     34     10     394.525     3.10895     3.56876
222     30     1     363.96     3.58278     3.50764
223     36     3     237.135     2.40761     3.72105
224     14     10     249.29     4.94349     4.82429
225     23     13     140.645     1.70295     4.81445
226     39     8     190.8     3.9263     3.15195
227     47     5     103.925     4.37695     2.5808
228     38     11     208.775     2.59453     2.82891
229     35     12     80.54     4.58802     4.07849
230     12     3     197.955     3.20199     4.34851
231     39     2     266.7     3.14495     3.67779
232     15     12     41.565     2.40867     4.25153
233     42     3     262.11     4.56729     4.36018
234     8     14     353.345     1.68661     2.83181
235     38     11     197.39     2.33305     4.32966
236     19     15     159.415     2.41038     4.65339
237     42     2     174.825     4.81468     3.93666
238     34     12     94.72     3.13694     4.38063
239     27     10     57.36     3.90173     2.91398
240     26     2     29.795     2.57242     2.92085
241     46     13     209.185     1.81147     2.92611
242     20     13     361.55     4.72634     3.87982
243     24     3     388.32     1.58737     2.93031
244     37     7     344.395     1.75315     2.8283
245     31     2     357.37     3.28413     4.85031
246     15     6     375.525     4.48259     4.38345
247     14     1     275.855     2.34085     4.56275
248     21     8     172.8     1.63459     4.60013
249     45     5     329.625     4.14174     3.1962
250     11     7     60.335     1.72559     3.67687
251     38     8     68.36     2.26394     3.74241
252     28     8     157.03     3.65905     3.9732
253     17     12     142.235     4.41337     2.97967
254     10     15     199.75     4.50502     3.33949
255     33     14     404.91     4.54743     3.71006
256     18     1     230.52     2.46721     3.75988
257     21     8     229.725     2.68575     4.8072
258     13     7     168.595     2.03706     2.80709
259     16     2     179.185     2.40825     4.07849
260     32     14     58.565     3.83561     2.91017
261     10     2     142.825     3.5408     3.93841
262     20     3     160.415     3.64281     3.43448
263     36     12     404.115     4.02788     4.89509
264     39     8     346.395     4.11408     3.07421
265     16     1     99.49     3.99316     4.34896
266     25     6     214.75     4.185     2.55776
267     38     9     326.42     4.98836     3.20429
268     8     8     186.365     4.66289     2.66488
269     16     8     342.37     4.42737     2.79275
270     21     8     43.77     2.00609     2.55715
271     39     12     376.755     2.71085     4.6102
272     45     14     170.235     1.79086     3.42029
273     12     3     258.675     2.03568     2.86462
274     40     9     241.135     2.86552     4.91928
275     32     7     293.855     3.89329     4.83879
276     13     1     161.005     4.69248     4.46608
277     20     1     334.985     1.75539     4.06262
278     37     2     264.7     2.87706     4.29952
279     34     13     182.005     3.94702     3.8007
280     27     9     91.515     4.38528     3.87822
281     41     3     306.65     2.70658     3.35047
282     42     11     98.925     2.9467     2.58499
283     46     13     46     4.93484     4.65384
284     47     14     343.01     2.14762     2.74529
285     14     3     378.32     2.12925     4.22063
286     43     8     183.415     2.20968     2.95656
287     44     3     248.93     2.00844     2.86531
288     19     11     125.26     2.95653     4.23124
289     9     13     100.08     2.8213     3.25587
290     31     8     197.98     1.96838     3.95161
291     39     3     414.705     4.84608     2.77459
292     14     15     253.085     1.92405     2.63749
293     21     15     263.88     3.0753     4.19263
294     32     6     309.035     2.62978     3.52641
295     47     4     392.345     3.08951     4.15571
296     43     10     84.745     2.23617     4.96597
297     27     14     114.285     4.11696     4.48317
298     47     4     308.855     4.1426     3.11884
299     44     13     199.595     1.7821     3.77941
300     18     2     272.265     1.58898     4.98085
