1     39     30     58.0867     4.81521     3.6832
2     10     11     138.153     3.16022     3.42242
3     11     34     27.36     1.71961     3.53481
4     17     6     188.78     1.75187     3.26884
5     30     20     199.053     3.65072     4.29174
6     15     9     113.16     2.65285     2.6999
7     20     1     268.127     3.39254     3.1447
8     41     30     177.333     3.536     4.21178
9     28     6     235.227     3.4828     2.94656
10     8     8     18.9067     2.86595     2.66648
11     33     32     204.78     2.33625     4.44838
12     41     9     280.947     2.86595     3.93498
13     34     10     263.04     3.55458     3.84816
14     44     36     44     4.17208     3.85159
15     9     3     44.4467     2.92448     3.15233
16     8     3     144.333     2.67475     4.98222
17     23     13     178.42     2.10393     3.34979
18     29     17     29     2.54839     3.7038
19     23     30     63.9     3.49445     2.89773
20     17     33     153.333     3.46817     2.59735
21     47     3     267.86     3.80197     4.02097
22     20     14     221.773     4.0141     3.15294
23     10     16     67.26     3.78477     4.32279
24     27     33     84.26     3.76298     3.78719
25     9     26     58.08     2.68917     3.70922
26     41     14     90.08     4.06772     3.17309
27     37     14     244.227     1.87268     4.12519
28     25     15     204.96     4.02403     3.88333
29     14     38     240.313     3.6144     4.60326
30     46     16     269.587     2.12487     3.84449
31     15     27     214.047     1.61248     4.12488
32     44     25     123.073     3.60222     3.10526
33     16     30     51.4467     1.6709     4.79469
34     36     15     256.86     1.95589     3.41632
35     42     29     110.167     2.57167     2.82617
36     27     3     250.587     4.67133     3.12281
37     15     28     132.247     3.63533     4.84123
38     19     1     231.68     1.62284     4.86953
39     40     18     89.08     3.96945     4.48065
40     33     2     302.94     2.1661     3.61835
41     36     8     106.893     3.90376     4.32882
42     29     3     78.08     4.41722     4.97864
43     40     29     91.8067     1.61354     3.14928
44     46     4     65.0867     1.7194     3.84938
45     17     29     63.3533     2.43014     3.43417
46     11     25     70.9867     1.79759     3.37466
47     36     37     199.6     2.3386     4.26519
48     19     29     98.0733     2.59998     4.21117
49     47     25     79.72     1.66364     4.48752
50     14     10     237.587     1.82717     4.10794
51     21     30     154.607     3.44264     3.6961
52     33     2     152.973     1.64954     2.79923
53     30     40     79.08     3.48601     3.53465
54     14     18     240.313     1.61109     4.70985
55     20     37     118.16     3.62529     4.30685
56     17     17     27.9067     4.22111     4.47188
57     47     32     115.167     2.6489     4.39993
58     37     21     214.233     1.73371     2.75575
59     42     15     251.953     3.42502     2.52152
60     21     22     56.4467     3.61515     4.91226
61     28     6     172.513     4.71192     2.74827
62     19     26     283.487     3.19697     4.92767
63     16     2     29.6333     2.15648     4.88685
64     13     39     18.4533     2.51848     4.69153
65     21     30     124.613     1.97949     2.64809
66     43     36     250.227     4.35655     3.57639
67     23     25     55.72     1.84854     4.63355
68     34     8     167.607     2.94104     3.33087
69     36     22     303.213     1.9388     3.13364
70     12     17     99.2533     4.86071     3.28425
71     32     19     291.033     4.18116     3.23969
72     29     7     42.6333     3.15339     3.36436
73     17     11     126.067     3.19729     4.76745
74     47     14     278.767     2.58684     4.92752
75     28     20     66.1733     3.9232     4.49309
76     24     31     56.72     1.62433     4.40107
77     30     17     199.053     2.91957     3.70266
78     15     32     227.68     4.57979     4.73876
79     19     33     125.34     3.3699     3.55319
80     26     16     282.307     4.45866     4.68787
81     35     30     111.347     4.26597     3.24618
82     27     36     174.24     2.98814     3.36955
83     24     23     163.06     2.2805     3.51436
84     46     36     81.4467     4.8339     2.67167
85     18     38     165.24     2.82888     2.92032
86     21     14     181.873     3.50331     4.95323
87     27     11     258.767     1.81553     4.46791
88     28     18     153.427     4.4388     3.56243
89     43     39     206.6     4.57114     2.52594
90     29     29     53.54     4.79577     3.66657
91     44     2     142.16     4.97436     2.5647
92     13     31     48.4467     3.41017     3.39488
93     23     14     44.8133     1.76308     3.70472
94     14     20     155.787     2.45279     2.79313
95     30     34     95.44     3.03258     4.07781
96     11     31     177.327     4.27067     3.09175
97     32     24     206.507     4.92042     4.00143
98     15     2     194.96     3.41658     3.78536
99     41     14     150.067     3.97992     4.46463
100     38     7     152.52     1.86595     2.52579
101     15     25     25.9067     4.74097     3.42692
102     9     26     276.213     1.92096     2.82701
103     45     29     290.4     4.95738     4.92988
104     23     20     61.1733     4.80271     4.58266
105     11     30     278.213     4.04305     3.52031
106     31     2     281.853     4.42972     4.89601
107     13     19     239.313     3.19472     3.98755
108     39     12     183.513     4.3856     4.22285
109     32     30     261.04     4.20252     3.91148
110     40     15     214.507     2.07295     2.8264
111     8     13     141.607     3.44819     4.02409
112     39     12     246.227     3.05522     2.54486
113     36     36     226.867     2.09037     3.88356
114     13     14     143.88     2.58599     3.87158
115     32     32     255.587     4.43794     2.86027
116     16     24     116.887     4.32546     3.34735
117     19     21     207.14     4.51015     3.93574
118     25     28     188.6     2.74546     3.76606
119     31     2     82.8067     2.7852     2.81388
120     20     13     262.673     2.72068     4.69161
121     19     24     92.62     4.13544     4.84527
122     11     14     158.24     2.80805     3.28845
123     36     30     202.327     3.95054     4.76257
124     19     40     209.867     1.71374     2.96396
125     31     16     31     4.44777     4.23025
126     13     16     83.8933     3.44723     4.82383
127     33     19     278.4     1.67037     4.70565
128     22     15     147.427     3.66311     4.43884
129     40     18     138.16     2.67325     3.11235
130     32     1     269.22     2.69077     3.92605
131     31     5     85.5333     2.89554     2.82723
132     30     6     245.407     3.25059     4.3405
133     46     4     160.52     4.22132     4.97887
134     36     4     284.127     3.35868     3.38061
135     39     32     41.7267     3.72784     2.55867
136     21     11     86.44     1.9185     3.40594
137     34     11     303.94     2.12081     4.84535
138     11     24     185.507     3.00032     4.76691
139     42     3     148.34     3.85794     4.64064
140     19     10     158.06     4.80784     4.44754
141     30     12     259.04     1.95866     3.31828
142     46     40     141.433     4.8323     2.5206
143     41     3     79.1733     3.50299     3.6858
144     41     25     283.673     3.69472     3.91522
145     19     35     78.9867     4.81671     3.15752
146     21     10     220.047     4.17528     2.99661
147     45     35     167.7     3.84426     4.74166
148     8     12     8     1.92918     3.45912
149     41     6     158.247     4.20946     3.33857
150     10     19     192.687     2.89222     3.53107
151     15     1     151.333     3.9639     4.85267
152     33     8     185.693     4.37161     3.9922
153     41     9     272.767     4.02158     3.11541
154     30     24     158.153     2.82568     4.0041
155     40     35     53.6333     4.78317     4.62279
156     14     27     243.04     3.8307     4.75249
157     37     10     156.973     4.94542     3.5828
158     25     5     158.607     2.73489     3.40228
159     25     13     101.347     2.49968     4.77813
160     14     9     49.4467     2.50075     4.86564
161     29     6     151.7     4.91807     4.23879
162     46     33     86.9     2.23371     3.88119
163     35     12     154.973     3.0251     2.72927
164     44     7     60.36     1.89959     4.90768
165     10     1     168.147     3.0596     4.54718
166     19     32     267.127     2.22816     4.82788
167     31     5     276.4     4.92213     4.13419
168     8     19     231.587     3.3056     3.46713
169     39     1     118.073     3.61023     3.00027
170     36     38     221.413     1.85345     4.42305
171     29     5     225.32     3.34245     4.45997
172     28     25     188.873     4.69558     3.70792
173     18     11     102.527     2.36766     3.68107
174     16     17     114.16     2.41198     3.70418
175     8     17     67.9867     4.46422     3.04598
176     47     23     308.76     4.68169     4.93164
177     30     35     81.8067     4.62465     2.82579
178     25     6     147.7     4.31072     3.12761
179     40     7     184.513     4.9294     4.66636
180     28     9     66.1733     2.9498     4.13991
181     20     23     180.873     4.60671     2.88682
182     16     35     165.967     3.99829     4.13121
183     45     10     96.8067     2.78114     3.5918
184     11     12     49.1733     4.19622     2.59713
185     11     3     139.153     3.40931     4.09452
186     22     34     43.8133     4.90312     3.19643
187     42     1     123.8     4.90194     2.6532
188     45     30     293.127     4.56548     4.89311
189     31     37     123.707     2.43559     3.52016
190     35     19     255.86     3.87054     3.41159
191     22     40     79.26     2.95012     4.80308
192     19     11     286.213     2.58812     3.00485
193     31     34     230.047     3.83412     4.13846
194     33     10     221.14     2.1003     3.53374
195     27     28     171.513     1.79812     4.67856
196     47     25     147.887     3.11782     2.86004
197     36     7     232.32     3.93559     3.88981
198     24     4     293.94     2.08428     4.55153
199     27     2     51.54     2.46988     2.66404
200     33     28     73.9     3.76875     3.399
201     16     40     272.307     4.19109     4.74296
202     42     29     77.4467     4.5439     3.74722
203     37     31     178.787     2.57797     3.95344
204     42     33     205.6     2.35356     3.13685
205     27     19     125.16     4.60927     4.25748
206     16     12     119.613     1.86712     3.75988
207     35     33     280.4     3.76127     2.61261
208     35     14     146.793     4.32077     4.22689
209     30     28     267.22     4.19387     4.64637
210     43     4     83.9     3.047     4.14747
211     23     19     25.7267     1.62284     3.14203
212     37     31     197.873     2.19173     4.02234
213     19     33     122.613     4.88133     4.33828
214     35     11     269.493     2.61824     2.94908
215     24     20     190.327     3.66695     4.5394
216     42     33     273.767     3.99904     4.13915
217     11     39     234.587     4.97821     4.54024
218     10     38     189.96     2.09507     3.24816
219     32     24     160.153     1.73659     4.36171
220     26     34     88.7133     2.22292     4.51857
221     30     18     280.853     3.09838     3.30012
222     9     18     202.593     3.40878     4.73449
223     16     4     65.08     3.9514     2.78825
224     30     31     87.26     2.23008     4.98939
225     37     16     86.08     2.10126     4.56923
226     40     36     239.047     2.34512     2.76643
227     41     29     111.893     3.64463     4.18279
228     31     27     167.333     1.70978     4.33073
229     10     29     211.773     2.52884     4.76447
230     26     9     230.5     2.98184     4.93446
231     20     8     129.067     4.301     3.65619
232     38     37     226.14     1.61248     4.33439
233     22     40     73.8067     3.04294     4.33111
234     46     30     258.68     4.12615     2.62223
235     26     19     96.8933     2.49413     3.62896
236     37     26     39.7267     3.08673     3.86715
237     40     4     241.773     4.36306     4.3054
238     13     23     18.4533     3.2523     2.5705
239     12     25     265.58     2.32408     2.89338
240     20     22     161.787     4.41668     2.9339
241     44     22     44     2.70402     2.87675
242     25     35     155.88     3.9389     3.43875
243     35     1     103.167     1.85452     3.17675
244     20     38     235.407     4.96005     4.2394
245     32     36     42.9067     4.2132     4.45059
246     35     37     67.72     2.30688     4.8677
247     40     15     50.9067     4.05084     3.20307
248     38     40     234.32     2.08481     4.75112
249     16     3     26.9067     4.40793     3.71036
250     44     27     286.673     4.95631     4.04225
251     35     40     48.6333     3.21683     2.75605
252     43     32     261.133     2.10778     4.76188
253     34     31     162.153     2.61322     4.68055
254     20     10     268.127     4.9044     4.75364
255     31     1     189.147     2.93313     4.24161
256     45     3     94.08     3.23115     4.45204
257     17     38     19.7267     2.39938     4.78889
258     45     23     306.76     3.02275     3.96214
259     12     23     260.127     2.49402     4.24993
260     36     23     284.127     2.98035     2.95228
261     22     29     81.9867     1.51912     3.92895
262     40     15     219.96     4.97533     3.35932
263     34     7     113.073     4.34512     2.61841
264     33     24     41.18     2.14153     4.90608
265     9     8     52.6267     2.84544     3.5226
266     30     31     84.5333     4.15499     3.43097
267     36     39     185.967     4.02083     3.99419
268     21     36     108.253     1.69942     4.53162
269     11     37     76.44     4.3088     3.08267
270     23     28     52.9933     3.12198     2.519
271     25     27     221.32     4.58235     4.39627
272     25     39     226.773     3.27409     4.68543
273     46     9     108.713     2.83486     4.27511
274     13     34     228.407     3.54112     3.38443
275     44     15     68.54     3.05405     2.7781
276     15     6     64.08     2.55896     3.42372
277     42     32     273.767     1.78178     4.98177
278     32     32     70.1733     3.11888     4.76981
279     44     34     153.067     4.86253     2.59072
280     39     7     287.127     3.75838     3.06566
281     17     16     161.513     4.37823     3.36268
282     27     25     168.787     3.04144     2.96129
283     36     33     52.36     3.27238     3.34414
284     42     6     200.147     2.52467     4.25565
285     19     6     288.94     3.65979     4.41916
286     29     3     127.16     4.91198     3.352
287     19     7     228.953     4.32514     4.67086
288     25     17     125.887     3.89607     2.52556
289     18     6     274.307     3.90793     4.05522
290     39     3     153.52     4.1881     4.50362
291     27     2     171.513     2.77601     2.88759
292     13     20     108.433     1.73403     4.85771
293     30     30     242.68     3.5862     3.14112
294     44     30     264.86     4.61942     4.70923
295     30     8     245.407     3.53172     2.55844
296     16     28     269.58     3.66076     3.74676
297     41     18     185.513     2.77847     4.07537
298     11     17     19.18     4.68511     3.55617
299     43     28     59.36     4.58759     3.05696
300     34     15     34     3.49658     3.76308
