1     11     26     493.8     4.49947     3.02881
2     32     22     607.1     2.79748     2.8695
3     14     27     56.6     1.79171     3.37436
4     16     17     172.2     2.20338     3.30233
5     32     30     678.1     2.47896     3.10221
6     31     27     549.3     4.20551     3.62262
7     33     21     395.1     4.43377     2.87408
8     36     32     135.4     2.14538     4.98306
9     10     23     116.5     2.34875     4.22887
10     16     18     569.8     3.03546     3.30477
11     22     29     597.1     4.48505     3.69304
12     31     22     449.9     1.64997     4.79492
13     35     21     340.3     2.60671     4.70557
14     12     15     281.8     2.30549     4.27648
15     37     33     193.2     3.60511     4.85328
16     18     29     25.1     4.32653     3.83137
17     43     15     334.1     3.80837     3.42013
18     11     35     593.2     3.70081     4.25489
19     33     24     104     3.98013     4.24863
20     36     23     582.7     3.92032     4.32371
21     12     23     608.4     2.00438     3.91354
22     39     28     663.8     4.511     2.87584
23     41     22     197.2     1.75945     2.70791
24     32     31     138.5     2.24963     3.70334
25     39     19     457.9     3.17795     3.44264
26     32     27     699.4     1.56772     3.25701
27     40     29     359.5     4.99477     3.05681
28     14     21     447.1     2.64388     3.66443
29     27     19     595     2.68255     4.5426
30     17     15     357.8     2.18223     3.55968
31     13     28     84     2.57552     4.18065
32     15     22     377.1     3.38037     4.2262
33     12     21     679.4     3.17902     4.08948
34     9     34     648     3.58267     3.55159
35     26     32     721.8     3.16834     2.58652
36     20     33     722.9     1.62241     2.79557
37     40     27     174.9     4.5737     4.86251
38     41     31     246.9     3.85153     3.6697
39     25     21     500.7     4.15349     3.96664
40     14     35     681.4     4.35644     3.22993
41     19     26     104.2     4.45514     4.60685
42     12     35     288.9     2.36338     4.08216
43     25     25     550.4     2.56249     4.7599
44     15     22     256.4     4.32963     4.89914
45     27     28     552.4     2.03215     2.59583
46     33     29     437.7     3.7226     3.75103
47     44     29     391.9     2.51581     3.71464
48     47     34     167.7     4.98729     4.2481
49     11     34     415.7     2.07135     3.69404
50     26     19     345.5     4.19996     4.49515
51     35     33     652.7     1.66033     3.45172
52     47     16     515.6     3.4106     3.85968
53     20     22     694.5     4.83433     4.91882
54     39     30     528.9     2.67133     2.55188
55     39     21     181     2.10681     4.52628
56     40     16     742.9     4.75401     4.01692
57     46     26     606.9     3.01506     4.50362
58     10     31     450.2     4.55415     2.64031
59     25     28     678.2     3.86723     4.49049
60     27     23     445.9     1.68265     4.2655
61     10     31     116.5     3.17806     3.46019
62     44     22     697.2     4.74557     4.52353
63     10     15     570.9     1.79235     4.45631
64     18     27     302     2.80998     4.9762
65     42     18     659.7     1.69515     4.6411
66     22     29     142.7     2.0595     4.57076
67     35     30     595.9     3.50983     3.15744
68     37     15     739.9     1.63501     3.90759
69     14     35     539.4     2.68351     4.30227
70     24     24     336.4     3.16482     4.8204
71     29     25     149.7     1.86061     3.5126
72     45     29     627.2     4.98035     2.76841
73     16     32     51.5     4.44285     3.66527
74     20     27     218.8     2.02168     4.54215
75     17     15     45.4     3.33732     4.18729
76     27     21     275.5     1.92875     3.78025
77     16     25     172.2     3.39265     2.98021
78     35     33     496.5     4.82066     4.29991
79     24     26     187.3     4.02136     3.65642
80     25     24     564.6     2.76191     3.73959
81     32     17     422.5     1.51057     3.08786
82     29     23     589.9     2.41818     2.51373
83     19     20     622.5     4.02051     4.2674
84     14     27     603.3     4.39682     3.08084
85     8     31     242.3     3.26917     4.48256
86     13     22     41.4     2.27622     4.52292
87     19     25     523.1     4.40632     3.80184
88     37     32     676     4.82365     4.93858
89     34     33     282.5     2.07327     3.87402
90     25     35     245.1     4.39821     4.14785
91     32     32     32     4.15178     4.53871
92     46     31     734.7     3.54358     4.20995
93     46     31     202.2     1.69846     3.25068
94     21     28     631.6     1.76693     2.75307
95     29     16     455     4.069     4.8162
96     11     32     89.1     2.00598     4.1174
97     37     33     668.9     2.72752     3.94162
98     8     28     654.1     1.78274     3.30966
99     41     31     715.5     3.74589     3.09488
100     19     33     61.6     4.04604     2.77108
101     25     22     479.4     2.98836     3.17934
102     20     35     637.7     2.19996     4.45738
103     23     35     413.5     1.98483     4.51987
104     17     34     265.5     2.32183     4.73136
105     26     33     352.6     4.99167     3.16202
106     26     23     324.2     2.06516     4.56771
107     22     28     511.9     4.23926     4.98321
108     29     25     462.1     3.25251     2.57111
109     42     18     517.7     2.36798     2.61628
110     34     28     367.7     2.15413     3.30584
111     17     21     102.2     2.05127     2.68647
112     32     29     39.1     2.95535     3.43867
113     26     25     416.5     4.80592     3.35955
114     22     27     100.1     1.91017     3.19361
115     31     19     535.1     4.98996     4.70359
116     43     31     114     1.6834     3.11991
117     9     32     527.3     3.48868     4.36247
118     23     23     449     3.38047     3.67168
119     35     27     113.1     2.58759     3.54266
120     8     28     50.6     4.26308     2.60086
121     26     15     558.5     3.03258     3.31156
122     30     25     172     4.65467     2.66213
123     20     22     552.5     3.27825     3.70922
124     30     25     257.2     3.03119     4.6305
125     46     18     294.5     4.42363     3.17179
126     11     30     216.9     3.80154     3.13112
127     20     33     616.4     3.33476     3.26823
128     32     34     458     2.77313     2.78253
129     37     33     498.5     1.95567     3.74882
130     16     23     328.4     2.80709     4.65117
131     28     29     539.2     4.80624     2.90666
132     46     30     528.8     3.65979     3.01889
133     17     17     506.9     4.6677     3.25159
134     21     27     340.5     4.51196     4.96368
135     14     24     716.9     1.95567     4.99626
136     10     35     180.4     1.68554     2.7514
137     42     26     120.1     1.78114     4.85496
138     36     23     667.9     2.54828     4.04157
139     33     24     572.6     2.69771     2.65534
140     11     21     380.2     3.10532     4.90463
141     9     18     413.7     1.63779     3.26197
142     46     28     628.2     2.77815     3.15172
143     39     20     351.4     4.53546     3.81252
144     28     24     482.4     3.87236     4.47821
145     40     22     728.7     4.13683     3.76675
146     36     32     362.6     2.73051     3.91751
147     33     21     693.3     1.9985     2.76788
148     13     32     694.6     4.07552     2.60971
149     40     18     721.6     4.67272     3.81649
150     39     27     429.5     2.53867     4.88121
151     40     31     558.3     4.58054     4.25642
152     31     34     94.9     4.87727     3.13692
153     16     34     236.1     1.57231     4.57427
154     23     21     179.2     1.87812     3.06627
155     45     20     478.1     2.17624     2.50999
156     19     18     366.9     1.95022     4.16005
157     44     19     413.2     3.53301     4.98154
158     13     31     545.5     3.90365     3.04056
159     9     31     314.3     4.01955     2.82022
160     35     27     276.4     3.41604     4.60463
161     10     30     705.8     2.05928     3.32049
162     20     35     126.5     1.68714     3.47812
163     20     18     595.1     4.12049     3.1006
164     30     34     264.3     2.28124     3.28394
165     14     21     14     3.4012     3.77682
166     43     29     547.1     3.1552     3.72196
167     41     29     246.9     2.70305     2.94939
168     47     35     558.2     4.87631     2.96152
169     46     30     216.4     4.49124     3.00172
170     36     33     376.8     3.52585     2.84654
171     24     27     322.2     3.1426     2.71165
172     14     34     553.6     3.29182     4.41343
173     21     22     589     3.88176     4.17508
174     16     18     264.5     3.24717     3.72036
175     10     15     95.2     1.90333     2.54234
176     45     21     648.5     3.81735     2.99089
177     36     19     99.9     2.18319     3.56731
178     39     15     230.7     4.9341     4.56832
179     39     31     117.1     2.97586     3.9684
180     43     26     199.2     2.87748     2.68311
181     19     21     146.8     2.50075     4.60234
182     43     28     504.5     3.3056     3.034
183     10     30     350.8     4.31468     3.951
184     35     20     610.1     4.97073     2.6793
185     35     17     191.2     3.87257     4.41977
186     37     25     292.6     3.12348     2.74285
187     34     35     630.4     1.77548     3.94887
188     45     25     258     2.10553     3.93132
189     14     25     340.6     1.70637     2.93748
190     21     28     510.9     2.12818     4.86412
191     26     20     203.5     3.55309     3.98
192     18     17     238.1     2.23927     3.21627
193     37     31     704.4     2.21822     4.4145
194     13     22     155     1.97768     4.67338
195     9     21     30.3     2.61835     4.18455
196     12     17     132.7     1.71491     4.69901
197     15     29     93.1     1.86872     4.0128
198     14     33     269.6     1.68436     3.1151
199     34     29     623.3     1.65648     3.8873
200     18     21     138.7     3.19857     3.99442
201     32     29     486.4     1.80132     4.36033
202     41     17     545.1     1.55255     3.3655
203     44     29     512.6     3.00352     3.15996
204     31     30     492.5     2.11686     4.73045
205     22     17     185.3     4.77964     4.61348
206     22     25     490.6     3.61589     4.89456
207     18     22     238.1     2.08481     4.38398
208     35     21     63.4     4.59517     2.60964
209     29     35     533.1     1.62455     4.51918
210     47     25     323.9     1.5752     2.52861
211     11     32     451.2     1.85174     3.81268
212     47     30     288.4     3.39415     4.47295
213     43     31     689.1     3.15264     3.47789
214     44     22     235.7     2.23595     3.01309
215     25     25     678.2     2.71972     3.13417
216     36     30     383.9     2.848     4.86099
217     19     33     168.1     2.11258     4.60585
218     8     33     512.1     4.9452     4.07483
219     37     34     363.6     3.00555     3.53343
220     28     35     233.9     1.80154     2.57714
221     30     32     654.8     1.62348     3.79765
222     42     28     617.1     2.02969     3.4846
223     8     15     568.9     2.86488     4.75532
224     23     32     463.2     4.54785     4.75036
225     20     32     76.8     1.61205     3.78857
226     36     17     611.1     3.7335     3.11953
227     19     24     473.4     4.72965     4.16623
228     30     28     484.4     3.76576     3.39671
229     30     21     172     2.74984     3.21734
230     30     18     292.7     3.65445     3.02591
231     39     27     259.1     3.24567     3.31767
232     34     20     587.8     1.95717     4.48302
233     14     15     468.4     3.39137     3.1885
234     18     31     408.5     3.68308     2.9812
235     13     25     637.8     3.21032     4.50797
236     20     15     637.7     4.88517     4.48843
237     45     34     605.9     3.5109     3.8348
238     25     16     408.4     3.93901     4.05705
239     30     28     612.2     2.50951     4.84497
240     46     28     564.3     4.51057     4.4673
241     18     26     600.2     1.64068     3.37993
242     44     26     342.2     3.20904     2.68143
243     35     16     233.8     3.05576     2.80862
244     24     28     577.8     3.93014     4.11199
245     25     20     529.1     2.30795     4.70092
246     35     19     496.5     2.88432     4.7013
247     29     33     412.4     4.22549     4.81376
248     43     32     674.9     3.81414     3.31469
249     40     18     182     2.47244     4.39047
250     16     34     58.6     3.8981     4.44502
251     45     24     236.7     3.2963     4.27175
252     32     18     458     2.84309     3.73051
253     42     26     695.2     2.464     4.31967
254     20     33     69.7     3.66311     3.78483
255     36     23     376.8     2.88475     3.15386
256     32     35     649.7     1.64612     2.83967
257     32     33     138.5     2.92042     3.20055
258     39     22     230.7     3.50897     3.69968
259     26     24     47.3     4.38389     3.5535
260     37     23     164.8     3.23809     3.01012
261     18     34     387.2     1.7242     3.14829
262     43     26     703.3     2.11985     3.33712
263     34     30     289.6     4.90045     4.24841
264     15     19     661.1     2.95685     3.06001
265     34     27     573.6     4.94093     3.74401
266     41     33     523.8     2.97212     4.07651
267     20     17     701.6     4.69248     4.76348
268     23     34     548.4     2.90109     4.82025
269     32     29     571.6     2.7555     3.59699
270     25     23     74.7     4.2712     3.59081
271     16     15     300     4.10714     4.4332
272     22     25     448     1.86798     4.69657
273     21     32     695.5     4.91134     4.40764
274     38     20     513.7     2.88998     4.90959
275     41     29     296.6     4.01773     3.9642
276     13     19     474.5     2.79011     2.73293
277     27     20     602.1     2.64644     2.52922
278     14     30     454.2     1.80538     2.98135
279     46     25     358.4     2.76159     4.49759
280     14     15     702.7     2.67347     4.17325
281     10     31     712.9     4.1316     3.03133
282     21     19     489.6     3.53685     3.73608
283     42     27     191.1     3.57733     4.1715
284     33     26     68.5     3.53482     3.52397
285     36     19     518.8     3.40771     3.76148
286     42     26     262.1     3.58278     3.14768
287     44     32     79.5     4.54251     4.68375
288     23     23     385.1     2.33903     3.61705
289     9     22     577     1.82311     4.40832
290     23     15     456.1     4.859     3.7965
291     38     20     45.1     2.51079     2.85417
292     33     17     679.1     1.93677     4.672
293     11     27     486.7     4.9718     3.06345
294     21     29     624.5     4.13544     3.9317
295     10     27     173.3     4.0502     4.68726
296     40     29     324     4.50224     3.35833
297     26     20     310     2.12957     2.78466
298     36     24     639.5     2.97426     4.03417
299     31     29     648.7     4.87973     4.43434
300     30     25     441.8     4.96977     4.35865
