1     20     18     233.76     3.00577     3.84251
2     46     34     600.44     3.98035     3.04712
3     13     23     213.4     2.19045     2.65343
4     9     16     202.72     3.95097     2.67617
5     27     21     180.64     2.07659     3.24931
6     34     25     635.2     3.75999     2.70165
7     38     29     425.44     4.88913     2.90277
8     10     35     551.08     4.53995     3.51939
9     47     16     220.68     4.62828     3.07428
10     39     35     666.92     4.45503     3.44752
11     39     31     499.92     1.62978     3.21017
12     33     23     166.6     2.10596     3.93223
13     9     20     89.16     1.81329     4.85427
14     38     21     44.68     2.12134     2.5647
15     19     32     279.52     4.11771     3.57173
16     47     17     327.56     1.93698     3.91186
17     18     29     532.36     4.12369     3.68534
18     17     19     491.28     1.76287     3.15836
19     19     20     186     3.3652     3.32431
20     45     26     539.32     2.73756     2.56218
21     42     15     603.12     3.32696     4.78576
22     31     18     398.4     3.76949     3.22161
23     31     27     258.12     1.62999     2.70821
24     27     19     347.64     4.06687     4.6559
25     20     26     514.32     4.40504     2.55837
26     19     33     59.08     4.35409     4.69749
27     33     26     687.64     2.35249     4.42961
28     18     23     612.52     3.27601     4.69718
29     16     25     229.76     4.99113     4.65323
30     45     18     272.12     2.99028     2.54166
31     25     23     65.08     3.59304     2.72263
32     13     25     99.84     2.94584     3.48399
33     22     23     543.04     2.8072     3.52962
34     46     32     420.08     2.85035     3.78544
35     24     22     50.72     1.96956     4.91287
36     43     29     103.12     4.32397     4.67116
37     25     26     485.92     3.10169     3.01927
38     24     25     104.16     4.24183     4.09741
39     24     31     611.84     3.59549     2.97845
40     22     25     82.12     4.26255     3.8319
41     32     18     499.6     1.58684     4.8883
42     10     32     597.84     1.54561     4.34645
43     41     22     328.24     3.51624     2.61399
44     23     27     670.96     2.65563     2.52136
45     22     30     663.28     2.37631     2.89972
46     31     34     351.64     4.65371     4.66414
47     21     19     248.12     3.64794     4.79209
48     22     22     476.24     2.87695     4.83848
49     10     33     150.28     4.42267     4.37651
50     23     33     510.64     4.40579     3.50734
51     20     20     627.88     2.71384     4.82627
52     45     23     619.48     1.71715     3.98831
53     22     22     148.92     1.9546     4.26344
54     12     19     633.24     4.52756     4.22063
55     16     35     523.68     3.68287     3.93323
56     45     17     512.6     3.8213     3.84541
57     12     30     553.08     2.41498     4.18989
58     13     34     347     4.56815     4.09856
59     41     23     147.88     3.70605     3.29569
60     14     22     294.56     4.62668     3.01538
61     19     31     546.72     2.39778     4.03233
62     29     28     62.4     3.837     3.44852
63     33     35     400.4     1.55469     3.12464
64     26     16     680.64     4.79962     3.8979
65     29     24     596.8     2.0862     3.4769
66     35     18     355.64     1.84213     4.65323
67     32     15     112.16     1.55789     4.22178
68     10     29     557.76     3.67389     4.24917
69     27     27     454.52     2.18938     3.58158
70     11     25     137.92     2.2273     3.73287
71     47     31     581.4     3.53974     4.54222
72     38     31     625.84     3.18757     3.74416
73     30     31     517.64     4.38058     3.33918
74     11     16     91.16     2.70925     4.40794
75     8     20     622.56     3.25678     3.25686
76     9     31     576.8     4.82087     3.03934
77     47     29     447.8     4.73435     3.73951
78     45     35     165.24     2.51581     4.66163
79     20     24     601.16     3.33593     4.81506
80     42     24     142.2     3.03311     2.83532
81     16     35     283.2     4.66417     4.33172
82     35     22     536     2.82269     3.30218
83     10     18     617.88     3.2116     3.00668
84     10     23     76.8     3.20103     2.93893
85     31     16     618.84     4.35975     4.78736
86     45     17     632.84     3.69173     4.02577
87     14     25     74.12     3.06334     2.52518
88     44     32     411.4     4.55565     3.82603
89     24     16     618.52     3.22474     3.96229
90     36     15     142.88     4.50758     4.47867
91     39     23     352.96     4.25347     3.0298
92     31     32     231.4     4.12006     3.20376
93     27     32     594.8     3.81446     3.95962
94     41     16     408.4     4.41594     2.81976
95     46     22     293.16     2.76394     3.20803
96     28     26     502.28     4.14676     2.57355
97     9     17     55.76     1.77248     4.19202
98     22     22     409.44     2.76052     4.28327
99     20     21     140.24     3.63501     4.83825
100     38     27     278.48     2.05533     3.79307
101     27     32     427.8     3.76928     2.94404
102     34     21     514.96     3.02126     2.74094
103     20     25     581.12     3.90141     4.35194
104     36     34     283.16     4.86979     3.13883
105     18     19     485.6     3.4389     3.93506
106     32     18     319.24     2.75069     4.76493
107     36     29     316.56     3.53098     4.39673
108     40     21     514.28     1.65616     2.86897
109     22     19     35.36     2.81692     2.88125
110     24     34     444.84     4.5126     3.68984
111     47     25     240.72     2.36135     2.89834
112     26     17     59.4     2.45994     2.7855
113     42     16     382.68     2.27761     4.05873
114     43     17     457.16     2.31863     3.67565
115     14     23     20.68     4.03803     4.62355
116     21     26     154.6     3.74375     4.29693
117     13     25     206.72     4.47191     4.36529
118     43     18     129.84     3.06655     3.77003
119     9     35     530.04     2.45129     2.74201
120     24     35     651.92     2.8244     4.4805
121     26     20     132.88     4.26415     4.8835
122     8     16     575.8     2.47703     4.47073
123     17     23     30.36     3.17443     2.88972
124     12     16     259.16     1.81094     2.64519
125     40     20     607.8     3.17048     4.94301
126     42     20     55.36     3.03162     4.28831
127     16     18     450.2     2.90056     4.73075
128     28     19     355.32     4.54209     4.3939
129     18     23     138.24     2.79566     3.68282
130     45     27     632.84     3.91017     3.8084
131     14     17     267.84     3.88058     3.51985
132     31     25     451.84     3.02297     3.18567
133     47     16     608.12     1.7711     4.11443
134     15     25     596.16     4.92833     4.75455
135     13     25     487.28     3.86039     4.16532
136     30     25     397.4     2.36381     4.39886
137     42     33     175.6     3.19163     4.6836
138     42     19     255.76     3.47458     4.05026
139     45     21     238.72     3.51869     2.79122
140     12     22     45.4     3.71641     4.39299
141     26     35     446.84     4.55383     3.333
142     16     25     203.04     1.94852     2.88179
143     40     33     627.84     3.40397     3.29989
144     16     34     116.2     4.71245     4.57167
145     9     25     376.4     1.69291     4.06537
146     41     28     421.76     4.69825     3.26067
147     14     26     54.08     4.37278     3.93445
148     28     24     609.16     3.40002     2.94488
149     16     30     142.92     3.22079     3.50505
150     22     29     656.6     4.45685     4.58617
151     32     31     392.72     4.52628     3.84152
152     16     26     436.84     2.18233     3.1917
153     33     31     220.04     2.96272     4.96124
154     32     19     573.08     3.78135     2.70745
155     8     15     502.32     3.14869     4.63332
156     39     17     359.64     4.75433     3.7225
157     35     32     389.04     4.89575     4.99008
158     33     22     346.96     4.9891     3.98686
159     15     28     108.52     4.64409     4.45051
160     8     22     448.88     2.54016     4.24161
161     16     24     303.24     2.58556     4.95727
162     17     21     357.68     3.59581     4.36155
163     45     35     666.24     4.97436     4.5246
164     44     29     364.64     3.1316     4.80987
165     33     34     233.4     4.12455     2.60056
166     8     17     28.04     2.75304     3.4064
167     35     22     128.52     2.59624     3.2403
168     38     16     198.32     2.72431     4.90707
169     31     27     31     4.56847     3.59249
170     26     29     79.44     3.18543     3.39663
171     11     20     218.08     2.39938     2.69822
172     29     23     69.08     4.05629     4.99428
173     35     31     375.68     3.87481     3.10244
174     13     34     554.08     3.6286     3.37016
175     21     34     161.28     2.14335     2.77734
176     35     20     48.36     2.8449     3.07665
177     14     22     234.44     3.83988     4.85946
178     27     18     648.24     4.76608     3.18995
179     11     21     445.2     3.39543     2.69738
180     40     17     140.2     2.22452     3.76591
181     32     25     72.08     1.5361     2.71447
182     38     22     405.4     2.66727     2.60689
183     29     23     516.64     4.96796     2.58141
184     22     26     589.8     2.68404     4.84252
185     44     22     565.04     3.75016     4.70336
186     38     24     245.08     3.22506     2.82174
187     29     17     463.2     3.35591     2.51823
188     22     20     82.12     2.50438     3.8184
189     10     28     671.32     2.91989     4.60875
190     44     20     638.52     1.59272     3.04826
191     27     29     160.6     3.67432     4.12526
192     33     15     273.48     1.69579     4.49957
193     11     28     658.96     2.07178     3.5229
194     18     15     672.64     3.62198     4.57534
195     16     30     590.48     2.59592     4.61028
196     47     25     133.84     2.4357     3.54839
197     15     19     656.28     4.75935     3.91026
198     39     22     386.36     1.80015     4.82933
199     14     22     521.68     2.78872     3.3346
200     34     17     107.48     2.50598     4.54611
201     25     22     519.32     4.99915     3.66977
202     30     18     50.04     3.68821     3.93696
203     46     20     326.56     2.85302     3.37565
204     35     23     609.48     2.7304     4.5555
205     9     29     75.8     1.70946     2.69738
206     15     15     315.6     4.35719     3.7878
207     40     16     113.48     4.75935     3.0887
208     18     17     505.64     3.91241     3.18323
209     23     22     450.52     2.64783     4.44876
210     35     15     95.12     4.32685     4.59647
211     13     17     159.96     3.78594     2.67014
212     34     34     301.2     3.77206     4.14266
213     37     33     504.6     3.84768     2.50137
214     19     25     473.24     3.00246     3.96512
215     31     29     218.04     2.9561     3.21963
216     33     27     473.88     4.38443     4.31562
217     21     22     515.32     4.05629     4.61768
218     17     32     284.2     2.6129     3.44638
219     30     35     410.76     2.97575     3.30256
220     19     18     59.08     2.11611     2.81571
221     14     24     474.92     1.67251     4.30685
222     45     30     592.76     1.6473     2.60537
223     28     32     134.88     2.6709     3.01263
224     23     25     403.76     2.06366     2.55051
225     11     22     324.96     2.18404     4.88777
226     40     33     634.52     2.29342     3.0826
227     41     31     688.96     2.92523     3.03453
228     31     32     532     4.49028     4.28404
229     19     21     119.2     4.605     3.55136
230     43     15     650.88     3.8746     2.65603
231     39     28     366.32     3.6175     3.70617
232     44     26     231.04     1.76351     3.19887
233     32     27     205.68     1.91305     2.92306
234     47     16     207.32     3.28733     4.3041
235     14     22     448.2     4.05907     4.08124
236     30     35     223.72     3.29353     2.95953
237     35     31     622.84     2.48761     2.62558
238     22     28     269.16     2.43901     2.76757
239     23     28     490.6     3.43142     3.4917
240     23     30     123.2     4.46934     4.77439
241     37     35     511.28     2.54668     3.34101
242     32     17     606.48     1.68511     3.61286
243     28     27     435.48     4.72388     3.11052
244     32     17     686.64     4.5972     3.95787
245     39     27     479.88     4.08502     3.37359
246     38     15     512.28     3.76725     4.79369
247     14     15     528.36     4.67037     2.51389
248     17     16     210.72     3.83796     3.99388
249     27     18     534.68     4.81072     2.71195
250     41     22     167.92     3.74963     3.21413
251     45     16     325.56     4.68799     3.74386
252     29     24     596.8     3.64431     3.09732
253     16     33     530.36     2.08342     4.5922
254     18     19     245.12     3.4577     3.79101
255     18     34     418.8     4.3135     2.87057
256     42     24     88.76     3.69846     3.27738
257     15     35     68.44     3.85206     4.55962
258     43     23     430.44     4.91508     3.51627
259     15     27     569.44     1.64164     4.05538
260     36     22     403.4     2.34971     4.39962
261     35     20     215.36     4.59143     4.53162
262     27     21     454.52     3.78082     3.0195
263     28     33     629.2     4.26223     3.61263
264     34     29     294.52     4.05181     3.24824
265     28     22     428.8     3.24023     4.36041
266     29     19     376.36     3.78776     3.13067
267     27     33     568.08     1.69718     4.0727
268     38     16     138.2     2.30026     2.58934
269     43     22     43     3.63886     3.39503
270     18     25     205.04     3.17891     3.94223
271     44     19     90.76     4.33946     3.24412
272     25     24     252.12     4.5705     2.73263
273     17     17     23.68     4.46625     4.54428
274     41     34     334.92     2.14591     3.87196
275     25     34     552.72     1.8887     3.27631
276     11     29     605.52     4.75465     3.0945
277     46     30     366.64     3.17785     3.33888
278     13     29     353.68     3.26608     3.72532
279     18     24     492.28     2.29032     4.72213
280     38     20     318.56     4.59944     3.76003
281     13     26     220.08     3.44296     4.49423
282     45     18     612.8     4.93986     3.25785
283     16     23     617.2     4.17219     3.09999
284     11     30     625.56     3.64335     4.54604
285     14     16     301.24     1.58225     3.47262
286     44     20     137.52     1.82835     2.73789
287     21     22     67.76     4.28188     2.95686
288     35     31     148.56     3.15477     4.06301
289     41     28     421.76     4.50545     3.04613
290     19     23     546.72     2.79118     4.50911
291     10     16     537.72     4.92512     4.4306
292     14     33     468.24     3.06879     3.77796
293     41     32     521.96     2.14805     4.85893
294     25     28     305.56     3.32354     4.55252
295     46     19     106.12     3.90248     4.81201
296     22     24     155.6     2.42512     4.57709
297     45     29     465.84     2.91017     3.48933
298     25     24     519.32     3.49391     4.04965
299     29     30     590.12     1.94734     2.60796
300     43     23     417.08     3.30538     3.32759
