1     33     10     100.065     1.77953     3.25488
2     25     9     109.16     3.21128     2.9664
3     8     2     61.915     4.85868     2.50229
4     37     4     97.49     3.24396     2.50855
5     18     12     115.31     3.67795     2.86653
6     36     5     59.67     4.15403     2.51572
7     18     10     82.435     1.59015     3.89187
8     18     3     131.09     2.15168     3.61888
9     33     15     82.97     1.63897     4.84718
10     41     10     105.435     1.67614     2.87736
11     8     6     42.19     3.18244     4.46181
12     47     8     125.9     4.36296     4.92187
13     32     13     54.355     4.20284     3.47491
14     27     1     74.34     3.6975     3.40899
15     10     3     79.695     2.30549     4.99672
16     43     3     166.61     2.8574     2.78932
17     23     2     25.63     4.90429     2.68166
18     9     9     110.255     3.24183     2.8872
19     33     15     123.735     3.09368     4.21583
20     41     10     102.805     2.18778     3.79337
21     47     14     135.105     3.71085     2.61475
22     29     5     71.08     3.37524     3.57006
23     45     8     80.505     4.08246     2.83547
24     17     11     80.12     4.91786     3.76873
25     26     15     154.87     3.96059     3.70006
26     39     10     132.365     3.64324     2.75964
27     33     2     36.945     2.14602     2.63169
28     45     9     150.2     1.55918     4.37529
29     17     2     135.35     2.29865     3.20406
30     18     14     132.405     4.00844     4.36445
31     45     6     55.52     3.43538     3.00233
32     36     7     139.885     2.50961     4.66071
33     20     13     98.9     3.11568     4.29693
34     13     15     108.995     1.78765     2.96175
35     9     6     22.15     2.81489     2.52991
36     9     14     20.835     3.48985     2.62268
37     36     8     80.71     4.98473     2.61414
38     25     12     26.315     2.59015     2.8605
39     8     8     127.665     1.80068     3.04407
40     44     2     107.12     3.48131     4.27198
41     27     11     94.065     4.59891     2.81999
42     33     13     47.465     3.25411     4.66353
43     41     1     79.135     1.99765     3.68404
44     22     3     136.405     1.66396     2.69402
45     17     13     127.46     4.20914     2.6693
46     28     2     95.065     2.7852     4.32997
47     30     8     133.885     2.03685     4.96101
48     24     7     35.835     4.85334     4.61249
49     16     7     104.105     1.56131     4.5703
50     19     15     38.725     2.79342     4.73807
51     25     5     43.41     1.51335     2.82067
52     35     3     46.835     3.43805     4.45074
53     32     5     130.625     4.33433     4.64698
54     41     14     94.915     4.43068     4.74746
55     41     3     58.095     4.92395     2.70615
56     17     4     73.545     3.31777     3.39518
57     11     15     57.025     2.57637     4.30174
58     37     3     77.765     1.82824     3.26167
59     8     7     89.53     4.6034     3.6198
60     18     6     106.105     1.8401     3.45737
61     33     15     72.45     4.1442     4.27778
62     9     15     120.775     3.53482     3.29081
63     24     12     127.885     2.16375     4.68612
64     47     2     146.94     2.23884     4.0363
65     27     4     55.93     3.63886     3.72158
66     38     9     86.655     4.95332     3.51382
67     8     3     60.6     1.93046     4.21415
68     41     1     62.04     3.5705     3.48155
69     28     10     38.52     3.84469     4.24543
70     28     5     131.885     2.77847     4.84115
71     42     9     172.185     4.38047     3.76011
72     18     1     78.49     4.65264     3.15508
73     34     11     60.3     2.16567     3.98999
74     45     10     68.67     2.43484     4.47707
75     23     5     109.79     3.07958     4.68986
76     34     4     91.86     4.50096     3.99419
77     40     15     71.56     1.56355     4.18676
78     42     4     145.885     4.51399     4.98245
79     16     13     94.9     2.61974     4.74105
80     42     3     134.05     2.76693     3.07382
81     46     12     143.31     3.99551     3.22047
82     11     8     51.765     1.71149     3.33697
83     30     9     154.925     1.55725     4.58617
84     11     12     20.205     3.67528     2.66923
85     22     11     65.395     3.85078     3.1917
86     10     12     92.845     3.76554     2.50191
87     34     13     70.82     3.34928     4.39451
88     14     14     111.31     2.46155     4.31822
89     40     8     88.655     2.38902     3.97946
90     24     10     75.285     2.8934     2.98242
91     13     13     127.405     2.79225     2.89521
92     21     3     130.145     3.30934     2.88369
93     38     1     122.16     4.67763     4.80346
94     45     11     47.63     2.22944     4.39016
95     24     14     118.68     3.95866     3.93948
96     15     8     83.38     2.28808     3.11663
97     8     14     117.145     2.52884     3.28669
98     12     3     117.2     2.26266     4.50545
99     11     7     39.93     3.13491     3.06269
100     15     12     112.31     1.79054     3.71792
101     8     5     46.135     2.93762     4.51811
102     27     11     80.915     4.77377     3.34033
103     25     14     72.34     3.25913     4.04782
104     13     14     39.3     3.9702     3.9011
105     22     15     85.12     4.01912     2.61483
106     14     11     32.41     2.77313     4.70084
107     34     2     120.79     3.85772     2.987
108     27     11     129.57     4.17849     4.95506
109     44     5     82.135     2.44606     4.78507
110     12     10     23.835     1.93826     2.74918
111     38     10     153.72     4.98408     4.84474
112     32     13     124.05     1.90301     4.30631
113     34     12     52.41     4.38624     2.88995
114     23     13     88.75     3.55084     3.56685
115     32     5     116.16     4.15488     2.51976
116     39     6     142.885     4.70444     4.58167
117     33     4     136.885     4.94018     2.50679
118     8     1     111.885     4.93484     4.21659
119     40     15     150.46     3.78851     3.40838
120     16     5     111.995     4.15403     2.67037
121     11     13     55.71     2.57819     4.49103
122     16     11     52.82     3.39351     4.30494
123     22     5     36.465     4.64228     3.46599
124     12     13     129.035     4.27152     3.78727
125     16     15     144.87     3.07883     4.0389
126     31     14     77.025     3.64708     2.54509
127     45     11     140.995     2.74963     3.77026
128     28     2     76.655     4.46219     3.03446
129     34     3     129.995     2.46518     4.75013
130     15     1     96.53     4.27056     3.31927
131     28     9     155.555     3.85804     4.5835
132     42     9     72.245     3.45482     4.46463
133     17     5     64.34     4.94328     2.68998
134     32     13     118.79     1.63063     3.24099
135     37     13     155.35     2.86627     4.41488
136     30     12     64.19     3.23862     2.64275
137     39     6     165.24     2.33892     2.95251
138     36     13     54.41     4.32365     2.7176
139     18     15     142.925     1.76191     4.0833
140     9     3     94.475     2.50139     4.20942
141     12     9     131.665     2.536     3.72211
142     36     11     110.955     2.1128     2.51312
143     34     12     49.78     3.05918     3.27967
144     12     1     26.465     4.06633     4.44273
145     26     2     64.135     1.91316     2.8367
146     9     7     103.68     4.86616     2.81053
147     15     6     38.67     3.23585     4.62966
148     40     2     128.105     4.82995     3.82076
149     25     10     92.065     3.28188     4.35003
150     43     11     173.185     4.49306     4.77401
151     18     6     41.67     3.67112     2.75559
152     23     15     138.72     3.19974     4.5848
153     27     15     41.465     2.32354     2.59415
154     36     6     79.395     3.38304     4.6118
155     37     11     54.095     4.08321     3.33979
156     25     8     39.465     3.0313     4.80071
157     40     6     99.175     2.02745     3.74195
158     13     13     74.805     4.34234     2.63871
159     31     2     75.71     2.96646     4.68642
160     39     1     138.94     3.5658     4.92264
161     9     8     69.49     2.62764     4.86961
162     47     8     69.355     4.03172     4.8384
163     18     15     81.12     1.52937     4.28426
164     42     7     45.945     3.36787     4.35438
165     32     3     35.945     2.04112     3.01897
166     26     13     56.245     3.90387     4.42595
167     47     7     106.175     4.1317     2.86912
168     27     2     117.735     4.26287     3.01294
169     45     15     139.68     3.30474     4.26069
170     8     7     69.805     3.641     3.41029
171     47     10     146.94     4.72196     3.48651
172     44     10     150.515     4.7743     2.89018
173     18     14     66.655     4.51325     2.75559
174     9     2     127.35     1.59239     4.15716
175     10     12     113.885     4.77516     3.05391
176     45     12     110.75     4.06131     4.61577
177     23     7     40.095     2.75614     4.81841
178     23     8     112.42     2.21181     3.45073
179     19     2     97.9     3.22997     3.92338
180     15     15     68.915     2.35665     4.01952
181     22     9     145.61     1.55586     2.97922
182     43     15     110.065     2.49487     4.05705
183     10     9     132.295     3.92683     2.94397
184     19     8     82.12     4.90355     3.69396
185     47     10     99.6     4.30485     2.54669
186     46     5     92.025     2.9169     3.78597
187     32     7     91.175     2.04454     3.02446
188     10     12     66.545     4.8934     4.55695
189     12     15     123.775     4.20316     3.17042
190     8     13     34.3     4.37001     4.55374
191     14     15     94.215     2.03877     4.69565
192     46     11     90.71     4.90355     4.91378
193     37     12     89.6     2.19601     2.90292
194     19     5     139.98     1.60073     3.94543
195     36     9     87.285     4.07872     2.67281
196     47     9     112.75     3.33444     4.52017
197     43     10     53.52     3.91113     4.76295
198     16     2     21.26     4.64805     4.27793
199     21     14     86.75     4.48505     4.91852
200     38     2     126.105     1.84736     3.64444
201     24     15     123.94     2.59635     3.29714
202     24     3     123.94     4.27996     4.16166
203     16     2     55.45     3.16727     4.20461
204     28     10     30.63     2.30175     4.63012
205     45     8     135.735     4.05736     3.64345
206     35     12     41.575     3.93164     2.56378
207     16     6     96.215     4.06131     4.67513
208     18     2     91.64     3.69291     3.45828
209     42     7     151.145     2.59474     3.0929
210     27     4     51.985     2.64281     2.87027
211     20     9     122.57     1.56687     3.40876
212     34     8     43.205     2.58919     3.81054
213     40     9     149.145     2.44168     2.65213
214     40     2     75.505     2.49509     4.44868
215     39     15     45.575     1.98515     4.48126
216     20     5     102.845     4.06996     3.63094
217     9     2     19.52     4.20177     3.6066
218     37     5     150.09     2.04956     4.21026
219     40     7     97.86     2.95621     3.02782
220     17     1     27.52     4.66257     4.18874
221     37     5     39.63     1.78562     4.08216
222     9     10     43.19     3.78455     3.17278
223     42     4     120.9     4.39639     4.30578
224     10     5     81.01     3.28018     4.1409
225     22     7     36.465     3.84982     3.10801
226     45     4     135.735     4.03236     3.02324
227     12     6     67.23     1.9357     2.75704
228     16     6     21.26     1.65915     3.5947
229     36     12     120.16     2.73275     4.67948
230     36     6     114.9     3.91797     2.67968
231     8     4     65.86     4.85612     3.57067
232     21     11     95.955     4.79695     3.17003
233     40     15     159.665     2.89329     4.31982
234     29     13     126.31     2.79513     4.8545
235     15     6     61.025     1.52767     4.2452
236     17     4     64.34     3.8887     3.06192
237     44     15     113.695     3.84811     3.14348
238     42     5     69.615     2.18522     2.61605
239     10     10     92.845     1.84758     3.65116
240     37     1     100.12     4.76576     4.60318
241     41     13     134.365     4.10863     4.41801
242     19     9     34.78     2.71374     3.4521
243     11     1     54.395     2.67635     3.59378
244     18     12     106.105     3.83241     4.32676
245     39     7     44.26     1.61899     2.62673
246     43     13     45.63     4.54839     3.33148
247     17     15     115.625     2.27612     2.8753
248     42     8     165.61     2.50385     3.02835
249     23     13     150.555     4.69387     2.53151
250     16     3     33.095     4.33604     3.26731
251     38     2     149.775     4.24792     3.85762
252     36     15     163.555     4.14345     4.82887
253     19     11     38.725     4.45471     3.23481
254     14     2     53.45     2.64078     3.37893
255     11     5     51.765     3.96881     4.02463
256     35     4     159.925     4.00032     3.73676
257     43     6     138.995     3.26875     4.74265
258     20     2     115.995     4.38133     4.45471
259     17     2     30.15     3.03012     2.54471
260     31     13     74.395     3.64687     2.71081
261     33     6     63.245     4.68586     4.52651
262     44     8     86.08     1.76811     4.5143
263     8     14     134.24     2.67432     4.33363
264     17     7     137.98     4.41626     2.72256
265     37     10     150.09     3.37545     4.0865
266     31     13     104.64     2.74129     2.87156
267     35     3     84.97     4.23296     4.11618
268     19     7     91.325     4.33978     4.3186
269     41     1     80.45     3.06526     3.0134
270     46     10     149.885     3.40793     4.19675
271     10     6     25.78     2.56355     2.98975
272     29     10     109.215     2.08438     4.18325
273     45     3     45     2.97757     3.05155
274     41     11     140.94     2.47928     2.57881
275     38     1     80.08     3.98804     4.98611
276     39     5     158.665     4.39084     4.20103
277     43     4     94.285     1.76768     4.66079
278     34     9     139.2     1.70925     3.08847
279     31     6     54.67     2.22922     3.63399
280     13     10     78.75     2.00972     3.01912
281     35     10     78.395     4.96091     3.57936
282     41     11     63.355     2.83059     3.34017
283     32     6     110.9     3.34907     3.52176
284     21     8     110.42     1.64068     2.61017
285     38     11     102.435     4.38987     4.88647
286     8     7     123.72     4.49348     2.55478
287     9     2     9     1.68575     4.36003
288     17     10     63.025     1.86872     4.83421
289     30     2     104.955     3.13266     4.56458
290     40     4     128.105     2.7022     3.12243
291     34     12     41.89     4.7915     2.54364
292     43     3     92.97     4.10212     3.00134
293     28     1     118.735     1.9499     3.56182
294     26     11     93.065     1.75336     4.66437
295     38     5     127.42     2.36958     2.71493
296     19     6     111.05     2.50993     3.43486
297     15     4     86.01     3.22239     4.35492
298     14     13     71.86     4.17315     3.0958
299     20     1     66.025     1.71256     4.32546
300     26     12     26     1.95941     4.53284
