1     35     3     147.56     2.23424     3.94391
2     34     2     134.5     3.55138     4.80712
3     18     15     52.84     4.85142     2.52228
4     19     1     106.1     4.79107     3.02629
5     17     11     149.66     2.699     2.94389
6     27     8     39.06     3.47853     4.39665
7     28     15     96.34     3.40226     3.25358
8     42     11     47.36     3.28562     3.71586
9     45     8     86.54     2.7727     3.3739
10     42     15     167.96     4.71801     4.12954
11     41     12     168.3     4.39991     3.12273
12     19     12     131.56     3.04988     4.05431
13     32     14     104.36     2.93057     3.04353
14     40     8     104.32     2.44862     4.4145
15     8     12     97.78     4.53589     3.04758
16     32     12     137.86     4.28381     3.69098
17     10     12     27.42     4.06494     3.86929
18     29     13     39.72     4.62615     3.28234
19     12     7     66.94     2.88742     3.83358
20     41     11     95.94     4.43249     3.17873
21     13     11     46.5     4.42245     3.43616
22     20     12     103.08     4.41957     2.94839
23     28     6     58.82     4.85516     2.73621
24     39     8     166.3     2.1238     3.03613
25     26     10     32.7     3.54155     4.06102
26     45     7     65.1     1.64965     3.87509
27     11     2     19.04     1.60009     2.52388
28     36     2     161.96     4.60564     2.80999
29     26     2     84.96     2.69066     4.35438
30     32     4     159.3     3.22613     3.83435
31     18     10     82.32     1.98184     3.04018
32     41     4     153.56     3.6834     2.63817
33     13     5     33.1     1.80485     3.28318
34     8     8     17.38     2.5846     4.47035
35     40     10     124.42     4.99573     2.7662
36     29     11     37.04     4.15787     4.81162
37     21     2     86.66     3.42395     4.23368
38     28     6     93.66     4.62508     2.86149
39     8     2     140.66     3.71     2.88347
40     36     1     42.7     3.26234     2.83708
41     18     8     30.06     2.62935     4.07308
42     15     1     48.5     1.64837     3.08382
43     18     5     129.22     3.20402     3.8361
44     21     3     117.48     1.59998     2.99982
45     23     15     123.5     4.98238     4.71297
46     24     13     32.04     1.79481     2.7723
47     15     7     72.62     3.50523     4.39329
48     41     14     86.56     3.58214     3.42593
49     27     13     36.38     2.46101     4.67109
50     25     10     112.1     4.98077     4.68451
51     8     9     50.88     3.52681     3.212
52     41     13     99.96     3.86467     3.14455
53     47     9     130.08     1.89789     3.1341
54     12     4     88.38     3.33615     3.26212
55     22     15     135.9     1.50502     2.89956
56     32     12     88.28     1.78616     3.65093
57     30     9     102.36     4.41797     4.02051
58     40     11     148.54     2.64281     3.69427
59     35     9     111.38     2.4373     4.0759
60     28     6     80.26     1.80581     2.96846
61     47     10     176.98     2.37481     2.54227
62     15     8     140.96     1.7711     3.47942
63     39     6     92.6     4.51901     4.43594
64     40     3     112.36     3.43997     4.71145
65     20     6     128.54     4.29     4.26809
66     26     9     99.7     3.61803     3.98831
67     35     14     53.76     3.08118     2.81251
68     21     3     152.32     1.70006     4.64743
69     29     10     90.64     3.78883     4.18554
70     18     6     121.18     1.54401     4.52605
71     24     6     137.9     1.52831     3.23862
72     11     11     32.44     1.53044     4.7599
73     28     3     32.02     4.53909     3.26357
74     17     11     105.44     4.31147     3.89485
75     31     12     45.74     4.77558     4.0099
76     35     7     55.1     4.24557     4.81056
77     34     6     117.08     3.18757     2.51511
78     30     6     162.66     1.52104     4.45669
79     42     12     74.16     2.18629     4.24734
80     15     7     116.84     4.46699     3.90194
81     16     7     104.44     3.79876     4.55977
82     26     4     39.4     2.5502     3.69533
83     33     10     114.74     3.00961     2.95923
84     23     1     135.56     4.56195     4.53993
85     22     14     110.44     4.29086     2.68563
86     8     11     20.06     1.99007     3.27929
87     13     12     100.1     1.81788     3.10457
88     21     6     89.34     4.58011     4.19622
89     30     12     126.48     3.8746     4.91272
90     8     13     129.94     4.58321     3.1241
91     31     5     142.22     3.44435     3.15477
92     9     6     90.74     2.69131     4.37086
93     25     14     98.7     3.48996     3.05452
94     27     14     110.08     4.66097     2.95495
95     25     4     35.72     2.42021     3.65642
96     37     3     158.94     2.62284     4.65468
97     24     4     95.02     2.74407     4.28137
98     34     2     129.14     4.08107     3.86891
99     34     13     47.4     4.41263     3.79391
100     9     10     97.44     3.59741     4.29174
101     43     8     47.02     3.84832     2.68235
102     14     5     118.52     2.16524     4.89792
103     45     7     153.54     2.16182     2.95167
104     23     13     119.48     4.27003     3.7421
105     28     4     143.24     1.55629     3.32812
106     23     13     51.14     3.13662     4.57053
107     26     2     54.14     3.91925     4.77714
108     47     5     138.12     3.16588     3.74409
109     19     15     53.84     4.60126     3.83312
110     32     15     131.16     2.55683     4.97536
111     43     11     119.38     2.38379     3.74248
112     18     2     138.6     2.61782     4.37681
113     26     1     107.74     4.63288     3.4183
114     16     2     50.84     1.76426     3.3227
115     39     9     139.5     3.14068     4.20804
116     26     3     83.62     2.20402     4.12259
117     10     7     72.98     4.65574     4.47363
118     10     2     123.9     4.81104     3.50772
119     41     5     98.62     4.09838     4.48401
120     15     2     25.72     2.685     3.92979
121     36     2     104.34     1.96625     4.12038
122     38     2     123.76     4.90056     2.67243
123     33     11     65.16     2.92576     3.39343
124     43     11     77.84     2.94147     3.77499
125     16     3     123.2     2.59069     3.27387
126     44     7     116.36     2.32514     2.76864
127     24     5     99.04     4.49017     4.33454
128     23     6     127.52     3.91188     4.22559
129     8     2     99.12     4.22185     3.20589
130     14     10     102.44     4.90365     4.62004
131     39     15     144.86     3.7946     4.34324
132     26     4     142.58     2.02937     3.00218
133     21     14     97.38     3.65723     4.60715
134     22     3     79.62     3.91839     4.48485
135     24     12     77.6     3.9154     3.15554
136     24     11     40.08     3.66033     4.04157
137     32     2     34.68     4.23617     4.14968
138     43     13     65.78     2.55362     3.11853
139     42     14     158.58     2.43954     4.77042
140     47     5     146.16     4.54091     4.05835
141     33     15     129.48     2.27772     3.54961
142     39     9     112.7     2.33187     4.83604
143     40     6     128.44     2.40226     4.01173
144     34     3     111.72     4.2147     4.10833
145     10     5     99.78     1.51794     3.62949
146     35     2     150.24     3.55266     4.07445
147     34     9     101     2.22474     3.09114
148     26     11     147.94     2.97084     3.6504
149     11     15     51.2     3.04721     3.38076
150     17     13     104.1     2.22869     4.45524
151     26     4     127.84     3.15104     3.17057
152     31     9     33.68     2.28071     4.60952
153     39     5     106     2.24781     4.02638
154     24     8     123.16     4.52457     2.84707
155     39     13     60.44     2.68618     3.42463
156     26     8     91.66     1.73617     2.93878
157     13     6     74.64     3.23179     3.08313
158     26     13     106.4     2.69355     3.42837
159     28     1     157.98     2.03343     2.603
160     13     8     14.34     2.98643     2.68204
161     30     6     75.56     1.77804     3.42441
162     40     7     93.6     3.51517     4.24932
163     9     6     113.52     3.03183     3.09328
164     25     11     136.22     3.17582     2.53677
165     29     12     62.5     3.27003     4.84245
166     43     13     49.7     4.23318     3.79482
167     31     15     107.38     1.59346     4.98314
168     45     5     101.28     2.38133     4.916
169     9     8     93.42     2.13298     3.11083
170     28     11     128.5     3.4921     2.54669
171     47     3     148.84     2.14132     2.62268
172     13     3     92.06     4.0502     2.51106
173     44     11     115.02     3.27206     4.04736
174     12     9     65.6     1.77601     4.54672
175     43     3     118.04     4.04668     3.6877
176     16     10     60.22     4.93709     4.85427
177     14     9     44.82     1.50887     2.57599
178     11     10     78     1.8449     3.95825
179     10     15     82.36     2.06633     3.24137
180     23     15     31.04     2.54176     4.88121
181     9     5     92.08     3.01997     4.28991
182     12     6     16.02     2.17272     4.12961
183     47     1     88.54     4.28071     2.79717
184     11     13     83.36     2.54689     2.99318
185     14     4     109.14     4.77377     4.51354
186     15     7     128.9     4.38507     4.15593
187     43     3     123.4     4.53055     4.38124
188     46     2     86.2     1.75507     3.61995
189     14     2     129.24     1.96785     4.86518
190     13     11     77.32     3.19568     2.94198
191     37     8     157.6     3.85495     4.59479
192     33     11     133.5     2.52638     4.28205
193     17     11     144.3     2.46731     4.81979
194     14     9     39.46     4.34565     3.26472
195     23     1     143.6     3.92908     3.67702
196     20     10     57.52     2.7163     4.65323
197     9     5     27.76     2.74151     3.27113
198     45     3     134.78     4.03909     3.33552
199     35     1     131.48     4.00085     4.56702
200     32     14     161.98     3.11258     3.12326
201     23     4     94.02     2.30165     2.59453
202     42     6     92.92     3.38186     3.36299
203     25     9     47.78     4.82931     4.46677
204     23     2     100.72     4.37353     3.36009
205     43     14     142.16     4.13865     2.70928
206     45     14     129.42     1.81874     4.61516
207     10     12     18.04     2.12145     3.90339
208     26     13     63.52     3.96464     3.37252
209     23     2     127.52     4.66033     2.64084
210     32     2     86.94     4.57093     3.48209
211     40     8     65.46     4.47041     3.29165
212     25     1     97.36     3.59667     4.57274
213     20     4     76.28     4.62893     4.58396
214     29     10     146.92     2.07295     3.03865
215     10     10     127.92     2.29192     4.49667
216     37     12     146.88     2.66321     3.33857
217     43     2     101.96     2.5987     2.96449
218     43     6     67.12     1.91145     4.60662
219     11     6     116.86     3.2633     4.89601
220     31     1     96.66     2.17774     2.5763
221     44     12     108.32     2.35366     3.50269
222     21     4     100.06     4.76148     4.31722
223     43     12     95.26     4.75935     3.94261
224     10     2     117.2     1.71139     3.2831
225     33     8     121.44     2.84448     4.77477
226     10     13     31.44     4.8245     4.67399
227     27     8     63.18     4.79096     4.72709
228     44     11     147.18     3.33048     3.60935
229     43     13     111.34     2.12636     4.77615
230     36     4     140.52     4.26597     3.61492
231     28     8     34.7     2.44221     3.04018
232     8     2     25.42     1.53386     2.92123
233     10     1     42.16     4.79684     4.98375
234     36     10     88.26     3.15253     3.57509
235     16     8     103.1     1.80795     3.93544
236     15     11     99.42     4.69056     3.36329
237     32     15     72.2     4.93239     4.41816
238     11     7     102.12     3.38998     3.0491
239     15     4     116.84     1.93142     3.2915
240     9     4     85.38     3.97703     3.92094
241     46     11     110.32     4.02681     3.70678
242     18     8     150.66     2.16012     3.15371
243     10     9     109.16     4.24129     4.37475
244     39     1     147.54     1.81521     4.48286
245     28     9     147.26     4.42854     4.14563
246     43     7     164.94     2.859     4.19027
247     10     4     106.48     2.48953     4.40176
248     35     14     40.36     1.80934     4.90356
249     36     11     49.4     2.77761     4.26237
250     45     2     73.14     1.53365     4.70702
251     40     7     80.2     4.18917     3.60172
252     22     8     67.56     2.18404     4.06575
253     39     11     43.02     4.44392     3.8786
254     17     8     71.94     4.82044     3.06185
255     38     5     70.16     3.05106     4.27923
256     31     14     116.76     3.22121     3.9433
257     46     15     90.22     2.96411     3.17217
258     42     12     141.16     2.38154     3.98495
259     20     13     151.32     3.92213     4.87632
260     10     2     54.22     4.19825     3.66298
261     41     11     103.98     4.97949     4.24024
262     32     13     66.84     2.34341     2.64061
263     43     1     156.9     2.22217     4.03539
264     37     10     66.48     3.82482     3.56761
265     26     5     110.42     2.67304     2.66091
266     36     7     85.58     3.73382     3.69076
267     20     8     116.48     1.88218     4.66147
268     27     10     83.28     4.18094     4.27847
269     34     10     82.24     2.20765     4.05683
270     15     3     25.72     3.91914     2.85646
271     8     15     12.02     1.78124     2.98479
272     37     11     39.68     4.15413     3.25724
273     17     10     39.78     3.16311     3.15645
274     25     4     154.98     2.54241     3.48094
275     25     13     120.14     3.18394     2.62337
276     35     12     100.66     3.37706     3.86937
277     41     9     99.96     2.47351     2.85775
278     13     4     78.66     1.96037     3.09214
279     23     13     138.24     3.17817     3.64521
280     15     13     108.8     2.66503     4.44586
281     11     6     64.6     1.86488     3.28974
282     19     10     100.74     4.18137     4.96498
283     27     6     150.28     2.1129     4.13129
284     33     10     120.1     4.45354     4.84611
285     15     9     118.18     4.79321     3.37565
286     43     7     151.54     4.30229     4.6839
287     30     12     38.04     4.03504     4.23749
288     42     4     51.38     2.73553     3.02019
289     8     15     69.64     2.88079     4.89494
290     32     2     57.46     4.94649     4.20537
291     9     9     11.68     3.12732     2.7575
292     12     15     79     4.49915     4.07186
293     12     1     16.02     4.35516     4.04614
294     25     5     27.68     2.70124     3.42067
295     38     15     111.7     1.64559     3.68542
296     31     11     111.4     2.16514     4.32035
297     47     4     88.54     2.98515     3.0092
298     33     5     50.42     2.55522     4.21796
299     37     12     61.12     3.35676     2.77772
300     37     9     148.22     2.02435     2.86332
