1     35     24     362.67     4.33145     2.85836
2     38     10     233.545     3.7367     4.18165
3     30     35     66.995     4.3307     4.14937
4     37     4     375.24     3.047     4.98795
5     32     30     47.855     2.39009     4.42793
6     15     22     184.12     2.95674     4.54077
7     15     35     321.53     4.96187     3.78384
8     47     37     258.4     3.99936     3.89424
9     32     32     53.14     3.02713     4.52139
10     25     2     77.85     4.80645     4.74013
11     25     17     548.215     3.28188     4.33348
12     38     40     111.99     4.63736     3.9877
13     22     12     439.515     2.00951     4.78782
14     44     2     318.82     4.59613     3.65642
15     21     27     126.7     3.14153     2.62551
16     27     10     407.52     4.03504     3.58112
17     33     6     424.09     3.50555     3.8731
18     41     3     146.7     2.6473     4.4293
19     43     14     502.795     4.76116     3.2654
20     46     8     373.67     4.74578     3.53122
21     20     34     56.995     3.02243     3.98289
22     25     3     183.55     4.72976     3.52306
23     28     14     456.085     1.66898     2.69944
24     17     31     492.65     2.73959     3.80123
25     14     23     452.655     1.84373     4.94484
26     29     6     250.97     4.99872     4.79026
27     42     33     126.56     2.13843     3.27731
28     13     12     55.28     1.84159     2.52304
29     42     25     322.105     3.96689     3.27105
30     15     2     46.71     3.93271     3.53328
31     21     35     153.125     1.62529     4.81445
32     27     20     444.515     3.66866     2.56035
33     31     21     311.105     2.54059     3.72105
34     14     11     241.255     1.77131     3.06734
35     31     10     379.81     4.20573     3.65444
36     27     35     174.98     4.56676     3.07062
37     23     1     287.25     4.80261     3.36352
38     13     38     398.805     2.45204     3.78292
39     24     19     87.42     2.01314     4.23208
40     23     40     308.39     3.04935     3.56784
41     20     32     152.125     4.51688     3.13952
42     45     17     494.225     3.54828     4.70801
43     42     18     470.085     3.67656     3.13517
44     32     14     290.965     3.73435     2.98471
45     21     33     57.995     3.41134     4.42442
46     29     8     414.805     3.70658     2.57088
47     13     29     493.935     3.25721     3.16752
48     14     3     304.675     3.78124     3.73577
49     44     15     403.38     4.61525     3.09084
50     8     32     39.71     3.08417     3.36261
51     10     1     73.42     1.68671     4.91111
52     35     12     304.535     3.82952     3.27906
53     10     9     374.665     2.59667     3.57097
54     21     15     237.685     3.7869     3.89935
55     19     18     425.945     3.70412     3.28875
56     40     30     526.22     4.93548     3.17942
57     32     11     512.935     4.60019     2.91902
58     15     18     300.39     3.30581     3.38488
59     9     22     77.705     4.29363     4.12679
60     21     22     179.55     2.00951     3.17057
61     15     34     506.505     3.08406     4.87381
62     47     36     416.95     1.95557     4.97345
63     12     18     286.82     3.1222     3.21711
64     20     9     204.975     1.75475     2.71744
65     8     36     430.8     4.15809     3.92102
66     28     28     123.13     3.31158     4.83161
67     29     2     383.095     4.97671     2.88003
68     30     35     183.265     2.10329     2.57927
69     36     36     189.265     3.52083     4.35621
70     8     15     92.56     4.1473     3.70144
71     46     20     225.69     2.70177     3.5268
72     12     19     403.09     3.15445     3.87143
73     12     16     133.555     4.39735     4.34683
74     21     9     348.67     1.87193     3.46255
75     39     20     75.995     2.13715     2.72179
76     38     20     355.1     4.11184     4.62836
77     17     30     85.705     3.97629     4.99504
78     11     23     275.25     1.96806     3.69488
79     34     1     55.14     1.55512     4.24543
80     30     29     56.425     3.72111     3.86601
81     20     18     263.11     4.348     4.39985
82     35     15     436.66     4.42907     3.24084
83     39     37     81.28     2.59816     4.65621
84     13     1     467.51     4.20765     3.14409
85     38     25     138.415     2.44136     4.22002
86     23     37     456.37     4.19643     4.26832
87     15     24     194.69     3.7163     4.85351
88     19     6     124.7     4.71352     3.12906
89     39     40     213.405     4.46208     3.73638
90     14     22     29.855     2.09709     3.83267
91     44     21     350.53     4.10468     4.14014
92     42     1     100.135     1.73531     2.65595
93     34     20     55.14     1.8292     3.91423
94     27     40     264.825     1.78199     2.93947
95     15     25     374.38     4.1411     4.28472
96     43     23     101.135     3.56206     2.7916
97     47     11     105.135     3.11354     3.96596
98     30     31     273.11     3.16225     3.10709
99     24     11     441.515     2.32344     3.58409
100     14     13     283.535     2.71149     3.39656
101     14     24     463.225     2.97447     2.91353
102     9     9     98.845     2.84715     2.92909
103     40     14     113.99     2.70733     3.42593
104     22     7     296.82     4.36926     4.6878
105     42     10     57.855     3.59806     3.65116
106     27     26     502.65     1.58214     4.63675
107     9     31     479.365     4.84352     4.85137
108     18     12     49.71     2.3245     3.80139
109     26     37     422.375     4.63405     4.50735
110     47     39     311.25     4.68564     3.16118
111     20     13     474.51     4.21491     2.61711
112     27     32     386.38     3.90931     3.85472
113     41     22     62.14     3.63352     3.30775
114     36     6     411.235     4.98675     2.69684
115     24     19     113.845     3.17518     4.25855
116     19     23     367.81     2.43452     3.00928
117     30     34     489.795     3.48643     3.93773
118     21     3     316.96     4.26287     3.26289
119     9     22     35.425     4.38517     4.15143
120     19     31     198.69     2.1285     3.5329
121     35     6     484.225     2.35911     2.9046
122     27     36     259.54     3.17742     4.7663
123     21     20     295.82     4.25112     2.57515
124     12     21     434.8     4.57381     3.36222
125     34     39     192.55     4.63202     3.4003
126     37     13     184.98     1.71662     3.56433
127     23     10     456.37     3.86167     4.775
128     23     6     250.255     2.14484     2.66564
129     42     35     52.57     3.83657     4.36377
130     38     27     323.39     3.12796     4.02676
131     40     37     124.56     2.42566     2.52419
132     44     23     80.995     2.94595     2.90529
133     37     22     385.81     4.09325     4.54352
134     38     28     328.675     3.85655     2.59873
135     16     25     407.09     4.70968     3.18712
136     36     37     331.96     3.24824     3.39969
137     12     36     482.365     3.04892     4.06026
138     30     36     352.385     4.48355     4.36315
139     9     3     88.275     3.97511     3.78147
140     42     21     454.23     1.92715     2.88652
141     8     20     23.855     2.81425     3.46912
142     39     32     192.265     3.16353     4.6028
143     42     26     174.125     3.41626     2.54044
144     45     35     399.095     4.40056     3.58478
145     34     10     340.53     3.40141     2.82235
146     10     14     194.975     3.06163     2.86332
147     47     9     538.505     2.59741     2.97586
148     31     14     490.795     2.06516     2.75735
149     27     12     402.235     3.16129     3.23191
150     41     2     146.7     2.29107     4.5159
151     31     30     73.28     4.89062     2.94038
152     41     1     93.85     4.23531     4.27366
153     28     21     107.275     2.72111     3.43158
154     12     34     27.855     4.85121     4.81872
155     11     29     206.545     3.91273     3.68976
156     27     26     338.815     3.57936     2.67205
157     46     28     479.37     1.92213     3.83984
158     20     10     35.855     3.5642     2.98067
159     13     20     166.265     4.96368     3.94574
160     15     30     263.395     4.55811     4.72243
161     26     12     348.385     3.75689     3.1222
162     26     16     232.115     1.51324     3.72333
163     13     31     224.4     4.46294     3.95833
164     14     18     241.255     2.86135     3.48834
165     33     28     513.935     4.30677     4.75394
166     24     40     208.975     1.97981     3.8432
167     13     13     509.79     4.38816     4.56839
168     32     11     42.57     3.3464     4.89006
169     36     40     146.985     3.67956     3.58203
170     21     7     390.95     1.88079     3.77468
171     29     25     483.51     2.2116     3.76995
172     39     38     70.71     2.97458     4.26672
173     19     5     431.23     2.94681     4.88838
174     44     18     239.545     2.70679     4.15227
175     46     40     77.71     1.83871     3.27311
176     28     32     80.85     1.74941     2.93886
177     9     8     215.115     4.58161     3.45164
178     29     7     488.795     3.95866     4.87327
179     10     8     364.095     3.54465     2.56615
180     40     38     272.54     3.15403     4.77111
181     38     7     270.54     2.39575     2.6104
182     17     3     487.365     3.58577     4.15998
183     18     38     134.27     4.4122     2.97822
184     43     36     238.545     4.08844     2.73423
185     18     13     414.375     2.97768     3.32507
186     42     26     295.68     1.9232     2.62261
187     38     38     413.235     2.26928     4.24169
188     31     8     78.565     2.30699     2.96831
189     8     1     251.11     1.62935     3.24061
190     24     1     261.825     2.12925     4.82154
191     31     15     416.805     3.12668     3.5548
192     45     8     504.795     3.85644     3.84465
193     23     14     102.275     3.80421     3.24915
194     44     21     445.66     3.62316     3.32965
195     23     3     482.795     4.11504     4.64423
196     29     31     240.4     2.51239     2.52846
197     42     35     475.37     4.54476     4.05248
198     31     20     115.56     2.5219     2.79519
199     46     26     474.085     4.42267     4.3273
200     25     3     146.555     4.71822     4.04164
201     8     28     335.67     2.91946     2.72416
202     42     35     158.27     2.57872     4.00418
203     22     7     428.945     2.23296     4.07476
204     26     1     94.705     2.02115     2.82472
205     12     7     117.7     2.46112     4.27267
206     30     38     431.66     1.61985     2.94259
207     23     15     229.115     2.16225     4.07308
208     32     22     142.985     3.01079     4.29998
209     13     31     398.805     4.60361     3.2033
210     13     34     139.84     2.48238     4.85923
211     11     25     454.94     1.69643     4.78721
212     14     22     198.975     2.25593     3.93338
213     29     10     441.23     2.11963     2.58103
214     23     4     44.14     2.95151     3.32812
215     34     7     134.415     2.12946     3.52275
216     26     40     327.245     1.74258     3.79749
217     21     6     42.14     4.05853     3.0929
218     29     2     494.08     3.19814     4.31097
219     46     9     162.27     2.00032     3.48872
220     32     7     322.675     4.31137     4.13381
221     38     31     418.52     4.68329     4.61051
222     8     1     129.555     2.71662     2.7195
223     47     18     78.71     4.53055     2.85997
224     39     2     287.395     3.59442     4.91524
225     26     2     454.085     4.90835     2.75239
226     42     12     285.11     4.26212     3.97855
227     14     24     220.115     4.06153     3.83976
228     9     4     405.375     1.95375     4.9086
229     40     4     362.385     2.23681     2.94702
230     27     18     465.655     3.78744     3.08763
231     29     24     65.995     3.99284     4.22178
232     31     3     374.525     3.9185     3.23717
233     10     26     337.67     1.69857     4.49461
234     36     8     543.36     4.88197     3.68442
235     12     30     440.085     3.21876     3.95352
236     25     28     484.795     2.62177     3.44333
237     9     9     262.68     2.28701     4.63004
238     22     26     53.71     1.70765     4.60654
239     37     31     560.215     3.56633     4.19797
240     42     20     422.52     4.73926     2.55066
241     46     15     563.93     4.39714     2.58507
242     34     29     440.945     3.93762     3.95421
243     9     10     172.835     3.23264     3.89668
244     16     24     285.535     2.92544     2.62688
245     9     39     431.8     3.26244     3.65154
246     10     31     163.265     2.19301     3.15302
247     47     18     47     4.2225     3.83168
248     47     13     168.555     4.25262     4.84611
249     37     16     354.1     3.39329     3.2429
250     21     36     396.235     3.48077     3.51634
251     19     21     357.24     2.28562     3.18873
252     46     40     315.535     2.64698     3.55121
253     34     6     483.225     1.51357     3.45721
254     38     1     164.84     3.63095     2.80755
255     11     7     460.225     4.85484     3.61919
256     23     5     144.555     3.82685     2.81686
257     9     14     489.935     4.49872     4.63988
258     21     28     47.425     1.73467     4.3028
259     10     22     485.65     3.48227     3.30264
260     27     18     502.65     4.74023     3.01134
261     27     29     159.125     1.81275     4.44556
262     44     33     292.395     4.08118     3.35337
263     33     38     223.26     2.27836     3.5097
264     26     37     158.125     4.50192     4.85961
265     16     16     306.675     4.44649     4.40115
266     18     14     255.825     3.59507     3.94833
267     24     14     536.645     4.34864     2.66419
268     46     33     151.7     4.83113     3.50536
269     43     37     508.08     3.3542     3.96809
270     34     31     477.94     4.77473     2.7768
271     32     1     301.535     1.73061     2.90574
272     16     20     121.7     3.48932     2.57393
273     11     23     238.255     4.8918     4.60501
274     12     1     492.935     3.12893     3.29089
275     27     12     238.4     3.83283     4.15242
276     8     35     473.08     1.71737     3.23466
277     27     29     196.12     3.25401     3.82984
278     17     2     455.655     3.11493     4.76768
279     18     21     335.1     2.87065     3.16294
280     16     11     58.28     4.67304     3.26296
281     42     19     512.365     1.91166     4.28281
282     10     6     284.82     4.57562     3.87181
283     28     1     149.555     2.30496     2.59949
284     17     17     476.795     4.36862     3.60355
285     35     30     441.945     3.54999     2.78863
286     41     27     553.645     3.17699     3.71845
287     29     21     499.365     3.27921     2.59003
288     12     1     323.815     4.60852     4.93255
289     21     11     26.285     3.50513     4.41916
290     14     5     436.8     4.84597     2.93519
291     35     29     457.8     1.55683     4.7908
292     9     18     172.835     3.9263     4.21972
293     10     40     210.83     4.20231     4.0556
294     42     9     68.425     1.70754     4.7251
295     41     22     363.385     1.95909     3.94879
296     34     15     477.94     3.02297     3.79162
297     28     8     186.55     1.59282     2.95145
298     46     21     199.265     4.02286     3.42853
299     40     39     235.545     4.80229     4.46455
300     31     39     200.12     1.7038     2.89361
