1     41     34     971.495     3.37545     2.51701
2     33     22     702.12     4.71523     2.68128
3     17     20     686.12     2.51495     3.333
4     23     32     514.385     4.33016     3.25449
5     27     15     236.1     3.38079     4.69955
6     32     21     920.675     4.35826     3.40777
7     47     28     810.215     4.96817     3.46667
8     17     32     550.205     4.19568     4.91333
9     28     23     90.73     1.52681     3.21581
10     40     27     677.755     2.1097     3.52542
11     18     28     551.205     2.5909     3.83969
12     33     16     304.83     4.1113     4.96712
13     39     33     478.11     2.69472     3.93483
14     41     22     574.205     3.51559     3.7286
15     43     26     126.64     2.27772     3.50688
16     46     28     391.015     4.69056     4.67902
17     28     28     289.375     2.77612     4.48813
18     21     20     501.93     3.49178     4.99001
19     18     30     875.31     3.90216     4.06735
20     34     16     253.555     4.88603     3.87188
21     28     35     738.94     3.11098     3.33255
22     28     18     195.28     4.2617     2.62291
23     17     19     382.925     4.25486     3.72623
24     47     18     1029.77     2.42651     4.99046
25     16     19     434.2     3.92491     3.81268
26     16     19     89.185     1.79374     2.8444
27     25     35     56.365     4.48088     3.858
28     20     28     657.755     4.75486     4.66422
29     9     20     249.465     4.76704     3.22306
30     33     24     74.82     3.73959     4.33706
31     34     33     117.64     3.5173     3.06825
32     35     23     871.4     4.96507     2.76963
33     9     26     416.745     4.94681     4.37117
34     41     34     731.03     1.87022     4.81178
35     38     20     163.46     2.03076     3.75668
36     45     30     86.82     3.24001     3.99274
37     40     28     416.38     3.97223     4.63965
38     32     16     701.12     4.01485     2.57019
39     46     31     296.92     2.85505     3.67946
40     36     31     631.935     3.78925     4.39169
41     39     31     551.295     1.98697     2.54852
42     47     15     538.385     2.99733     3.06772
43     19     27     144.46     4.42811     2.5116
44     31     21     815.125     4.78584     2.95907
45     39     27     791.76     3.70808     4.3186
46     16     31     36.91     1.57445     2.97502
47     45     16     745.485     4.73008     3.40968
48     24     22     829.035     2.30432     3.18476
49     33     34     1015.77     4.86296     2.93283
50     20     25     960.95     2.3731     4.24139
51     46     21     840.58     1.72036     4.57404
52     16     35     26.455     4.75839     4.61814
53     23     16     911.675     3.12764     4.6997
54     11     31     178.28     4.82771     3.15691
55     14     22     1028.14     4.2758     3.31164
56     32     24     523.385     1.83743     4.43037
57     17     34     727.94     2.06366     3.31515
58     30     33     448.2     2.11771     4.41496
59     8     34     290.285     4.62722     2.59835
60     33     15     64.365     3.44552     3.97763
61     40     33     437.29     4.55608     3.92552
62     47     35     757.94     2.60532     2.67464
63     27     29     560.205     3.2978     2.64145
64     19     18     269.92     1.63736     2.86294
65     13     18     159.37     2.75027     4.6897
66     14     35     996.77     2.27291     4.12366
67     9     31     667.665     2.54006     4.94224
68     9     20     625.845     2.55715     2.99883
69     18     17     582.57     2.99017     3.34193
70     45     16     536.385     2.66022     3.04018
71     34     19     619.48     3.27366     3.85815
72     35     15     683.21     2.37492     2.67006
73     30     22     30     1.7555     3.75393
74     44     33     838.58     4.3025     3.35589
75     8     26     279.83     2.02243     3.16607
76     18     31     613.935     1.72495     3.09587
77     28     30     299.83     3.59902     4.99794
78     20     25     532.295     3.66706     2.71828
79     12     34     973.86     1.85249     2.62398
80     22     28     502.93     2.64281     4.99268
81     12     15     858.855     4.08428     2.90834
82     47     18     872.945     4.09197     4.05324
83     39     15     938.13     2.30934     4.53398
84     18     26     812.58     2.00267     2.63604
85     16     17     956.95     4.22314     4.14548
86     46     30     192.37     2.22239     4.62729
87     33     28     702.12     3.35559     2.80435
88     22     32     304.285     2.45546     2.92428
89     39     34     1021.77     3.91316     2.75658
90     9     19     1012.68     2.44894     2.61025
91     20     29     783.215     2.30805     4.5127
92     34     20     807.67     2.36563     4.43983
93     12     22     346.56     2.37513     4.23986
94     33     34     294.375     3.34469     3.63811
95     24     21     944.04     4.77601     3.96771
96     25     22     119.095     3.24931     4.01227
97     15     34     328.65     2.09058     4.60547
98     32     30     230.645     1.60276     4.87487
99     16     20     873.31     4.09752     4.27229
100     34     31     232.645     3.21128     3.28074
101     17     28     497.93     2.23948     4.43937
102     38     27     362.105     2.97415     4.07537
103     27     28     570.66     2.77847     3.88562
104     24     31     180.825     4.38272     2.75651
105     19     26     740.395     2.63715     2.9648
106     45     29     390.015     1.70476     3.64788
107     27     22     633.39     2.42854     3.18583
108     42     25     407.925     2.85868     3.38542
109     39     20     70.365     4.17251     4.60547
110     37     28     256.555     1.97308     4.71641
111     8     22     666.665     4.19996     3.53275
112     18     19     990.315     3.13565     3.11029
113     36     18     914.22     2.24493     3.04758
114     40     27     771.85     4.32792     3.68328
115     36     27     67.365     2.22388     3.82984
116     42     32     345.195     4.54903     3.43371
117     37     35     768.85     4.70231     2.80267
118     38     15     905.765     2.62551     3.79177
119     32     16     439.745     1.54892     4.58716
120     25     28     882.31     1.71021     3.4801
121     26     20     67.82     4.27815     3.26998
122     17     31     644.3     1.96721     4.18828
123     37     25     925.675     4.57819     4.48363
124     33     25     1047.14     2.4451     4.05866
125     37     27     1072.05     3.52905     2.79878
126     33     15     597.57     1.63726     3.98526
127     35     15     411.38     4.5063     4.42976
128     43     29     116.185     3.73051     4.22536
129     37     28     110.185     4.7727     2.75124
130     31     19     511.93     2.53974     3.82321
131     44     24     629.48     3.25774     4.12976
132     8     21     70.73     2.63202     2.84608
133     13     15     96.64     3.52467     4.06468
134     13     18     713.485     4.1363     4.9337
135     33     35     409.38     4.92416     3.64452
136     9     28     991.77     3.74194     2.65862
137     37     26     465.655     2.93655     3.8139
138     19     22     1043.59     4.884     3.20132
139     26     26     391.925     2.20113     4.95384
140     23     33     943.04     2.11632     4.33538
141     30     19     625.935     3.73296     4.27412
142     19     26     531.295     2.67219     3.22695
143     41     16     93.275     4.82696     3.51878
144     11     17     721.94     4.71256     3.04575
145     25     18     108.64     4.64954     4.48325
146     30     19     103.185     2.26063     4.88937
147     23     22     190.28     1.51848     4.84466
148     22     26     231.1     2.82664     2.51877
149     8     30     300.74     2.86969     4.30433
150     27     24     100.185     1.71651     4.90829
151     44     20     75.365     2.4106     3.54289
152     9     30     970.86     4.03151     4.10558
153     18     33     478.02     4.96315     3.48804
154     29     19     394.925     3.35238     3.4067
155     35     31     45.455     4.4921     4.89418
156     45     30     118.185     4.61354     3.34178
157     10     22     898.675     2.82237     3.23534
158     29     23     478.565     3.66289     2.97372
159     35     25     296.375     2.54347     3.91034
160     42     21     564.75     4.01047     4.01006
161     9     29     343.56     2.10094     2.75994
162     35     33     1070.05     4.2633     2.72637
163     37     26     423.835     3.57552     4.39749
164     19     22     259.465     1.74909     4.70283
165     38     29     571.205     1.6504     3.3507
166     17     16     738.395     1.82632     4.87281
167     44     21     179.915     2.76543     3.01775
168     8     32     854.855     4.88261     2.88438
169     27     18     27     4.45845     4.93408
170     15     31     746.85     2.51976     3.77422
171     15     19     820.035     4.895     3.35261
172     9     22     489.93     3.92779     3.95367
173     34     31     1016.77     4.08534     2.63672
174     22     23     795.67     4.94424     2.50778
175     23     15     953.495     3.78808     4.96483
176     9     31     939.495     4.80303     2.80671
177     19     25     980.86     2.60265     3.34819
178     40     22     343.195     4.06996     4.42915
179     15     20     433.2     3.74813     4.96109
180     47     31     350.195     4.76554     2.89911
181     39     34     572.205     4.03012     4.78301
182     21     15     407.835     2.17539     4.73449
183     38     19     905.765     2.49519     4.55443
184     22     29     743.395     3.34886     2.80847
185     8     24     760.76     4.27302     4.54352
186     47     29     946.13     2.28381     4.52345
187     30     24     981.405     2.10436     3.127
188     21     30     292.83     2.80036     2.7971
189     29     31     604.025     2.05982     4.18226
190     47     31     935.675     1.60105     4.86152
191     47     22     1061.14     2.44243     4.79247
192     31     32     428.29     1.51891     3.87417
193     33     22     1057.59     2.88015     3.26434
194     44     15     639.935     2.45322     3.34231
195     35     24     798.215     1.60543     4.95827
196     27     34     967.95     4.9922     4.35873
197     44     19     849.035     1.9216     3.43028
198     33     32     336.195     2.22388     3.15058
199     19     31     1043.59     3.35698     4.38818
200     11     26     586.025     1.73403     3.94147
201     47     19     768.395     2.00737     4.95811
202     23     20     786.215     4.29192     4.62424
203     8     26     18.455     3.56473     3.26518
204     16     19     225.1     2.2226     2.74804
205     11     18     753.305     3.53407     3.32606
206     46     23     871.945     4.4686     4.31692
207     42     34     658.845     4.63833     2.75368
208     20     28     82.73     4.337     2.90094
209     18     20     540.75     4.90921     3.27517
210     24     27     661.755     1.93548     4.06064
211     27     21     894.765     1.9671     4.06186
212     30     33     531.84     4.29534     2.58248
213     12     20     566.115     2.98814     2.87164
214     21     26     418.29     3.18169     2.52831
215     36     34     192.825     1.85751     2.50435
216     32     22     1004.32     4.09207     2.59667
217     42     21     815.67     4.01228     2.56928
218     14     24     24.455     4.94147     4.29624
219     46     31     945.13     4.47009     4.06507
220     11     27     941.495     4.9357     2.93245
221     21     23     658.755     3.04614     4.27229
222     29     31     572.66     1.6316     3.90629
223     41     35     124.64     4.25764     4.45883
224     16     23     423.745     4.18575     4.32562
225     46     23     767.395     1.91508     2.8972
226     34     18     661.3     3.28915     4.92882
227     23     24     409.835     4.40237     3.19483
228     16     24     810.58     2.79096     4.82154
229     31     15     72.82     2.6427     2.93619
230     39     22     540.84     4.50876     4.02501
231     24     20     557.205     3.25358     2.63848
232     36     23     987.405     2.22634     3.8377
233     8     33     70.73     4.38827     2.51877
234     36     21     673.755     2.37994     2.50923
235     23     20     535.295     1.7649     4.57442
236     44     15     775.85     4.93068     3.72631
237     42     24     752.94     3.88411     4.97497
238     27     32     204.735     3.92523     2.91185
239     26     22     820.58     3.93217     4.26824
240     11     23     356.015     4.24407     3.83641
241     46     29     673.3     2.87364     2.89712
242     12     17     576.57     2.03685     3.04155
243     37     17     591.115     3.23051     4.53001
244     33     34     963.495     2.34555     4.57671
245     13     22     640.3     1.54839     4.70313
246     9     35     479.475     3.91508     2.54761
247     8     28     541.205     4.05213     4.77584
248     39     24     467.655     3.69077     3.97801
249     33     22     513.93     2.48569     3.69823
250     42     29     606.57     3.50491     4.48294
251     11     18     460.565     4.64367     2.59102
252     37     28     873.4     4.94894     4.25565
253     26     30     475.565     4.08599     4.63828
254     8     15     164.825     2.9342     4.36598
255     39     15     593.115     4.54379     2.79221
256     14     22     860.855     2.4405     3.37199
257     25     28     453.655     4.51047     2.79138
258     37     19     800.215     2.45087     4.24368
259     23     27     357.56     1.52072     3.99014
260     18     34     342.105     3.0752     4.09909
261     31     33     794.215     2.11846     3.00127
262     26     25     716.03     4.3605     4.25367
263     42     25     512.475     2.50983     2.6516
264     9     35     374.925     3.78893     3.081
265     13     27     776.215     2.90547     3.74912
266     31     24     396.925     2.96368     4.18706
267     42     29     1045.68     3.05042     4.66292
268     22     15     398.38     2.48141     4.89639
269     37     25     915.22     3.43997     3.71624
270     37     19     246.1     2.49359     2.55066
271     8     15     457.565     1.72431     4.39131
272     32     30     209.735     1.95386     3.62079
273     31     33     783.76     1.8009     3.34674
274     14     25     902.675     3.55383     3.12975
275     28     16     895.765     4.09272     3.74813
276     17     23     822.035     3.34619     4.38963
277     20     29     940.04     1.51581     3.91003
278     18     33     49.365     3.55512     4.05019
279     16     17     894.22     2.13363     3.75141
280     27     29     225.645     3.07466     4.96025
281     13     29     201.19     4.99818     4.06308
282     19     31     562.66     4.15381     4.34133
283     29     27     875.855     2.67977     3.58776
284     13     22     337.105     3.76971     4.77447
285     36     18     1008.32     3.48398     3.91301
286     9     22     291.285     4.68853     2.99829
287     11     23     429.2     3.35569     4.67559
288     17     19     320.195     4.21288     4.02127
289     24     20     536.295     1.97063     4.07971
290     37     15     538.84     2.61803     3.0446
291     44     18     619.025     3.51549     4.72694
292     40     17     960.04     3.27451     2.69929
293     12     16     95.64     2.15371     4.75837
294     25     28     673.21     4.45898     3.09442
295     41     22     1023.77     4.68041     4.31036
296     12     25     660.21     3.85163     4.6791
297     40     26     405.925     2.86402     4.78172
298     46     22     1070.59     1.72271     3.91552
299     42     30     449.745     3.97586     3.41357
300     36     31     516.93     2.80474     4.26588
