1     31     32     295.86     4.50951     3.502
2     14     19     244.01     3.18137     3.3607
3     27     27     96.7     4.21267     4.27847
4     14     35     613.42     4.81521     4.23307
5     33     30     374.53     4.76757     3.45599
6     18     19     220.13     1.86969     4.48492
7     43     26     175.43     3.50993     2.69051
8     46     28     443.29     2.82803     2.66694
9     21     16     648.3     2.71021     4.62729
10     9     34     127.49     4.5988     3.69488
11     41     27     236.16     3.35206     3.73043
12     38     22     665.3     3.13854     3.58585
13     12     31     214.13     4.59955     4.92599
14     20     21     514.87     2.76373     4.50728
15     24     24     456.14     1.95129     2.55654
16     38     20     449.23     3.1474     2.63779
17     32     15     310.8     1.58289     4.6495
18     43     33     482.11     2.50534     3.8419
19     31     33     414.35     1.87503     4.99641
20     46     32     575.72     2.96924     4.65545
21     25     23     366.53     1.63117     3.04582
22     23     25     259.98     4.14666     3.5847
23     31     27     316.77     3.48195     4.10871
24     25     20     241.07     2.3699     2.71805
25     8     30     474.99     1.97607     4.87541
26     18     35     248.01     2.63074     4.64957
27     11     25     17.97     1.86061     4.24635
28     30     16     71.82     4.70434     4.71519
29     30     31     155.46     3.54721     4.47401
30     28     18     501.96     1.95866     3.54152
31     26     27     660.27     4.76661     2.61849
32     47     16     228.22     3.35366     4.90783
33     44     34     490.08     4.41017     4.81498
34     23     35     371.5     1.62615     3.91881
35     29     32     112.64     1.5596     3.35345
36     22     24     84.73     3.16311     2.99181
37     19     22     283.86     3.7037     4.07186
38     43     19     231.19     4.06195     3.15531
39     15     22     49.85     2.14196     4.06079
40     18     31     317.71     3.37898     3.16012
41     21     32     41.91     2.07733     4.68108
42     42     21     592.63     4.56473     3.90355
43     15     22     77.73     2.39489     4.8941
44     45     23     546.84     1.58663     3.16523
45     10     16     295.77     2.12893     4.90402
46     12     16     200.19     2.24055     3.15661
47     39     34     192.34     2.11696     2.6133
48     17     30     135.49     4.64783     3.3816
49     27     34     340.65     1.84181     2.88987
50     42     26     272.01     3.94125     3.811
51     16     28     517.84     1.96091     4.64759
52     21     19     376.47     4.638     3.3684
53     17     31     247.01     2.02286     3.23817
54     46     27     220.25     3.70049     3.72913
55     10     23     504.87     3.87193     3.15714
56     11     21     484.96     3.78413     3.43165
57     38     30     714.09     3.23959     3.56075
58     9     26     43.85     4.17272     4.80155
59     47     30     730.06     4.52435     4.0965
60     12     32     186.25     4.40194     3.68725
61     26     22     242.07     2.75764     3.54511
62     35     22     376.53     3.06954     4.50972
63     40     30     144.55     2.75935     3.77636
64     41     20     570.72     2.33358     3.12288
65     14     28     529.78     1.97853     4.01608
66     21     18     467.08     4.09795     4.9884
67     21     22     362.53     3.52318     2.9265
68     43     17     733.03     4.88517     3.661
69     43     34     210.28     3.37706     3.49879
70     41     30     717.09     3.39735     4.58831
71     16     34     204.19     4.30367     3.25816
72     19     31     660.24     3.26394     4.22109
73     42     19     641.42     3.93847     4.78126
74     15     18     133.49     3.97746     4.43823
75     34     24     500.99     2.56804     4.02646
76     26     16     318.74     4.51624     4.7821
77     45     31     79.85     2.59656     3.97641
78     9     20     364.47     2.15542     2.50793
79     35     21     202.28     3.20081     3.59294
80     33     34     33     3.96464     2.94504
81     11     23     645.27     4.1709     4.58502
82     39     18     45.97     1.9937     2.67052
83     46     20     352.68     4.94082     3.48819
84     16     24     190.25     3.1457     2.99577
85     15     32     684.12     2.30399     4.05797
86     19     22     123.55     1.73724     3.76499
87     33     32     674.24     4.31895     4.97429
88     42     15     202.31     3.24717     4.96689
89     33     29     67.85     4.39949     2.85897
90     21     25     676.18     4.75134     3.65833
91     16     33     232.07     3.09549     3.10686
92     47     33     381.56     2.04582     3.70067
93     27     23     668.24     4.05886     3.52695
94     47     29     346.71     2.45824     3.30866
95     26     35     200.25     1.69782     3.29852
96     23     29     120.58     4.8448     2.91162
97     28     31     369.53     2.51944     4.7383
98     17     27     37.91     2.77622     3.32736
99     25     25     505.93     3.15798     2.88049
100     21     20     704.06     3.91092     4.24856
101     31     26     456.17     2.09207     2.86973
102     44     16     301.89     2.55544     3.04147
103     46     33     59.94     3.04956     2.66556
104     33     16     562.72     3.41263     3.85754
105     12     24     576.57     3.09816     3.56075
106     26     21     262.98     2.01666     4.55672
107     42     33     648.39     3.92598     3.51054
108     27     15     277.92     2.35698     3.94414
109     12     15     242.01     4.30731     3.27586
110     43     21     70.88     1.68789     4.31913
111     45     34     156.52     1.75753     2.87835
112     22     26     384.44     2.02756     4.33599
113     8     26     516.81     3.37481     3.36756
114     9     22     245.98     2.84266     4.67841
115     8     17     363.47     3.86915     3.90126
116     9     20     594.48     2.92203     4.04538
117     42     24     460.2     4.27932     4.13816
118     20     28     319.71     4.43677     2.95007
119     46     31     366.62     4.87748     4.44273
120     46     34     87.82     1.68874     2.83151
121     26     15     26     3.76031     3.90294
122     22     21     224.13     3.54614     2.97784
123     22     22     482.02     4.62893     3.66031
124     31     35     525.87     2.0658     2.7633
125     33     17     541.81     2.25518     3.05231
126     47     24     500.05     2.80453     4.19637
127     42     28     104.73     1.63662     3.56784
128     35     30     271.98     4.81703     4.78172
129     8     34     238.01     4.33753     3.11434
130     9     19     120.52     3.84074     3.19346
131     19     24     137.49     4.01859     3.09824
132     28     16     55.88     4.67016     2.76215
133     8     18     140.43     1.65371     3.31736
134     12     31     423.23     4.21619     2.77291
135     17     34     191.25     1.93442     4.66598
136     11     35     477.99     4.75465     2.57729
137     43     15     726.06     4.86125     4.65232
138     33     29     409.38     4.86221     3.51672
139     46     27     603.6     3.0235     3.22901
140     9     16     531.75     3.03856     3.65925
141     25     15     422.29     2.06558     3.93536
142     18     27     136.49     3.51794     2.84776
143     27     25     682.18     4.84202     2.85234
144     24     29     114.61     3.2664     3.06215
145     35     20     683.21     4.75817     2.87034
146     32     21     708.09     2.16781     4.0923
147     16     19     246.01     2.30058     3.26945
148     39     30     499.02     4.8966     4.52498
149     26     30     569.66     2.75336     4.6115
150     19     16     423.26     3.97853     3.04224
151     32     21     624.45     2.10222     3.94551
152     24     15     379.47     3.53877     2.53334
153     23     34     671.21     3.12668     2.82533
154     20     30     26.97     3.23713     4.51804
155     33     32     249.07     2.17913     3.13959
156     44     25     538.87     1.89148     3.88287
157     44     21     469.17     2.65157     3.25404
158     21     23     237.07     3.28808     3.93063
159     31     28     504.96     2.63031     4.46715
160     43     19     447.26     3.17977     4.24093
161     25     17     338.65     2.23734     2.77718
162     30     19     322.74     2.97127     3.84465
163     17     21     686.12     2.65969     3.46263
164     40     26     451.23     4.5925     4.70969
165     47     32     674.3     3.86648     3.47453
166     33     29     590.6     4.05896     3.04033
167     25     15     59.85     4.51292     4.1419
168     27     34     507.93     4.71982     3.38816
169     15     15     363.5     4.03236     4.18882
170     14     20     223.1     4.69355     3.07627
171     32     34     185.34     3.41519     3.06482
172     29     33     454.17     3.99071     4.43526
173     34     20     201.28     4.67635     4.58762
174     47     26     486.11     3.32504     4.85199
175     14     20     453.11     2.00865     3.39763
176     15     29     426.23     1.61066     4.63149
177     34     33     598.57     3.12572     4.22636
178     12     15     520.81     2.64869     2.67006
179     29     18     210.22     3.79011     3.97565
180     33     28     179.37     2.99915     4.9424
181     39     19     380.53     3.03108     4.11077
182     30     33     106.67     3.0423     3.29928
183     38     23     281.95     3.04817     3.36535
184     22     21     691.12     2.72655     4.58029
185     10     31     497.9     4.30357     3.25907
186     47     33     409.44     3.00374     2.53639
187     34     19     124.61     2.801     3.92758
188     13     33     305.74     2.45257     2.56714
189     12     31     499.9     3.55277     2.7649
190     32     27     519.9     3.08866     4.26916
191     9     24     99.61     4.73382     3.37916
192     17     17     574.6     4.36306     4.29724
193     38     26     309.83     1.52371     4.85954
194     8     33     105.58     2.84747     4.53856
195     37     22     301.86     2.63608     3.85632
196     17     25     665.21     4.60778     3.09893
197     42     30     404.44     3.53514     4.47417
198     27     17     194.28     4.76362     3.10144
199     38     33     435.29     3.83978     3.47636
200     8     30     133.46     4.23777     4.29807
201     32     21     652.33     2.41604     3.30294
202     40     32     53.94     4.19045     4.99313
203     15     19     579.57     1.65584     2.90063
204     13     34     340.59     2.64313     4.27984
205     33     32     555.75     3.44403     3.86532
206     32     17     659.3     3.78893     4.58937
207     15     27     307.74     3.81243     4.39718
208     27     23     236.1     4.99028     4.55168
209     46     16     136.61     3.7821     3.56822
210     45     35     93.79     3.46507     4.66964
211     31     35     693.15     4.89222     3.40259
212     41     22     647.39     1.65926     3.30538
213     32     28     694.15     3.4169     3.76881
214     47     34     263.07     4.30784     2.97899
215     34     29     549.78     4.26971     2.58507
216     17     28     546.72     3.68201     4.48004
217     33     20     346.65     2.09539     3.83694
218     23     15     399.38     2.02585     3.79101
219     39     26     457.2     3.04913     3.40701
220     28     30     453.17     4.6787     4.32417
221     9     35     441.14     3.26319     2.71775
222     39     18     387.5     4.88582     4.46989
223     24     19     24     4.5015     2.68685
224     43     33     649.39     2.2962     2.95824
225     41     15     75.85     4.00139     2.99409
226     32     30     394.44     2.64901     4.53314
227     45     34     323.8     4.00256     4.16219
228     16     35     99.64     2.14538     3.43768
229     18     16     38.91     2.46422     4.94888
230     18     19     645.3     2.00983     4.71427
231     40     29     604.57     3.46966     2.55203
232     42     16     613.54     4.2382     3.31469
233     22     21     488.99     1.81713     3.12769
234     14     35     20.97     2.53258     3.52496
235     10     24     163.34     4.80015     2.6194
236     43     34     503.02     3.42544     3.70098
237     28     20     718.03     3.67336     2.90147
238     30     33     622.45     4.08919     3.81779
239     12     17     179.28     3.30784     3.23366
240     44     31     253.1     3.83465     3.33056
241     23     18     685.15     1.53204     4.52879
242     10     15     226.07     3.79673     4.34866
243     46     29     715.12     2.1615     3.93307
244     29     33     579.63     1.80688     2.62185
245     47     18     451.26     2.21555     4.71847
246     44     32     413.41     3.45471     3.83923
247     18     19     387.41     2.32151     3.98755
248     9     22     197.19     3.83476     2.74041
249     37     22     85.79     1.80688     3.1917
250     36     29     36     2.98302     2.53952
251     25     25     387.44     2.97821     3.96077
252     8     35     600.45     2.49957     4.66147
253     43     24     419.38     3.58769     4.24551
254     20     15     563.66     4.35922     3.79048
255     28     23     711.06     1.98825     4.77294
256     11     25     247.98     4.90931     3.23199
257     33     30     506.96     4.4749     3.31385
258     28     29     271.95     1.55554     3.08603
259     43     34     663.33     3.3135     4.26313
260     35     28     104.7     1.63523     3.73386
261     15     34     440.17     2.45866     3.53153
262     30     20     608.51     1.97725     4.63637
263     16     26     134.49     3.45727     3.75187
264     16     27     448.14     2.15061     3.44584
265     16     28     64.79     4.04038     4.79575
266     18     35     603.48     2.3997     2.92962
267     27     33     277.92     2.40269     4.60387
268     45     27     45     3.76746     3.20643
269     13     28     277.86     3.66919     2.82876
270     9     23     538.72     3.40568     4.2951
271     46     24     624.51     4.04967     4.78996
272     18     21     18     2.5736     3.97603
273     13     24     305.74     1.6802     3.24091
274     13     26     479.99     2.82311     3.465
275     42     24     146.55     2.65275     2.95
276     39     29     234.16     4.37161     3.39961
277     43     29     489.08     4.73189     3.09236
278     23     32     176.34     3.16268     2.63779
279     32     25     289.89     4.2586     4.95552
280     39     27     122.64     4.11461     4.86946
281     39     28     624.48     1.7429     4.95628
282     38     17     553.78     1.55501     3.03995
283     8     35     663.18     2.64292     2.97159
284     17     27     407.32     3.84501     4.08696
285     18     15     366.5     2.83091     3.48071
286     38     24     281.95     4.18863     3.98885
287     20     18     145.46     4.24888     4.52017
288     47     18     346.71     2.6316     3.12609
289     45     25     463.2     4.74899     4.45158
290     37     28     37     2.24674     4.45532
291     21     32     501.93     4.1238     4.0418
292     35     21     216.22     4.00705     4.49522
293     26     18     695.12     1.82301     3.8551
294     15     26     363.5     3.84576     4.62577
295     44     31     169.46     3.8573     4.45868
296     20     25     187.28     2.40504     2.69944
297     24     28     44.91     3.8903     4.43999
298     18     23     680.15     2.97148     4.96513
299     17     33     539.75     1.51816     3.73684
300     28     28     132.55     4.5987     3.30401
