1     11     3     293.72     3.77067     3.05567
2     37     8     63.04     3.84587     4.49011
3     39     4     79.92     2.24845     3.49933
4     9     6     49.92     1.78744     3.64589
5     24     7     273.24     2.78829     2.81701
6     8     7     52.64     4.04422     4.00075
7     13     3     280.84     4.5659     4.34736
8     11     1     223.04     3.61653     2.90735
9     12     15     264.96     1.76511     3.6877
10     26     9     178.52     3.94211     4.41534
11     14     13     95.84     2.73307     2.64924
12     24     9     109.56     2.39383     4.63271
13     32     9     337.04     2.32119     3.52412
14     21     9     132.6     3.96529     4.89975
15     36     15     173.64     1.91487     3.66604
16     19     13     175.24     2.14388     2.77528
17     30     10     268.08     3.65007     2.88255
18     41     13     245.6     3.9718     3.33583
19     39     15     128.28     3.31788     3.64025
20     11     8     66.8     4.79321     3.28616
21     46     8     135.28     2.95589     4.08216
22     16     3     272.68     3.69024     2.88377
23     34     10     208.84     4.62818     3.85815
24     27     6     395.28     3.60639     3.1753
25     17     9     247.64     2.89116     2.76719
26     18     12     163.08     3.15638     3.54472
27     28     10     117.28     3.94884     4.71274
28     10     14     43.48     4.62497     4.57526
29     8     12     167.96     4.99402     4.46982
30     25     9     95.68     3.15157     3.7228
31     46     15     94.36     3.73766     4.76569
32     42     9     116.4     2.60414     3.80276
33     12     13     186.84     3.12593     3.67199
34     45     13     193.8     2.13939     4.28823
35     11     5     237.92     4.24418     4.81017
36     21     4     95.4     2.45065     2.92184
37     31     9     324.88     4.9091     2.86866
38     8     8     167.96     3.7038     2.63939
39     42     13     354.48     3.94755     4.4335
40     34     9     365.08     2.15979     3.80612
41     9     12     35.04     4.16385     4.13015
42     42     1     402.84     2.98611     4.26565
43     29     9     263.36     3.4938     3.57921
44     19     2     134.32     3.75358     4.70122
45     43     6     381.52     2.3464     3.16385
46     12     12     127.32     4.62305     4.30952
47     20     3     299     2.63352     4.10985
48     9     9     61.08     3.21747     4.28724
49     30     7     59.76     1.98622     3.37802
50     32     1     281.24     2.18361     4.12946
51     18     11     129.6     4.15937     3.86952
52     37     10     193.24     4.9388     3.24145
53     36     14     400.56     3.62337     4.94331
54     31     11     42.16     3.10735     2.86218
55     21     3     233.04     3.84341     3.2461
56     40     1     185.08     4.64335     3.30081
57     20     6     287.84     2.74632     3.8554
58     9     4     94.56     4.6411     3.98534
59     25     7     304     4.87471     4.23406
60     35     15     261.92     3.83337     3.82412
61     17     12     132.32     4.22912     3.49803
62     23     9     350.36     4.77686     4.37963
63     37     6     40.72     4.29684     4.4966
64     39     11     344.04     3.22517     3.35482
65     27     1     138.6     1.76907     3.70487
66     27     13     45.6     2.68938     3.39183
67     27     10     298.56     3.94531     3.92865
68     21     4     102.84     3.18618     3.68351
69     11     11     252.8     2.8245     4.82238
70     29     10     136.88     2.67336     4.39703
71     36     11     322.44     3.88517     3.71891
72     22     11     260.08     4.17293     3.91034
73     19     9     290.56     4.55159     4.27229
74     31     14     71.92     4.08139     3.86097
75     9     15     239.64     2.84843     2.91253
76     18     9     18     3.66813     4.50735
77     27     4     265.08     4.74258     3.11373
78     9     6     191.28     1.76063     2.90277
79     10     15     39.76     2.17176     4.97375
80     12     3     131.04     3.61835     3.8815
81     35     7     366.08     2.26255     2.60651
82     36     1     54.6     3.99167     3.85754
83     41     13     171.2     2.7336     4.34797
84     36     10     329.88     3.87161     4.93645
85     14     11     36.32     4.48793     3.27265
86     18     2     297     4.92448     4.33851
87     22     4     386.56     1.89201     3.02469
88     10     4     240.64     2.61483     4.13564
89     13     3     280.84     3.24279     3.95978
90     44     13     140.72     2.51688     3.79978
91     27     15     220.44     4.42203     4.60013
92     17     10     139.76     3.81137     3.06452
93     15     2     323.76     3.23734     3.40274
94     34     3     37.72     2.47201     2.59873
95     9     7     68.52     1.95289     3.33895
96     17     3     247.64     3.63822     4.99321
97     15     15     100.56     1.50481     4.28716
98     13     6     269.68     4.6755     3.55876
99     25     14     326.32     4.90643     3.23763
100     10     12     65.8     4.92373     3.93864
101     45     7     376.08     1.83924     4.81079
102     39     8     46.44     3.63288     3.53137
103     19     14     294.28     4.43345     4.58647
104     15     3     379.56     3.58545     3.72768
105     18     14     293.28     4.73318     2.74697
106     8     14     294.44     2.90761     4.95903
107     17     4     143.48     4.35195     3.03209
108     39     5     39     3.06697     4.55901
109     31     10     302.56     4.31425     4.50667
110     10     8     99.28     1.55811     4.93728
111     20     13     179.96     4.08438     3.64032
112     36     15     47.16     4.27601     4.56587
113     14     9     218.6     2.78391     4.2008
114     45     9     327.72     1.57562     4.27786
115     29     2     43.88     2.59528     4.95827
116     8     14     249.8     2.52126     3.87875
117     38     4     231.44     3.8543     2.70325
118     35     9     131.72     4.82119     4.07048
119     28     10     221.44     2.32856     3.07688
120     42     12     343.32     1.95076     3.68748
121     10     8     303.88     2.68543     4.21308
122     28     1     31.72     2.96347     4.74593
123     43     2     106.24     2.64527     3.19384
124     44     13     118.4     1.98857     2.80427
125     10     4     374.56     3.82365     2.81686
126     25     11     214.72     2.41668     2.63802
127     42     5     49.44     3.76063     3.67557
128     15     13     171.24     4.77291     4.22559
129     40     2     263.2     4.1379     4.05156
130     28     8     94.96     3.77729     4.04683
131     20     7     302.72     3.68223     2.61994
132     44     13     215.12     1.59293     4.19507
133     19     3     268.24     3.75828     3.96672
134     14     5     17.72     2.2617     4.30036
135     40     13     80.92     2.14698     4.41893
136     20     8     165.08     4.82717     3.76606
137     30     4     245.76     3.01303     3.18712
138     15     3     294     2.14452     4.31761
139     31     4     131.44     4.55886     3.82069
140     32     5     363.08     2.88005     2.86378
141     9     11     295.44     2.86616     3.47522
142     32     5     162.2     3.19504     4.67086
143     28     8     388.84     4.92608     4.9926
144     9     8     347.52     2.62017     4.34828
145     37     14     252.76     1.85473     4.29365
146     35     5     217.28     4.61525     4.64812
147     46     12     135.28     3.79908     3.08321
148     8     13     223.76     1.81745     3.07619
149     43     10     43     3.52702     4.36781
150     40     12     274.36     1.97714     3.81588
151     39     1     213.84     1.70786     3.28539
152     14     10     170.24     3.58065     4.96437
153     29     8     47.6     2.87887     3.24824
154     25     10     367.24     1.66065     3.58142
155     47     2     166.04     3.09934     4.89807
156     36     15     50.88     2.79481     3.55113
157     43     13     407.56     4.29246     2.87317
158     14     4     32.6     3.79064     3.7553
159     8     6     71.24     2.77473     2.88919
160     43     4     325.72     4.05907     4.05988
161     29     14     200.12     4.47287     4.13106
162     33     14     274.8     2.67454     4.11389
163     35     8     328.88     3.8276     4.45845
164     44     6     84.92     4.62358     4.96071
165     39     10     184.08     3.38603     3.42303
166     34     3     190.24     4.73991     3.46179
167     9     13     280.56     4.08065     3.09908
168     47     2     177.2     1.8276     4.53337
169     47     12     329.72     4.69611     4.22552
170     19     6     182.68     4.47191     3.69465
171     26     5     197.12     3.52371     2.66106
172     23     6     283.4     4.03685     4.92981
173     40     14     374.8     2.20305     3.65238
174     28     8     288.4     2.35099     3.8612
175     8     3     11.72     4.75134     3.91331
176     20     10     272.96     3.08065     3.73638
177     17     15     95.12     4.78007     4.01799
178     46     6     101.8     1.79011     4.22628
179     28     9     202.84     2.89959     3.60584
180     46     7     139     2.68992     3.03674
181     45     8     271.92     1.81083     4.39917
182     11     15     37.04     2.57221     2.83265
183     46     7     228.28     3.58449     3.53298
184     40     3     140.44     4.93431     3.47392
185     12     9     34.32     2.12775     4.69802
186     19     11     145.48     4.78819     4.56435
187     24     4     83.52     2.33882     4.5954
188     33     7     330.6     3.65969     3.31301
189     16     12     332.2     2.94862     4.7045
190     24     8     38.88     2.27355     2.70829
191     35     14     150.32     2.54988     3.36268
192     27     2     317.16     2.42619     2.50381
193     24     1     221.16     4.31446     3.15836
194     42     3     343.32     4.047     3.01759
195     40     7     58.6     1.89692     3.63582
196     16     3     216.88     4.4452     4.24314
197     23     5     112.28     2.52713     4.31257
198     27     3     201.84     3.24685     2.77337
199     15     9     320.04     3.28893     3.00981
200     31     5     395.56     2.51666     4.03722
201     37     15     219.28     4.58705     4.49492
202     19     10     201.28     2.06932     4.84787
203     18     2     367.68     4.80154     4.43625
204     10     2     363.4     3.96721     3.76453
205     27     12     317.16     4.12967     3.67092
206     28     11     109.84     1.70573     4.26634
207     26     4     141.32     3.61493     2.7852
208     19     4     130.6     3.08705     3.23817
209     35     6     291.68     2.86413     4.50652
210     46     7     250.6     2.77996     4.77012
211     39     7     117.12     3.45161     3.90873
212     33     2     114.84     2.56815     4.26817
213     28     13     284.68     4.01057     3.93002
214     19     10     324.04     2.28594     2.87858
215     19     8     182.68     4.51325     3.70258
216     30     13     82.08     3.44114     4.72411
217     9     14     16.44     2.23681     4.69527
218     34     15     346.48     4.52553     4.45235
219     23     13     342.92     3.9185     4.66887
220     19     3     104.56     2.01282     2.59766
221     10     12     84.4     1.59667     4.44349
222     47     1     400.4     4.04508     3.75492
223     19     3     361.24     3.14078     4.97879
224     17     15     24.44     4.30432     2.56531
225     8     8     231.2     1.96731     4.76638
226     41     2     260.48     3.57424     2.51587
227     17     1     128.6     4.94531     2.53494
228     17     3     162.08     1.98761     2.55028
229     12     3     142.2     2.98654     2.76803
230     33     3     319.44     3.96229     3.99304
231     34     13     78.64     3.32664     4.03394
232     44     3     311.84     4.32397     2.7855
233     32     6     35.72     4.49039     2.6281
234     33     11     70.2     4.61653     4.53505
235     23     1     391.28     4.9467     4.02875
236     43     11     292.24     3.60062     4.87609
237     20     14     235.76     3.45054     4.66376
238     9     9     362.4     3.93901     2.64382
239     8     7     153.08     1.57157     3.99121
240     39     13     329.16     3.56911     3.36131
241     9     9     373.56     4.91209     4.39207
242     43     12     329.44     3.26447     3.03728
243     39     9     109.68     2.00972     3.87486
244     33     3     338.04     2.38208     4.77813
245     32     10     188.24     4.93078     4.09337
246     47     1     370.64     3.79812     3.21146
247     13     1     355.24     4.5486     3.67687
248     9     1     310.32     3.53108     4.22262
249     42     6     235.44     1.51057     4.37277
250     31     2     376.96     3.55234     2.5032
251     34     10     231.16     4.39297     2.50114
252     26     9     260.36     2.28402     4.41298
253     33     3     88.8     2.04144     3.22314
254     35     11     46.16     4.78487     3.65291
255     24     8     239.76     4.60201     2.62032
256     12     11     108.72     3.62284     4.75219
257     29     4     73.64     2.73627     2.58774
258     20     5     325.04     3.93602     4.36659
259     24     1     254.64     2.52692     3.5387
260     47     6     188.36     1.68041     2.89003
261     47     4     299.96     3.06879     4.92241
262     36     4     47.16     2.56601     3.8786
263     10     9     184.84     4.24845     3.55419
264     14     7     274.4     4.67902     3.7862
265     32     8     374.24     2.71085     4.75806
266     20     11     161.36     4.2931     4.51415
267     25     12     103.12     4.0141     3.82153
268     8     12     22.88     3.86702     3.77201
269     17     5     273.68     1.97031     2.76345
270     44     14     148.16     4.73029     3.25175
271     20     2     235.76     2.17614     4.91409
272     24     11     180.24     1.95642     4.61379
273     12     10     160.8     2.22826     4.80758
274     45     6     74.76     2.42341     3.28585
275     20     11     64.64     2.1286     3.38687
276     45     9     249.6     3.06131     2.57454
277     17     7     348.08     2.87609     3.52184
278     9     14     239.64     2.78829     3.08908
279     43     13     277.36     3.74546     3.3388
280     42     2     306.12     2.63384     4.97734
281     41     2     104.24     1.75401     4.86328
282     24     11     27.72     4.5486     2.97487
283     18     7     96.12     3.81692     2.9751
284     30     9     56.04     1.90291     4.26664
285     29     3     36.44     2.58769     4.67627
286     44     15     118.4     3.67272     4.16013
287     26     3     394.28     3.48836     3.67023
288     27     4     146.04     4.81147     4.57213
289     39     14     269.64     4.92598     2.75544
290     45     13     398.4     4.3119     2.82739
291     36     4     281.52     1.69675     4.02982
292     27     11     324.6     4.45343     3.27013
293     30     3     294.12     4.57851     4.40832
294     20     8     150.2     1.73756     4.18775
295     32     14     322.16     2.60895     3.95344
296     37     2     401.56     4.51175     2.54685
297     29     14     95.96     4.55341     4.51743
298     43     12     46.72     3.77879     4.04279
299     32     4     80.36     2.05832     3.69739
300     27     1     45.6     2.19579     3.46034
