1     25     5     360.8     3.31532     4.85656
2     11     13     277.45     1.84832     2.54135
3     41     13     139.55     4.14975     3.99236
4     18     14     350.15     3.33283     4.07529
5     40     11     364.85     2.6427     4.63622
6     16     5     162     1.88122     3.90408
7     28     10     217.8     2.02094     4.41511
8     46     1     67.9     2.74482     3.5976
9     16     4     348.15     4.39532     4.9089
10     18     10     25.3     3.0659     3.6642
11     44     5     164.45     4.32194     2.94916
12     12     9     63.1     2.28242     3.75546
13     18     8     76.4     2.04988     4.73083
14     26     11     186.6     4.21982     3.18392
15     18     12     295.4     4.95695     2.7353
16     37     4     274.25     3.87011     4.25321
17     39     11     261.65     3.17229     2.96762
18     26     10     230.4     4.35868     3.40052
19     16     3     311.65     3.38763     2.50473
20     34     6     63.2     4.59912     2.65168
21     16     7     202.15     1.85463     4.85725
22     42     6     220.85     3.13395     3.8889
23     47     11     130.95     1.57092     3.14249
24     19     13     55.5     4.16535     3.43059
25     46     8     257.7     3.65296     3.57189
26     11     1     167.95     4.77045     4.42419
27     31     1     173.35     4.3965     4.24902
28     35     15     385.4     1.80667     4.55115
29     18     3     324.6     1.52457     4.28121
30     39     13     382.1     4.50342     4.04431
31     41     6     187     2.62369     3.2033
32     8     13     117.5     3.74076     4.01845
33     29     6     317.35     4.26586     3.21406
34     21     15     75.75     3.01666     2.61231
35     31     2     344.9     4.82002     4.22498
36     14     3     298.7     2.60169     3.94414
37     8     11     117.5     1.94926     4.22163
38     8     5     259.85     3.37983     4.87899
39     17     6     338.2     2.79759     4.93728
40     28     14     349.2     2.37844     4.60875
41     12     3     293.05     4.86157     2.83944
42     40     12     280.9     4.48526     4.54512
43     8     12     139.4     3.55159     2.92894
44     12     8     238.3     4.85206     3.5242
45     18     4     193.2     1.94018     2.85043
46     46     3     290.55     4.98665     3.32446
47     47     2     247.75     1.69707     4.81727
48     23     9     315     3.03258     4.4966
49     10     11     323.9     3.21224     2.84677
50     27     1     256.95     3.73553     2.50587
51     44     12     190     4.40675     2.81014
52     37     6     248.7     2.59752     4.18806
53     15     9     66.1     1.73051     2.79282
54     25     4     105.3     3.71929     4.5159
55     34     3     315.05     3.84843     3.76911
56     16     1     253.25     4.82888     3.68
57     9     12     100.25     2.01218     3.08763
58     8     1     303.65     1.99861     4.48111
59     26     5     270.55     2.12241     3.27113
60     33     6     47.6     3.5502     2.53517
61     32     10     356.85     2.97554     3.62712
62     32     15     287.5     4.14505     4.29113
63     11     2     175.25     4.69964     4.67185
64     16     5     191.2     3.06494     2.86035
65     31     7     140.5     1.87759     2.86683
66     21     9     334.9     3.67806     4.16036
67     33     4     266.6     3.35794     3.16744
68     31     14     82.1     4.59357     3.36871
69     13     6     246.6     1.75198     4.38452
70     13     10     16.65     3.5031     4.19126
71     43     8     251.05     4.6207     4.85771
72     15     10     259.55     3.21064     3.44218
73     13     14     261.2     4.8464     3.44234
74     35     7     374.45     2.34864     3.43631
75     42     15     140.55     2.19387     3.3079
76     17     2     133.8     2.28306     4.69443
77     38     1     74.5     2.55907     3.54953
78     14     11     295.05     2.20434     3.96069
79     32     15     72.15     1.90355     3.61187
80     21     9     167     3.40728     2.53288
81     18     9     142.1     3.87823     3.02507
82     17     5     75.4     1.75753     4.90486
83     37     3     248.7     4.63341     3.95421
84     21     14     145.1     3.3464     2.72149
85     26     2     321.65     4.31756     4.05995
86     28     9     341.9     3.83177     4.04675
87     26     8     62.5     3.26202     4.67284
88     17     6     144.75     4.96828     2.94313
89     24     7     352.5     3.85495     4.27946
90     17     3     53.5     1.82344     4.36483
91     41     14     124.95     4.10105     4.82147
92     20     1     191.55     3.68265     4.36224
93     19     15     376.7     3.86979     3.3063
94     23     5     285.8     4.64014     3.09992
95     35     12     235.75     2.83166     3.73203
96     13     4     199.15     1.87877     3.18682
97     37     7     113.65     4.08022     4.32272
98     33     11     332.3     2.13704     3.31835
99     32     6     163.4     2.44317     2.57752
100     14     6     160     2.36296     4.73182
101     47     2     287.9     2.98056     3.13265
102     47     10     258.7     4.05586     2.97388
103     17     14     177.6     3.16994     3.43417
104     23     6     172.65     1.79598     4.98085
105     42     14     264.65     1.77932     4.72518
106     42     5     385.1     1.96101     3.97069
107     32     8     174.35     2.92854     3.34391
108     42     10     253.7     1.63042     4.64888
109     23     6     355.15     4.83636     4.83596
110     44     12     387.1     4.67774     3.72539
111     38     1     216.85     4.75625     3.37703
112     8     6     179.55     1.54881     3.24511
113     47     13     83.5     2.59987     4.01044
114     20     11     111.25     3.72965     4.23009
115     26     4     325.3     3.24728     2.69478
116     34     14     249.35     3.40013     3.13494
117     19     6     81.05     3.54508     4.16616
118     13     15     166.3     1.77601     3.61431
119     24     5     45.9     2.49167     2.61155
120     8     11     106.55     4.63822     3.60294
121     20     13     228.05     3.11077     2.65519
122     39     8     57.25     2.54935     2.70798
123     14     8     116.2     2.51164     3.1576
124     20     12     114.9     2.25871     4.91485
125     35     1     286.85     1.63715     3.82672
126     11     7     313.95     4.2931     4.10375
127     16     7     344.5     3.19964     4.64171
128     39     7     177.7     3.73681     4.88052
129     16     12     191.2     4.80346     3.08931
130     27     5     165.7     3.69846     3.71906
131     28     10     93.7     4.75571     4.21308
132     9     14     206.1     2.96475     2.91627
133     38     5     235.1     3.06462     3.47392
134     46     1     367.2     3.34288     4.85969
135     45     9     274.95     4.62497     4.92462
136     12     7     220.05     1.68917     4.10741
137     13     2     261.2     3.59047     4.69581
138     15     4     77.05     1.62679     4.78103
139     28     11     68.15     4.93527     4.79484
140     33     15     58.55     2.94894     3.27036
141     13     11     330.55     2.70135     4.71732
142     38     14     370.15     3.71149     3.75141
143     17     7     31.6     2.43442     3.37062
144     8     6     106.55     4.51207     4.01601
145     9     15     260.85     3.80699     3.81046
146     44     2     95.1     4.45653     4.11451
147     37     1     37     2.92822     3.28967
148     11     1     321.25     2.81361     2.81114
149     32     6     229.1     3.84309     3.61942
150     11     7     73.05     2.85687     4.35148
151     10     5     291.05     4.21705     4.34309
152     35     5     140.85     3.89351     3.04201
153     45     13     344.3     4.20957     3.72272
154     26     15     109.95     2.4812     3.14364
155     16     4     48.85     3.53429     2.53761
156     17     7     276.15     2.83305     4.0759
157     31     11     31     4.20743     3.19605
158     28     14     163.05     4.90878     3.43516
159     25     5     386.35     4.98323     4.1586
160     45     3     249.4     1.69376     2.82426
161     25     5     368.1     4.97682     4.67475
162     41     1     267.3     3.16684     3.99541
163     29     12     182.3     2.4749     4.83184
164     41     12     146.85     2.95354     2.80496
165     42     14     78.5     2.93388     3.41609
166     34     4     267.6     3.16866     3.48132
167     30     12     121.25     4.66546     3.58669
168     22     3     76.75     2.9451     3.20467
169     12     7     220.05     4.20925     3.86204
170     33     15     350.55     3.15082     4.50011
171     44     2     405.35     3.89361     4.41839
172     44     5     317.75     2.79299     2.94176
173     9     15     231.65     4.08406     3.70151
174     14     2     145.4     4.61034     2.67151
175     33     7     47.6     4.61824     2.85028
176     29     14     98.35     1.85142     4.72839
177     32     12     356.85     4.92907     2.93306
178     9     2     184.2     2.24258     3.19086
179     13     4     71.4     2.85569     4.99672
180     10     11     360.4     1.64142     4.13297
181     35     7     381.75     2.641     2.92741
182     21     1     243.65     1.87887     4.8909
183     17     2     250.6     4.11771     4.12526
184     36     13     83.45     2.78861     3.6433
185     27     7     59.85     4.58075     2.98967
186     11     10     94.95     3.42363     4.30441
187     39     5     206.9     2.84832     4.71931
188     19     12     194.2     1.96048     4.22834
189     17     1     93.65     2.01004     4.42213
190     42     13     385.1     4.79182     4.72724
191     40     1     248.05     3.862     4.0405
192     41     13     168.75     2.80432     4.401
193     14     9     368.05     2.03001     4.58663
194     29     13     58.2     2.34683     2.78008
195     44     13     222.85     1.7805     3.6916
196     47     4     171.1     2.384     4.2806
197     27     13     110.95     3.51805     3.46698
198     12     14     63.1     1.83807     4.97169
199     12     2     373.35     2.47116     3.67832
200     13     13     345.15     2.11824     4.65567
201     17     12     192.2     4.56526     2.73171
202     8     7     22.6     4.83775     4.26069
203     26     6     26     2.48334     3.97244
204     13     14     356.1     4.71758     3.54587
205     25     15     327.95     2.91401     4.79644
206     34     8     209.2     2.17881     4.11863
207     38     10     59.9     3.48708     3.57395
208     8     10     29.9     4.12188     2.76498
209     44     4     160.8     3.39596     4.3862
210     19     4     248.95     2.39276     2.59201
211     34     1     74.15     2.20946     4.57373
212     14     1     57.8     3.43826     4.48325
213     42     2     206.25     4.36883     2.59812
214     37     5     336.3     4.14687     3.8654
215     14     14     21.3     4.87342     3.71578
216     41     5     285.55     4.87844     2.78954
217     14     1     21.3     1.65403     3.46408
218     40     9     310.1     3.68116     4.82315
219     19     7     106.6     3.13363     3.96023
220     42     8     228.15     3.19568     2.75475
221     8     6     139.4     2.97479     3.01279
222     37     2     193.95     2.24685     4.11252
223     11     6     142.4     2.5157     3.54534
224     10     10     207.1     3.62326     4.49332
225     33     14     189.95     3.89308     3.33277
226     21     12     378.7     3.04337     3.70594
227     39     10     367.5     1.85238     2.5502
228     41     2     41     4.81094     4.7261
229     33     8     208.2     2.24674     4.13442
230     18     14     109.25     4.65574     2.96358
231     47     5     353.6     4.22175     4.4573
232     41     4     219.85     2.7633     3.343
233     27     1     319     2.08834     4.31272
234     27     2     154.75     4.9922     2.6957
235     44     4     248.4     3.38421     2.71477
236     27     10     246     1.77697     4.96551
237     22     3     339.55     3.62113     3.50978
238     19     2     179.6     1.72164     4.22544
239     8     11     358.4     1.72057     4.79942
240     47     14     156.5     4.37791     3.00874
241     21     3     309.35     3.63736     3.6774
242     34     1     289.5     3.21181     3.4508
243     27     1     56.2     3.6693     3.77842
244     31     7     78.45     4.75892     3.74462
245     15     10     310.65     2.95589     3.13921
246     18     12     65.45     4.46539     4.90791
247     47     6     236.8     2.16375     4.87266
248     12     13     227.35     3.21747     2.8637
249     46     15     75.2     3.35932     3.15355
250     26     5     215.8     1.55864     3.3327
251     36     10     189.3     3.56996     4.51849
252     30     1     197.9     3.09325     4.53825
253     12     2     314.95     4.53151     4.47592
254     21     13     225.4     2.57872     2.72393
255     12     13     12     3.62412     4.43091
256     39     6     301.8     4.20508     2.98418
257     24     4     305.05     4.4953     3.92109
258     19     7     121.2     3.56099     2.90582
259     15     10     120.85     1.87011     3.16553
260     40     3     383.1     3.28883     4.02417
261     20     5     74.75     3.54978     3.42616
262     45     15     198.3     2.92619     3.58989
263     39     8     68.2     2.09677     2.68136
264     18     10     138.45     4.93516     4.1496
265     9     3     60.1     4.70818     4.11275
266     44     3     398.05     1.91882     3.43799
267     44     6     252.05     2.2758     4.90341
268     37     12     157.45     4.52628     4.58342
269     16     8     315.3     3.6348     2.84951
270     10     7     229     1.54369     4.12481
271     23     5     99.65     1.99872     3.28448
272     35     9     305.1     2.67421     2.84242
273     42     9     282.9     3.08289     3.81466
274     14     9     207.45     3.00417     4.40008
275     34     7     77.8     2.91487     4.36872
276     45     12     231.15     2.15777     4.30006
277     40     9     87.45     2.83219     2.5586
278     35     8     71.5     4.63918     4.15113
279     13     10     162.65     2.16845     4.35347
280     11     5     43.85     4.86061     3.74844
281     19     12     19     3.62615     2.56607
282     10     6     24.6     2.36071     3.46583
283     26     10     186.6     3.33679     3.15165
284     31     10     118.6     1.70786     4.46135
285     20     2     282.8     4.1097     4.31921
286     26     3     142.8     4.09218     4.19446
287     25     10     192.9     2.8668     3.45492
288     42     13     286.55     4.60468     4.75639
289     12     8     227.35     4.7665     4.35926
290     29     12     54.55     2.20434     4.0125
291     36     10     72.5     4.51335     4.79537
292     21     3     72.1     4.87268     4.55763
293     12     3     325.9     4.85687     4.35011
294     13     15     363.4     1.95439     2.98326
295     27     5     242.35     2.27622     2.60842
296     32     13     159.75     1.68821     4.45814
297     13     10     122.5     2.85441     2.63962
298     10     9     276.45     4.42256     2.62024
299     16     5     143.75     1.83786     4.79583
300     13     2     283.1     2.51997     4.78248
