1     25     13     156.535     1.69504     4.52452
2     10     4     38.44     3.14644     3.95054
3     19     12     157.645     2.95108     2.70913
4     19     2     321.175     4.88966     4.79926
5     30     6     165.09     4.56783     4.80491
6     45     4     140.985     2.24001     3.22657
7     15     5     139.425     3.85665     4.55153
8     20     10     208.415     2.56558     4.70374
9     12     11     289.29     4.65606     3.26495
10     19     3     129.205     4.67486     4.60662
11     8     2     100.43     1.70434     3.32331
12     47     1     274.52     3.53258     3.10907
13     43     14     156.76     2.20092     4.46616
14     24     2     375.945     4.16546     2.88766
15     16     9     16     4.05351     2.90506
16     35     11     362.06     2.75251     4.63927
17     29     1     210.305     4.31393     3.24831
18     35     14     98.99     4.90579     2.91093
19     30     5     165.09     2.80143     3.23664
20     35     4     184.31     4.13576     4.74319
21     26     8     65.105     4.41348     3.79223
22     38     11     229.97     4.50673     3.62392
23     20     10     137.315     2.62273     4.38009
24     23     12     47.885     3.4781     3.75736
25     20     11     293.735     3.66375     3.68175
26     17     4     112.985     4.93388     4.64309
27     35     2     59.885     3.90526     3.08191
28     9     2     12.555     2.89906     3.46896
29     43     7     121.21     4.41113     2.96686
30     15     3     185.64     2.44446     2.81625
31     36     8     53.775     3.18831     4.33599
32     24     5     148.425     4.27847     3.6774
33     32     4     220.415     3.62241     3.22558
34     47     1     349.175     2.02553     3.78544
35     8     12     79.1     4.10041     2.94534
36     15     11     306.51     2.69451     3.75744
37     45     14     304.515     3.82183     4.12694
38     18     4     323.73     3.83113     3.54892
39     25     2     28.555     3.79609     2.58538
40     14     8     74.435     4.36125     4.22163
41     42     15     369.06     3.02873     4.99313
42     19     14     253.63     3.61942     2.5238
43     21     3     344.505     3.89383     4.86602
44     30     13     182.865     2.5659     3.28257
45     33     11     264.075     2.19515     3.86235
46     17     1     287.18     3.69098     4.60898
47     8     4     207.08     3.91359     3.39412
48     40     12     381.28     2.60639     3.41563
49     10     8     20.665     2.14324     4.05095
50     14     6     333.95     2.82546     3.74691
51     10     15     77.545     1.71406     2.83624
52     30     1     275.295     4.72912     2.92131
53     23     7     118.985     4.00278     3.21619
54     34     13     101.545     3.72004     2.98677
55     12     4     12     4.43046     2.98097
56     8     5     164.42     4.56569     4.98802
57     40     13     352.84     2.64847     4.91867
58     31     10     354.505     2.92598     3.54663
59     15     9     228.3     4.41156     2.80145
60     31     9     358.06     4.07146     4.25405
61     23     8     168.755     4.638     2.68471
62     30     11     328.62     1.78648     3.87593
63     12     12     275.07     4.15798     4.51804
64     28     1     369.28     4.96229     3.37054
65     20     14     286.625     4.1489     4.06911
66     8     9     164.42     3.37471     3.71807
67     43     13     50.11     2.7586     2.6603
68     40     3     103.99     2.15242     4.56389
69     9     10     218.745     4.41626     4.71732
70     37     9     349.84     2.43036     3.17301
71     47     6     221.195     3.32942     3.13028
72     37     5     143.65     1.69173     3.69808
73     22     13     213.97     4.17048     4.92821
74     47     1     381.17     3.29769     4.25947
75     8     8     128.87     2.94958     4.76447
76     34     3     186.865     3.70348     4.33744
77     12     2     221.745     1.57456     3.71632
78     39     15     387.39     2.86317     4.97772
79     46     12     46     3.59998     3.3961
80     42     8     333.51     2.82151     4.30876
81     29     3     331.175     1.66161     2.87484
82     45     15     293.85     4.99274     3.37191
83     44     2     310.625     2.1003     3.41853
84     13     3     41.44     2.62775     4.76424
85     9     4     328.95     2.77216     3.53748
86     20     13     34.22     3.46881     4.09291
87     33     7     384.945     4.54678     4.3469
88     45     7     293.85     2.09037     4.2436
89     34     14     41.11     3.9922     2.74125
90     18     11     35.775     3.42908     4.9601
91     8     14     128.87     2.24899     4.88075
92     33     9     143.205     3.00043     2.7369
93     32     5     316.4     2.08994     4.98939
94     27     13     190.53     4.30282     3.52451
95     24     3     258.63     3.66855     4.46699
96     12     11     225.3     3.40963     3.24686
97     45     2     222.75     2.45407     3.81283
98     30     11     189.975     3.74856     3.63132
99     43     12     298.96     3.35537     4.86198
100     14     1     117.095     1.56815     3.35131
101     25     11     67.66     2.03066     3.33384
102     29     6     174.755     1.59229     4.4818
103     43     6     96.325     3.38614     4.19416
104     40     1     61.33     3.362     4.26603
105     22     15     373.945     3.76106     4.82788
106     9     5     346.725     3.76447     4.69634
107     47     3     71.885     3.30122     3.52641
108     12     1     271.515     1.75005     4.90654
109     44     12     107.99     3.01912     3.286
110     18     10     281.07     1.73692     3.87684
111     25     9     234.745     4.0423     3.41899
112     17     7     319.175     1.70231     3.45149
113     13     2     84.1     2.04871     3.97786
114     18     1     202.86     4.46187     4.16898
115     42     2     98.88     4.89009     2.99142
116     18     11     352.17     3.13672     3.90446
117     41     6     336.065     3.40162     4.01379
118     10     9     169.975     3.80784     4.32501
119     19     10     189.64     3.90141     3.98556
120     47     6     256.745     4.8573     2.65694
121     9     8     83.655     3.3746     3.90751
122     26     12     146.87     2.99797     3.76614
123     21     6     106.32     1.84725     4.82749
124     9     9     165.42     4.99081     2.55036
125     15     7     246.075     2.94681     4.13854
126     44     13     122.21     3.04775     4.14487
127     41     15     190.31     2.64986     4.69069
128     18     6     138.87     4.92523     4.43922
129     19     15     47.44     4.71801     4.21468
130     41     9     346.73     3.20177     3.40785
131     24     15     343.95     3.32034     2.55806
132     17     6     198.305     2.74642     3.75263
133     39     5     110.1     2.8449     4.23452
134     10     1     49.105     4.87193     4.85801
135     27     10     130.095     4.89618     3.7846
136     25     4     74.77     4.17656     4.55809
137     27     1     98.1     4.48013     3.95009
138     39     6     366.06     1.57413     3.71723
139     43     1     64.33     2.37844     4.1599
140     10     8     134.425     2.01036     3.6227
141     9     6     314.73     2.20818     4.3292
142     18     12     28.665     3.86691     3.68908
143     25     1     113.875     2.67016     3.97053
144     29     3     224.525     4.55373     4.47661
145     41     8     332.51     2.48419     4.11786
146     36     12     50.22     4.78787     3.52069
147     13     5     101.875     4.01271     4.56275
148     11     5     348.725     4.56056     3.97504
149     21     11     244.965     1.5706     3.90309
150     29     4     274.295     4.7916     3.56601
151     10     12     105.985     3.42405     4.90486
152     14     8     259.295     4.17069     3.8609
153     13     15     336.505     3.47522     2.6751
154     23     10     339.395     1.68725     4.84771
155     32     8     241.745     4.13598     3.14951
156     46     4     109.99     4.84715     4.82742
157     42     1     233.97     2.88816     4.39009
158     35     9     230.525     1.57616     3.11975
159     23     11     225.635     2.03162     3.19697
160     44     15     321.29     4.3135     3.08031
161     14     10     365.945     3.11995     4.5323
162     26     2     40.22     1.78904     2.93054
163     18     8     259.74     3.58321     3.75645
164     41     3     101.435     3.99199     4.40069
165     10     9     145.09     2.53867     4.17692
166     12     5     83.1     1.82354     4.18447
167     41     15     215.195     1.78883     4.90959
168     31     15     169.645     2.44008     3.20711
169     30     4     360.615     2.00726     4.05255
170     43     11     74.995     3.78167     3.7051
171     28     14     155.98     4.61109     4.67254
172     13     9     133.87     2.78893     4.1187
173     11     2     32.33     1.82162     3.60355
174     47     5     324.29     2.30763     4.29731
175     21     10     330.285     3.91327     3.05841
176     46     10     369.505     2.6802     3.51695
177     27     2     258.075     2.14772     2.55257
178     27     9     37.665     2.5251     3.81008
179     22     12     32.665     3.8981     3.64017
180     26     13     61.55     1.7038     3.60866
181     22     11     213.97     3.45898     4.96315
182     46     11     373.06     2.97479     4.19874
183     14     12     149.09     4.04444     2.61246
184     10     15     273.07     1.8354     3.98831
185     22     5     82.435     3.47383     3.30195
186     41     9     94.325     3.0517     3.0874
187     39     3     241.635     3.04486     2.8547
188     8     1     267.515     4.37417     3.20063
189     11     6     167.42     4.59378     2.50175
190     15     11     78.99     3.44296     2.83204
191     27     12     364.725     2.74364     2.99356
192     11     3     348.725     3.37941     2.80305
193     46     5     145.54     3.83999     4.02356
194     39     9     85.215     3.06516     4.58228
195     9     10     90.765     1.5736     3.96489
196     46     8     376.615     3.60927     3.92811
197     25     3     124.54     3.7915     4.91905
198     35     1     319.4     3.00203     4.84405
199     11     7     234.965     1.99423     3.07688
200     17     4     287.18     3.45738     3.84602
201     13     3     62.77     2.52232     4.39322
202     19     15     90.1     3.44157     4.5426
203     18     13     74.88     3.92865     3.07222
204     29     5     181.865     2.39062     2.52731
205     34     9     243.745     4.53931     2.86706
206     17     7     56.105     4.11397     3.08435
207     15     5     96.765     1.70135     3.69068
208     12     14     43.995     4.88667     4.2053
209     17     7     308.51     3.71908     3.53992
210     22     9     253.075     4.72869     4.91989
211     11     13     85.655     1.97597     3.23161
212     22     15     281.515     3.3714     3.93811
213     36     2     334.62     4.74621     3.95169
214     35     11     120.32     1.9122     3.60584
215     47     15     228.305     3.19216     2.61635
216     43     11     156.76     3.15638     4.17196
217     19     12     97.21     2.5502     2.54578
218     16     14     268.405     3.6458     3.36833
219     44     5     61.775     3.00363     4.45097
220     14     15     230.855     1.87652     3.80299
221     40     1     160.87     3.74322     2.73156
222     23     2     143.87     1.70241     3.16454
223     11     2     14.555     2.21534     4.58838
224     32     15     312.845     3.92758     4.74029
225     27     8     94.545     2.55747     4.44632
226     17     3     262.295     3.5847     3.24572
227     37     5     228.97     1.72132     3.69121
228     24     6     180.42     3.40312     3.46782
229     46     12     102.88     2.28306     3.21848
230     30     6     243.3     4.96219     4.21957
231     27     5     329.175     2.94179     3.79429
232     9     10     151.2     2.03301     2.60758
233     41     9     392.945     1.70487     4.22971
234     41     1     389.39     4.10874     3.61255
235     45     10     80.55     4.76095     4.86679
236     11     12     110.54     2.61995     4.98161
237     22     7     366.835     2.54048     3.87745
238     16     15     47.995     2.34042     4.93301
239     22     6     64.66     3.96422     3.87501
240     15     2     142.98     2.47757     2.67441
241     21     12     21     2.8778     3.83755
242     31     4     77.215     4.45289     4.23276
243     46     14     170.425     2.67592     3.84487
244     30     2     83.325     4.36776     3.5963
245     39     11     95.88     4.61216     2.62658
246     21     1     241.41     1.65851     4.17035
247     21     5     241.41     1.79695     2.92421
248     34     14     83.77     2.93794     3.04453
249     38     15     94.88     3.38389     4.66453
250     28     6     95.545     3.52446     3.07314
251     30     5     172.2     4.94189     3.44584
252     26     3     274.85     2.65905     2.76719
253     27     10     361.17     3.01624     4.33714
254     21     1     220.08     3.40963     4.00006
255     16     1     190.195     4.87663     3.4891
256     25     14     256.075     4.26255     2.52464
257     29     2     85.88     1.95236     2.55837
258     16     12     243.52     3.40237     3.80383
259     22     1     267.295     4.9561     3.44333
260     15     6     139.425     1.67827     4.15265
261     8     1     18.665     4.19323     3.33323
262     39     5     120.765     4.25839     4.69375
263     15     2     217.635     2.06131     2.56966
264     22     3     238.855     3.4718     3.12456
265     19     2     86.545     2.23457     2.81999
266     43     2     377.17     2.33753     3.29791
267     21     13     344.505     4.5376     3.06398
268     37     7     360.505     1.78178     2.61399
269     39     6     67.44     2.00523     3.39259
270     21     10     24.555     4.04187     4.7261
271     34     4     229.525     4.63138     4.11924
272     39     10     117.21     4.25796     2.5573
273     13     4     158.755     2.30367     2.70341
274     29     12     309.845     1.75262     4.13175
275     13     7     44.995     3.42779     3.48766
276     44     14     157.76     2.99776     3.71593
277     23     15     94.1     2.23638     2.74567
278     21     1     252.075     2.26843     3.27494
279     32     5     120.875     4.28861     4.04401
280     13     14     265.405     2.98505     4.2391
281     30     3     360.615     1.65456     3.91583
282     37     5     374.725     2.74226     4.58472
283     28     2     59.995     2.78936     2.8473
284     35     2     91.88     1.52628     3.72616
285     34     15     140.65     1.5925     4.07628
286     47     13     374.06     1.61888     2.72134
287     26     8     289.07     4.65702     2.70363
288     24     7     55.995     2.68917     4.78919
289     37     3     200.53     4.70434     2.6175
290     20     11     251.075     2.57285     3.63933
291     20     2     222.635     1.70733     3.7289
292     19     7     363.835     3.73937     4.61539
293     30     2     360.615     1.70145     4.52116
294     13     14     322.285     4.44563     3.6494
295     17     2     80.99     3.78242     4.91081
296     31     6     94.99     2.5783     4.02982
297     17     13     112.985     3.29128     4.42183
298     35     2     379.835     1.68287     3.48132
299     11     12     174.53     4.18842     3.17171
300     12     14     132.87     1.68062     4.05759
