1     26     24     231.9     3.78391     4.35743
2     34     21     360.6     2.66631     3.1634
3     27     22     62.5     4.52969     4.1892
4     16     19     79.9     4.91957     3.39702
5     41     15     293.05     2.74578     2.91948
6     47     21     178.35     3.51581     4.44227
7     17     34     215.8     3.02499     4.46677
8     39     23     173.9     4.98686     4.34355
9     13     28     144.35     1.83764     4.21667
10     42     23     180.45     3.70188     3.76995
11     9     22     353.35     2.74856     3.91537
12     31     30     247.55     3.42843     4.8146
13     39     26     159.7     2.32109     4.37414
14     42     16     84.6     2.58022     2.60506
15     19     32     331.4     2.70925     3.48704
16     34     29     51.75     2.65264     4.72823
17     39     17     188.1     1.93687     4.56122
18     42     29     98.8     4.84587     3.46568
19     32     34     230.8     3.86424     4.95895
20     25     29     348.05     1.87503     3.34323
21     23     33     133.05     2.34266     2.55333
22     17     22     134.15     3.46934     3.9919
23     33     19     331.2     2.55629     4.99573
24     11     15     117.5     4.55651     3.32179
25     8     20     224.55     2.55095     4.29533
26     42     28     169.8     4.63598     3.50848
27     8     34     313.3     4.95172     4.21247
28     12     35     15.55     4.84031     4.79186
29     35     33     95.35     2.86605     2.96312
30     36     24     188.65     3.68191     4.58724
31     29     15     217.15     2.97703     3.73684
32     42     23     208.85     1.98996     4.40954
33     16     17     314.2     1.82151     3.02667
34     33     20     61.4     3.03236     4.60944
35     9     23     218.45     2.75764     4.27183
36     16     34     268.05     4.32685     4.42206
37     9     33     246.85     3.61846     4.31249
38     35     29     180.55     2.13875     4.82856
39     37     34     374.25     4.05437     2.65786
40     15     22     348.7     1.66695     4.22979
41     38     27     211.95     4.56206     3.56586
42     25     29     351.6     4.91658     4.43266
43     10     17     350.8     4.20124     3.43593
44     31     30     233.35     4.25945     4.44899
45     18     21     163.55     3.99936     3.51375
46     29     20     217.15     2.68244     4.60677
47     18     24     227.45     2.04305     2.90933
48     18     15     163.55     4.72314     3.47407
49     12     28     324.4     4.75742     4.42679
50     32     32     205.95     2.59218     2.59545
51     45     25     289.95     1.87289     3.20688
52     32     26     131.4     2.98473     4.04057
53     30     21     115.2     3.07979     3.18224
54     27     23     374.9     3.57765     3.26556
55     44     23     83.05     3.36969     3.84487
56     34     35     122.75     3.21587     4.78713
57     32     34     67.5     3.06494     4.82627
58     31     19     361.15     3.78477     3.16836
59     40     27     270.75     2.03546     3.2899
60     26     21     349.05     3.7711     4.31822
61     12     17     217.9     3.10297     4.1364
62     13     16     80.45     4.51079     4.60219
63     26     19     72.15     3.63298     3.02118
64     40     35     253     4.62465     2.76658
65     27     34     371.35     3.31361     4.68436
66     38     17     357.5     3.64164     4.6749
67     44     31     363.5     3.62316     4.0933
68     14     32     283.8     4.3088     3.35612
69     46     23     170.25     2.48366     2.89789
70     35     28     152.15     3.08983     4.36659
71     30     19     345.95     1.60297     3.69823
72     28     26     52.85     3.85067     3.96359
73     13     35     59.15     2.00427     4.62424
74     21     25     60.05     2.23179     2.59171
75     17     31     208.7     1.74236     4.22849
76     28     32     336.85     3.71     3.68175
77     42     28     130.75     2.80869     4.19149
78     29     31     131.95     1.84523     2.762
79     14     22     333.5     2.72228     4.83902
80     22     31     164     4.21694     4.38192
81     29     35     373.35     2.30966     3.47217
82     36     22     117.65     4.54668     4.34866
83     22     26     231.45     1.67144     3.01004
84     20     29     325.3     2.50887     4.77584
85     9     31     97.75     1.83679     3.44493
86     34     26     289.6     4.72901     4.44487
87     43     17     344.75     1.60479     3.60965
88     38     16     155.15     3.4686     4.47882
89     13     29     197.6     3.57434     3.25762
90     42     15     365.05     2.99904     4.32859
91     45     29     343.2     4.86039     2.95579
92     37     34     377.8     2.66129     3.07192
93     27     30     55.4     3.9984     4.2893
94     28     18     358.15     3.11493     3.52466
95     29     27     231.35     3.03664     2.87935
96     11     34     110.4     4.27259     4.16463
97     43     35     298.6     4.81478     4.21316
98     16     15     30.2     1.92363     3.86769
99     12     21     118.5     1.93089     4.78645
100     17     16     276.15     4.04518     4.457
101     39     25     49.65     2.89607     3.55861
102     17     35     208.7     3.79887     3.56403
103     27     35     197.4     4.47575     3.72059
104     23     28     51.4     3.71737     2.80259
105     16     30     239.65     4.7194     4.77439
106     46     15     383.25     3.57744     3.755
107     20     34     343.05     4.1771     4.92592
108     14     21     166.65     4.46005     4.27091
109     15     20     252.85     2.30389     3.79025
110     10     27     219.45     4.4984     2.57866
111     39     23     198.75     3.0517     2.90887
112     16     23     353.25     3.81382     4.20949
113     12     17     171.75     1.64826     4.0801
114     12     19     111.4     4.63897     4.23299
115     21     31     273.05     1.56452     3.00134
116     21     35     248.2     3.12743     4.80682
117     17     29     336.5     2.16823     3.22436
118     46     33     209.3     4.35302     3.03751
119     31     33     102     2.56623     2.92276
120     31     16     279.5     4.49445     4.15471
121     31     31     41.65     4.13384     4.47233
122     42     18     81.05     3.2084     4.99695
123     38     27     258.1     4.73093     4.34294
124     30     29     207.5     4.19088     2.81083
125     46     23     372.6     2.10703     3.30454
126     15     17     89.55     3.92427     4.36254
127     36     24     170.9     2.99295     4.44418
128     12     30     47.5     3.61333     2.86119
129     40     23     121.65     2.87962     3.99594
130     15     30     36.3     2.30837     2.69547
131     33     18     143.05     2.98547     4.98405
132     33     21     111.1     2.71566     4.48248
133     14     25     81.45     4.91028     3.67748
134     27     34     83.8     1.69526     2.92886
135     38     15     130.3     3.97714     3.85784
136     22     31     359.25     3.94702     2.50481
137     33     26     377.35     2.2618     3.8992
138     20     25     151.35     2.88314     3.43036
139     28     35     354.6     2.80976     4.16105
140     45     16     48.55     2.18896     2.97411
141     25     25     135.05     2.53963     4.69275
142     19     30     33.2     4.57146     4.56473
143     45     23     62.75     4.83604     3.25175
144     14     24     354.8     2.69344     4.71458
145     16     15     55.05     2.82814     3.63346
146     9     20     307.2     3.79855     2.7562
147     16     17     30.2     3.35687     4.31349
148     19     22     68.7     4.01997     3.39129
149     39     15     134.85     4.12893     4.90333
150     23     25     211.15     3.37941     4.55145
151     8     31     157.1     4.55886     2.91719
152     13     15     69.8     1.97276     3.0726
153     30     35     193.3     4.79801     3.35299
154     30     31     345.95     1.84266     3.18117
155     37     32     90.25     3.45183     3.58417
156     19     24     26.1     4.03931     2.79275
157     23     17     324.75     4.48355     3.56502
158     47     29     178.35     4.3684     2.6236
159     16     18     339.05     1.80645     3.84838
160     33     21     146.6     1.82675     3.11426
161     27     28     367.8     4.56302     3.91552
162     43     20     85.6     2.22538     4.16623
163     11     31     298.55     1.59154     3.31889
164     37     16     147.05     3     2.69044
165     26     29     89.9     1.58097     3.13715
166     35     24     56.3     4.70914     2.96876
167     46     31     237.7     1.91188     2.74262
168     26     20     136.05     3.71918     4.82795
169     46     17     344.2     1.6865     4.38162
170     31     25     215.6     4.57851     4.62554
171     33     18     33     2.9451     3.06658
172     33     21     93.35     3.0768     4.0492
173     24     19     38.2     3.5706     4.2819
174     26     31     26     2.99402     4.22781
175     39     27     113.55     2.87983     4.50056
176     42     28     297.6     3.53568     2.65503
177     33     23     79.15     2.40365     4.51498
178     44     32     47.55     2.95535     2.92634
179     25     20     230.9     1.85292     3.07932
180     46     28     159.6     4.36605     4.78721
181     33     23     256.65     4.27345     3.36444
182     21     17     21     2.73788     4.49438
183     38     22     119.65     2.38699     4.72571
184     39     21     337.2     2.08353     2.99036
185     34     25     172.45     2.12166     4.78271
186     24     25     95     3.33155     4.38925
187     25     34     81.8     2.82781     4.31234
188     46     19     117     4.88635     4.77554
189     13     20     73.35     4.18255     4.95354
190     20     19     282.7     1.87706     3.81565
191     34     26     119.2     4.78188     4.72488
192     19     26     207.15     1.59239     4.18165
193     26     22     292.25     2.91946     3.85472
194     20     22     105.2     2.60436     3.78773
195     42     30     357.95     3.05405     3.42387
196     15     33     100.2     4.07797     3.33865
197     11     31     330.5     3.46294     4.32058
198     39     23     340.75     3.26971     4.19172
199     18     24     291.35     3.58481     4.00792
200     44     35     200.2     2.21352     4.02982
201     25     28     138.6     3.04796     3.60424
202     8     21     57.7     2.59314     2.84837
203     28     19     226.8     2.88795     2.77543
204     42     35     42     2.80293     4.25405
205     12     17     338.6     1.9514     4.94041
206     38     15     343.3     4.19611     4.57572
207     47     29     149.95     2.48793     2.78787
208     19     23     61.6     2.01987     4.78881
209     30     27     274.95     3.92982     4.10756
210     27     35     296.8     3.03888     2.75109
211     30     24     232.35     2.35772     2.93168
212     39     26     46.1     3.34555     3.2522
213     40     24     93.25     2.65648     3.49078
214     8     16     135.8     3.35815     3.37413
215     17     16     293.9     4.8558     4.48103
216     23     30     321.2     4.00652     3.16576
217     11     30     25.2     3.15958     3.64406
218     30     16     345.95     1.60446     4.12885
219     42     15     56.2     4.66364     2.66015
220     45     24     218.95     2.41156     3.01691
221     23     17     30.1     4.75892     4.85282
222     15     27     181.85     4.37994     3.44646
223     8     17     114.5     3.22388     3.20635
224     42     34     144.95     2.09015     2.82113
225     22     24     199.5     1.50374     3.69633
226     34     18     293.15     4.37503     4.56771
227     30     16     250.1     2.17731     3.93178
228     46     15     63.75     1.62893     3.18499
229     25     16     170.55     3.61087     4.61051
230     9     35     193.6     1.80699     4.60532
231     20     32     311.1     3.80047     3.78643
232     42     24     375.7     2.10981     4.36819
233     24     19     194.4     2.90088     3.95001
234     37     22     221.6     4.85698     3.60668
235     11     35     103.3     4.44285     4.42053
236     32     33     159.8     4.04732     2.84639
237     13     34     201.15     4.73681     4.0511
238     23     26     58.5     2.10714     3.61637
239     36     26     185.1     1.96507     4.2468
240     32     21     53.3     4.326     2.87347
241     17     32     31.2     3.96101     4.79392
242     15     25     25.65     4.97896     2.73827
243     41     18     360.5     3.17582     2.50328
244     36     25     220.6     3.63811     3.04422
245     13     26     66.25     2.83283     2.66503
246     24     19     311.55     2.66984     4.19858
247     42     16     166.25     3.26949     3.31591
248     28     34     361.7     3.42106     2.85661
249     17     34     265.5     4.46635     4.82002
250     42     35     297.6     4.59154     2.90788
251     15     25     281.25     3.76383     4.76058
252     10     31     318.85     2.79481     4.27473
253     31     35     66.5     2.76704     3.1457
254     14     29     163.1     2.30656     4.52391
255     12     15     36.85     2.43719     2.92573
256     46     32     216.4     2.49957     3.29051
257     23     35     65.6     3.87065     3.32316
258     21     34     52.95     4.96699     4.51399
259     15     21     259.95     4.26629     3.47537
260     17     23     237.1     1.83283     3.98717
261     44     32     157.6     2.07936     3.88974
262     39     26     95.8     4.75059     4.71747
263     26     30     29.55     4.3636     3.211
264     29     27     60.95     2.58769     2.60094
265     21     23     70.7     4.80004     2.80175
266     47     16     359.4     1.7994     4.90837
267     23     20     51.4     2.41455     4.13442
268     11     21     362.45     2.48932     4.08406
269     43     27     156.6     4.98152     3.99693
270     20     15     250.75     4.65702     4.35759
271     38     27     91.25     3.11579     2.50984
272     43     29     312.8     2.63352     3.66695
273     25     17     174.1     2.55213     3.95695
274     17     24     350.7     2.70519     3.39572
275     40     25     295.6     2.61184     2.92711
276     14     25     237.65     4.42341     3.42097
277     30     21     97.45     4.85719     3.26998
278     37     25     384.9     1.60265     4.97551
279     47     19     153.5     2.93303     4.86343
280     14     17     326.4     3.00705     3.82076
281     36     24     153.15     2.59645     3.19323
282     43     18     394.45     2.72207     3.73409
283     42     28     247.9     1.93313     4.24627
284     11     24     295     1.71566     2.80671
285     19     17     242.65     1.76191     4.71511
286     42     28     336.65     3.58684     2.5557
287     12     31     19.1     4.22645     2.51579
288     15     17     249.3     2.00021     4.84764
289     38     27     222.6     3.07466     2.61803
290     20     18     289.8     1.80987     4.1345
291     29     27     46.75     4.12551     3.18751
292     18     26     142.25     3.86937     2.50298
293     43     25     78.5     2.42309     4.54115
294     11     26     110.4     2.53012     2.53601
295     14     22     290.9     3.57872     3.41456
296     46     29     92.15     2.82675     2.98585
297     38     33     194.2     1.79994     2.54219
298     38     24     272.3     4.85046     4.76112
299     17     33     222.9     2.10767     3.05002
300     19     26     157.45     4.30902     4.72495
