1     27     1     148.887     2.69088     3.31538
2     34     10     78.0867     4.19098     3.11289
3     8     7     111.733     2.27804     4.40779
4     39     2     280.18     2.859     4.55329
5     12     15     206.5     3.23873     2.7147
6     14     13     138.48     4.04871     4.62012
7     35     13     281.367     4.25764     3.56449
8     39     6     243.873     4.74696     3.06078
9     15     10     269.147     2.18607     2.77619
10     21     6     65.0867     2.19248     3.14577
11     36     14     279.773     2.00919     2.80274
12     15     12     188.753     3.18639     4.21781
13     21     12     262.18     4.49957     4.18569
14     32     14     270.587     4.08972     4.55275
15     22     4     182.787     3.05939     4.82269
16     31     9     113.987     4.5094     4.53398
17     9     7     84.2067     3.74984     4.54787
18     40     6     172.26     2.17112     2.63833
19     41     7     105.833     2.00769     2.52426
20     9     2     260.553     3.98035     4.23505
21     34     9     187.007     3.54988     4.94903
22     14     11     216.28     4.26939     3.19697
23     31     7     287.74     1.96486     3.07047
24     14     11     133.293     3.73392     3.82481
25     18     15     90.6133     3.9922     4.01913
26     35     14     66.12     2.55544     3.08275
27     23     8     137.107     4.48943     4.44929
28     21     6     70.2733     2.71235     3.14806
29     33     12     178.227     2.08599     4.49492
30     24     4     234.06     1.97714     4.27175
31     44     3     217.753     3.02574     4.5365
32     41     13     175.853     4.10308     2.95282
33     41     6     64.34     2.69526     4.78187
34     30     5     71.4933     3.19601     2.92459
35     14     7     234.433     4.3417     2.65801
36     35     14     250.247     1.7759     3.95314
37     27     15     73.68     4.97597     3.01691
38     21     11     28.78     3.02467     3.44897
39     38     14     216.94     4.46561     3.65253
40     27     14     99.6133     1.72121     3.39099
41     8     3     205.093     2.81318     3.63109
42     8     6     122.107     1.86499     2.56226
43     45     7     91.68     3.12401     4.43388
44     11     7     29.1533     4.98654     4.09955
45     24     1     57.7133     2.75956     3.91171
46     15     7     271.74     4.14505     3.35391
47     45     6     203.193     4.17966     3.05345
48     35     1     229.5     4.61461     3.5651
49     21     9     236.247     3.47169     3.06513
50     34     1     233.687     4.75678     4.34767
51     22     6     55.7133     2.06783     2.76307
52     36     4     256.433     3.58107     2.98975
53     40     1     296.74     3.14858     3.77903
54     28     6     160.26     3.49348     3.56464
55     33     9     118.58     3.23521     3.57723
56     24     11     205.533     4.73147     3.85418
57     25     2     198.753     3.4686     3.78513
58     44     9     186.633     1.98729     2.58538
59     23     5     67.0867     2.07627     3.83549
60     31     10     199.567     4.21876     4.47951
61     42     14     231.313     3.02681     4.92164
62     45     6     174.667     4.14687     3.11258
63     33     12     144.513     2.3714     4.26511
64     43     1     291.96     2.44147     4.09032
65     44     9     295.553     4.77334     4.69565
66     22     14     133.513     2.59464     3.53351
67     25     3     209.127     3.72442     4.54367
68     13     1     70.0533     4.48056     4.37727
69     32     13     159.073     2.4498     2.84555
70     42     12     236.5     3.60425     2.98235
71     14     9     86.6133     1.99936     4.86129
72     44     2     88.0867     3.03685     3.55892
73     38     7     198.787     2.02745     2.90399
74     32     14     242.06     3.03856     2.903
75     27     2     146.293     3.75913     4.98344
76     43     10     97.46     3.36915     2.94496
77     32     10     109.8     4.64484     3.75996
78     42     1     93.8667     4.28648     3.61141
79     33     10     263.807     2.20188     3.31309
80     43     15     76.7133     2.73115     3.49834
81     39     1     246.467     3.54444     3.72112
82     33     9     144.513     4.70081     3.3581
83     47     9     272.62     2.09934     3.4537
84     28     6     245.84     4.80944     4.89776
85     27     8     148.887     2.01122     4.57694
86     15     8     201.72     3.03589     4.89067
87     24     2     109.58     2.73382     3.27113
88     40     12     283.773     2.66012     4.60013
89     46     7     84.9     3.30944     3.16065
90     19     12     122.733     3.38496     4.51613
91     35     4     47.9667     1.83572     3.95665
92     31     9     147.7     3.64762     4.40352
93     33     7     261.213     4.12027     2.91192
94     15     11     90.2067     1.61728     3.66375
95     11     6     42.12     3.02168     4.08902
96     26     2     51.9333     1.88112     4.50888
97     12     15     107.953     1.97949     2.93954
98     28     14     134.327     3.31649     2.9474
99     40     9     169.667     2.23093     3.69739
100     19     10     205.72     3.15242     2.58339
101     17     11     182.973     2.71491     4.5835
102     19     8     182.38     3.21715     3.72791
103     36     13     186.413     2.16396     3.32347
104     42     10     174.26     4.37364     2.82243
105     9     12     107.547     3.38368     2.97777
106     13     1     116.733     3.14281     4.67566
107     22     6     86.8334     2.21929     3.08428
108     25     8     172.82     4.5141     2.51198
109     13     3     254.18     3.2101     3.61309
110     35     15     136.14     1.94339     3.33316
111     33     2     180.82     2.4311     4.23444
112     8     8     114.327     1.53867     3.59165
113     21     10     145.48     4.02286     3.89866
114     45     8     273.213     2.93292     2.67739
115     29     1     231.28     3.90718     3.22878
116     17     9     234.84     3.3448     4.21667
117     19     3     89.02     3.69259     4.72556
118     46     1     214.567     3.82653     2.68265
119     11     2     236.62     2.26543     3.28486
120     36     7     56.7467     3.69974     2.82052
121     16     3     192.347     3.56964     4.52841
122     30     7     273.773     4.17817     4.38269
123     13     6     150.447     2.07263     3.44546
124     11     4     132.887     3.67859     4.67788
125     44     10     285.18     1.92096     3.34864
126     14     10     198.127     2.31831     3.933
127     18     5     20.5933     3.28103     2.641
128     46     1     211.973     1.60147     3.46629
129     41     6     194.007     4.86872     4.39642
130     14     4     146.26     2.79139     4.17417
131     13     13     197.127     1.66599     3.7521
132     22     8     237.247     3.97137     2.82945
133     32     7     151.293     2.326     3.11342
134     25     13     56.12     2.79289     3.6935
135     22     6     257.993     3.26394     2.67197
136     29     2     202.753     4.91102     2.93924
137     17     6     74.0533     3.43645     3.73524
138     39     8     111.613     3.10735     3.38801
139     30     13     193.38     3.80912     4.86938
140     20     12     224.873     4.10105     4.55832
141     31     9     36.1867     2.00993     3.35398
142     8     12     124.7     1.54582     3.02683
143     39     4     249.06     3.17186     4.45029
144     27     6     268.18     3.71694     3.10266
145     41     1     253.653     4.96144     3.48064
146     39     11     72.7133     3.88293     2.8135
147     9     5     221.653     2.29566     3.22123
148     19     9     78.6467     1.86702     2.70425
149     32     13     151.293     4.74728     4.10756
150     11     12     81.02     3.29492     4.94881
151     12     1     268.74     3.6348     4.75143
152     14     7     84.02     3.52991     2.77322
153     30     2     198.567     4.30367     2.77123
154     14     7     185.16     1.79662     2.6928
155     35     10     128.36     4.59165     3.43493
156     36     14     144.92     3.49135     4.56053
157     28     12     276.96     3.48387     3.61446
158     10     2     100.767     3.67956     4.42816
159     47     5     187.04     4.95439     3.55388
160     23     11     240.84     4.28242     2.72042
161     35     1     190.6     2.9953     3.9491
162     14     5     182.567     1.94884     2.72149
163     23     7     222.687     3.83433     3.34048
164     31     4     160.667     2.61696     4.37323
165     12     5     263.553     4.83796     3.31828
166     28     4     40.9667     3.26127     3.38694
167     14     10     265.553     3.60382     4.03966
168     13     5     176.38     3.82888     3.16721
169     39     1     129.767     2.24044     2.55913
170     45     5     60.56     3.8621     4.5481
171     36     15     118.987     3.33326     3.97137
172     12     9     268.74     4.80955     3.34178
173     21     8     218.093     4.59934     2.86546
174     43     4     58.56     4.02329     3.20032
175     42     10     117.207     2.7288     2.59346
176     42     3     42     4.94552     3.78941
177     33     10     84.8667     2.91487     4.84977
178     13     2     25.9667     4.98056     4.27412
179     25     14     263.587     2.56986     4.56397
180     26     1     168.633     3.05597     4.6186
181     42     4     223.533     1.72987     2.6059
182     13     5     256.773     2.37075     4.69665
183     34     15     163.667     1.64644     3.80337
184     28     7     35.78     4.83038     3.71601
185     26     1     140.107     2.06623     2.77192
186     20     12     102.987     4.17005     4.9546
187     23     11     246.027     4.19729     2.55768
188     10     10     61.8667     2.26543     3.3092
189     26     3     274.96     1.86328     3.59233
190     11     1     78.4267     3.13063     3.15699
191     16     4     171.6     2.84608     2.96052
192     21     9     114.36     2.1035     4.02913
193     42     4     70.5267     3.41433     3.98038
194     11     8     16.1867     1.71876     4.09734
195     22     13     32.3733     3.54048     3.59554
196     36     7     253.84     1.76896     3.97252
197     28     3     46.1533     3.30506     2.5808
198     45     8     218.753     2.05191     3.31606
199     42     11     213.16     4.98857     3.55922
200     11     13     34.34     3.80677     2.76414
201     17     3     19.5933     3.35046     4.33241
202     25     7     183.193     2.83657     3.66344
203     38     14     289.553     2.59656     4.02318
204     32     9     148.7     2.31927     3.12014
205     9     13     156.82     4.03269     4.5304
206     26     7     256.807     3.30549     4.36155
207     41     13     149.92     2.90664     4.79682
208     22     9     81.6467     4.40408     4.90951
209     38     3     203.973     4.93805     2.88881
210     24     10     57.7133     3.6552     2.56706
211     30     14     89.6467     3.03418     3.38954
212     30     10     79.2733     2.59101     4.2172
213     25     12     58.7133     1.69526     2.60331
214     36     15     235.687     1.98366     4.934
215     37     1     200.38     1.60532     4.07376
216     32     3     83.8667     3.28071     4.90661
217     19     4     140.887     3.91231     4.41343
218     46     13     281.993     1.72805     4.17562
219     47     15     220.753     2.6943     4.44678
220     45     11     169.48     2.68084     2.68174
221     36     9     230.5     4.11418     3.165
222     25     5     242.84     1.60126     3.12738
223     46     5     258.653     2.26106     4.49377
224     15     7     51.3067     4.7445     4.15014
225     38     5     84.68     2.6803     4.37307
226     36     12     126.767     3.03076     3.8094
227     10     11     147.447     2.58919     3.14997
228     31     14     69.9     4.10714     3.38504
229     42     4     262.433     4.78231     3.28387
230     34     2     109.207     3.59474     3.98877
231     27     9     270.773     2.2226     4.86358
232     45     6     52.78     4.02457     3.48796
233     40     14     244.873     3.32109     3.9378
234     42     3     140.547     4.46059     3.74203
235     45     2     182.447     3.40355     3.65757
236     18     7     176.193     2.81008     3.15126
237     42     14     49.78     3.86467     3.23145
238     47     10     75.5267     3.82205     4.51811
239     38     13     66.5267     2.01004     4.69306
240     8     12     70.24     4.77227     3.22085
241     17     15     242.62     4.08556     4.98077
242     40     10     143.733     4.33679     3.20025
243     24     14     83.6467     1.99348     3.33094
244     15     15     178.38     3.1521     3.25808
245     45     11     242.093     4.69803     3.98267
246     15     10     87.6133     3.06355     3.66878
247     21     2     132.513     1.81585     4.19523
248     8     3     78.02     1.56067     3.10289
249     33     7     82.2733     2.89618     2.57828
250     22     1     268.367     2.40034     3.36375
251     37     1     47.3733     1.88731     2.73476
252     46     10     250.873     3.91711     4.43602
253     35     5     42.78     3.29107     4.71526
254     20     13     258.587     3.52126     4.84718
255     41     14     206.973     1.50406     4.28632
256     47     7     254.467     4.38496     4.84138
257     47     9     275.213     4.348     2.50984
258     35     1     115.393     3.31436     4.86557
259     26     8     158.26     2.7852     3.13662
260     38     11     84.68     1.81094     4.36872
261     36     12     189.007     2.32429     2.81022
262     44     7     292.96     1.81906     3.41266
263     10     11     152.633     4.11077     4.08544
264     36     1     147.513     3.66182     4.59632
265     44     9     134.767     2.20701     3.75805
266     8     15     101.36     2.66364     2.79168
267     9     9     63.46     4.05896     4.00739
268     9     5     203.5     1.96155     2.69303
269     16     14     262.367     4.15018     3.85166
270     24     6     166.633     3.00278     4.17798
271     32     4     200.567     1.84373     3.41502
272     46     7     211.973     1.72987     2.9812
273     8     12     93.58     3.91198     3.50833
274     13     10     134.887     4.45492     4.18134
275     40     12     42.5933     4.75251     3.02103
276     45     4     280.993     3.91871     3.49902
277     30     4     245.247     3.79289     4.12679
278     8     4     114.327     3.03995     3.90881
279     10     5     103.36     4.08289     2.80068
280     30     10     211.533     2.35003     2.56272
281     35     9     232.093     2.57285     4.64965
282     42     12     200.193     3.61664     3.02683
283     8     1     225.84     3.58129     3.55457
284     43     3     164.887     1.65371     2.82968
285     16     10     194.94     2.94873     3.12593
286     44     1     62.1533     2.82012     3.82405
287     9     11     255.367     2.37962     3.47095
288     20     3     178.193     3.70476     2.86042
289     45     11     127.987     4.97191     3.2738
290     31     4     69.9     3.49947     2.77352
291     24     4     70.68     2.43313     4.68833
292     43     15     263.433     4.56035     3.6813
293     28     3     142.107     2.98569     3.54266
294     43     8     250.467     4.65488     4.59571
295     13     13     114.14     1.9577     4.85771
296     32     15     104.613     1.8981     2.847
297     46     9     302.74     3.56302     3.67603
298     11     13     135.48     1.87556     3.82015
299     42     15     259.84     2.86755     3.7054
300     28     13     98.02     2.45354     3.50314
