1     23     25     765.5     1.50534     4.6427
2     27     22     924.188     3.90429     3.21337
3     28     17     822.063     4.95386     3.5419
4     46     23     138.813     3.14516     3.48178
5     17     25     460.438     3.66439     3.66947
6     8     28     28.625     4.59101     4.91073
7     11     18     41.9375     4.24044     2.76009
8     19     34     111.813     2.63373     4.68329
9     36     33     335.063     3.3307     3.94215
10     23     24     744.875     2.60842     3.09572
11     33     22     1002.38     3.72175     3.75454
12     22     19     496.375     4.7288     2.98135
13     18     23     595.5     4.61643     2.97754
14     9     18     1009.31     4.20989     4.44662
15     37     27     367     4.60115     2.7749
16     9     16     699.938     4.07947     4.92012
17     36     23     304.125     3.30015     3.64902
18     39     31     111.188     2.17496     4.51384
19     34     33     704.313     1.71747     4.70862
20     20     17     680     4.83016     4.19683
21     34     34     85.5625     4.76565     3.24877
22     26     34     943.813     4.24728     4.28205
23     17     30     738.875     4.98312     4.64347
24     9     17     215.25     3.558     3.22451
25     30     26     710.625     3.43815     2.55051
26     19     22     410.875     2.07157     4.23338
27     25     18     850     4.82098     4.42969
28     24     19     75.5625     3.7101     4.69481
29     41     20     113.188     4.2226     4.87197
30     35     29     839.375     3.1317     3.40915
31     36     23     159.75     4.10212     4.24284
32     19     34     245.875     2.04112     3.13967
33     12     18     424.5     1.94072     2.63703
34     35     23     746.563     3.18789     3.47324
35     20     27     659.375     4.58364     4.14624
36     26     25     191     3.05116     3.9948
37     31     15     1000.38     2.76907     3.93895
38     20     17     154.062     4.21384     2.77352
39     9     30     864.938     3.84565     3.15333
40     23     28     982.063     1.92235     2.6616
41     12     24     537.938     3.67603     4.10215
42     31     17     639.438     4.33508     2.90544
43     44     32     291.5     2.72912     3.2902
44     18     20     605.813     2.45749     3.56975
45     27     21     1027.31     3.35932     4.74494
46     12     17     1002     1.76576     2.77367
47     46     35     541     2.27313     3.65825
48     45     16     880.313     3.51688     4.23978
49     23     20     383.938     2.68383     2.84219
50     22     30     578.875     2.24653     2.65511
51     9     31     390.563     4.15275     4.49644
52     24     29     993.375     2.95556     4.34553
53     47     34     129.5     1.61899     4.7879
54     37     35     532     1.98184     3.26121
55     13     26     972.063     4.11611     3.74393
56     36     31     56.625     1.56174     4.7766
57     36     22     665.063     3.17614     2.95709
58     33     33     631.125     2.07755     4.80056
59     35     28     756.875     2.92192     3.60279
60     27     20     418.875     3.49338     4.20103
61     17     31     635.75     3.34597     4.76928
62     21     33     206.625     1.97821     3.54106
63     28     22     811.75     3.2775     4.60013
64     21     15     299.438     2.71619     3.12761
65     37     25     1006.38     2.03642     4.24978
66     8     34     956.75     3.40504     3.37306
67     33     33     631.125     3.27558     4.65064
68     28     27     688     4.44104     2.96854
69     26     32     263.188     3.50983     3.59333
70     29     18     1049.94     3.79278     4.87114
71     28     32     605.5     3.83251     3.11937
72     24     15     106.5     4.5612     2.6017
73     16     27     841     2.82034     4.7261
74     35     34     323.75     3.72784     4.35713
75     21     16     1000.69     2.12487     4.88411
76     19     29     19     4.09026     4.93339
77     18     19     616.125     3.75198     3.36779
78     44     24     1064.94     3.88528     2.96236
79     13     16     724.563     2.52799     4.39764
80     29     18     699.313     2.59934     3.46057
81     39     27     327.75     1.75529     3.09503
82     25     23     726.25     1.96667     3.19033
83     13     35     250.188     3.05266     4.75059
84     24     26     508.688     2.15477     3.83381
85     40     18     246.25     1.88571     4.40329
86     36     30     891.938     3.63747     2.97906
87     38     16     997.063     2.78295     4.23376
88     12     32     342     4.2555     2.91925
89     16     34     696.625     1.74055     3.76911
90     36     24     469.125     1.96443     4.76363
91     18     24     1018.31     2.31371     2.90056
92     19     26     575.875     3.27046     2.86142
93     38     20     759.875     2.3965     2.7134
94     27     26     996.375     2.35302     4.53856
95     16     16     366.625     4.18799     4.12984
96     45     29     436.875     4.3762     2.64573
97     43     16     754.563     1.84725     4.36354
98     26     15     77.5625     1.98547     3.42067
99     19     21     524.313     2.83465     3.68778
100     27     17     676.688     2.99445     4.66094
101     10     26     226.563     2.44114     2.51534
102     26     34     397.25     4.25742     4.21117
103     36     22     623.813     2.50566     3.79109
104     15     26     778.125     2.72976     3.76141
105     26     22     851     4.31852     3.19666
106     20     20     360.313     1.71619     2.95846
107     26     27     304.438     3.71395     4.66895
108     25     22     850     1.80634     3.83
109     21     18     990.375     2.34896     3.72906
110     9     34     70.875     4.49797     3.02049
111     16     21     356.313     3.67048     3.62583
112     27     20     779.813     4.00662     4.3405
113     19     29     1029.63     4.06922     4.29037
114     34     26     477.438     2.2649     4.12732
115     45     15     467.813     3.72196     4.1039
116     29     24     462.125     1.60746     4.41969
117     31     22     845.688     2.12049     4.47768
118     32     20     392.938     3.14377     3.94337
119     44     28     1003.06     2.78861     4.74555
120     9     27     968.063     3.81895     4.41038
121     24     35     178.688     2.68607     4.86923
122     28     23     461.125     2.66182     4.63034
123     14     31     601.813     4.80111     3.45569
124     23     15     126.125     2.22079     4.93385
125     31     31     845.688     4.92875     3.58745
126     22     22     630.438     1.68596     4.40939
127     34     28     632.125     1.63833     3.96474
128     25     31     293.125     2.70071     3.4518
129     39     28     451.5     4.92801     2.86103
130     25     23     520     3.359     4.12381
131     19     18     514     1.56526     4.89059
132     15     24     56.25     4.89137     3.32965
133     39     18     100.875     3.11803     3.08786
134     29     25     59.9375     3.0376     3.80154
135     24     16     704.625     1.66984     3.80123
136     10     24     133.75     2.60788     2.89842
137     9     22     246.188     4.72527     4.39695
138     18     27     605.813     2.73008     4.21743
139     20     26     30.3125     2.30079     3.77758
140     20     18     133.438     1.78584     4.51758
141     45     16     519.375     2.70508     3.21146
142     11     21     196.625     4.53354     3.45599
143     16     24     882.25     4.00502     4.97574
144     14     33     983.375     3.41829     3.63712
145     29     20     29     2.6803     3.811
146     31     23     1010.69     4.07114     3.47369
147     35     35     344.375     4.46529     3.68923
148     8     16     441.125     3.99338     2.86073
149     42     23     815.438     2.37802     4.89395
150     33     19     641.438     4.93036     4.16181
