1     38     31     408.53     3.00107     3.79978
2     39     11     586.74     1.67966     2.83982
3     16     11     684.565     4.87097     2.89087
4     38     20     464.915     4.41562     3.72341
5     9     25     113.715     1.70743     2.54677
6     23     2     39.11     2.94713     4.494
7     45     24     512.19     3.87332     3.15043
8     43     11     792.115     4.33454     4.6424
9     32     23     321.98     3.8088     2.55074
10     22     36     62.275     4.2304     4.66552
11     14     22     448.97     2.73403     3.84625
12     47     13     441.695     4.1756     4.00571
13     12     21     132.825     4.5376     3.4801
14     12     8     551.685     3.08129     4.30311
15     38     10     158.825     4.85195     4.64904
16     11     6     534.575     4.89874     2.95984
17     14     8     457.025     3.31745     3.52351
18     10     2     614.125     3.97671     4.51697
19     28     10     221.32     4.03429     3.28135
20     9     4     339.255     4.10692     4.84397
21     40     20     346.09     4.19964     3.45302
22     19     15     188.155     4.75571     3.14066
23     26     19     460.97     2.43538     4.58007
24     32     12     40.055     3.48451     4.25184
25     18     16     807.39     2.30068     3.1859
26     22     37     199.21     4.05725     3.79398
27     8     33     700.73     3.9938     4.55878
28     11     11     590.96     2.23457     3.59478
29     38     16     102.44     1.74033     3.3475
30     12     24     777.225     1.75732     4.9453
31     41     26     379.31     4.36979     4.4702
32     33     37     419.64     4.51592     4.66399
33     35     25     212.21     2.07862     4.33393
34     47     37     240.32     2.90728     3.97412
35     36     34     374.31     1.88229     4.86892
36     45     32     633.015     2.3809     2.69288
37     45     40     326.925     2.25336     2.87378
38     16     17     370.42     4.17026     3.73363
39     43     39     679.345     4.94777     4.67383
40     39     9     514.245     4.2132     2.91993
41     34     18     468.97     4.51827     3.59165
42     23     2     691.565     4.75935     4.11313
43     47     29     167.825     4.51613     2.73049
44     24     37     450.915     3.66492     4.6511
45     21     20     359.31     4.3793     3.06993
46     38     12     231.32     3.37503     3.60057
47     17     2     709.73     2.50919     4.37384
48     41     40     387.365     4.5941     2.82174
49     22     34     763.06     1.53343     3.91148
50     45     12     729.675     2.14249     3.34498
51     10     10     340.255     1.75806     2.99036
52     27     8     284.76     4.00235     4.56023
53     38     35     207.155     3.80538     3.8023
54     14     40     561.74     3.54924     3.71914
55     18     11     26.055     2.94061     4.08109
56     31     2     361.255     2.97266     3.24938
57     47     3     578.63     3.08524     4.57381
58     25     19     169.99     3.88282     3.38176
59     43     1     606.85     1.51848     4.32356
60     30     11     287.76     3.60617     2.5895
61     25     23     226.375     3.76597     3.76537
62     9     20     629.235     4.16759     3.34033
63     39     2     465.915     2.1755     3.13456
64     9     31     782.28     2.46016     3.16088
65     30     28     754.95     2.18116     3.68702
66     36     24     535.41     3.60308     3.51352
67     45     19     189.99     1.75422     4.23284
68     10     29     227.485     4.9859     3.98602
69     13     15     568.795     4.54219     2.98166
70     13     34     311.035     3.50117     4.2935
71     38     40     150.77     3.6943     4.7013
72     40     32     474.97     4.96496     4.09253
73     10     29     799.39     2.87577     3.18789
74     13     25     246.595     4.22335     3.10854
75     37     14     745.84     4.46913     4.04958
76     38     5     311.87     2.44798     4.07521
77     19     35     453.97     3.46187     2.80206
78     29     1     238.43     2.11835     3.48582
79     17     11     653.345     4.52403     3.27662
80     27     11     566.685     4.19163     2.6587
81     19     30     631.18     2.77067     3.84114
82     37     7     657.235     3.96005     4.11344
83     13     19     713.785     1.71352     3.93307
84     26     13     130.715     3.09603     3.26037
85     34     35     815.335     1.90013     3.40518
86     22     33     481.135     2.88432     2.90292
87     8     12     515.465     2.23894     4.6839
88     26     9     670.4     3.14228     3.052
89     41     15     226.265     3.51399     2.73965
90     34     19     638.125     3.32696     3.55251
91     12     35     60.33     3.58545     2.87072
92     30     12     158.88     2.33006     4.52315
93     10     39     299.98     1.77857     3.7981
94     18     2     122.715     3.96091     4.60845
95     26     4     66.275     1.95994     3.57456
96     22     27     738.895     3.61547     4.54299
97     21     17     415.695     3.801     3.30454
98     22     19     102.55     1.63427     3.52847
99     10     4     146.935     3.2289     3.67801
100     19     10     735.895     4.84758     3.42318
101     11     24     236.54     2.0659     4.31593
102     40     28     370.255     2.30709     3.24389
103     31     25     320.98     2.35495     3.42822
104     38     23     223.265     2.70679     3.98038
105     22     10     690.565     2.87374     2.78481
106     9     9     387.585     3.98943     3.72219
107     16     39     740.95     4.8354     2.99875
108     8     31     579.905     3.64217     3.09839
109     30     4     142.77     2.2775     4.12183
110     41     23     757.895     4.17859     3.52931
111     23     21     23     2.63865     4.05271
112     42     15     589.74     3.30869     3.29104
113     44     35     333.98     4.02115     4.75784
114     33     3     186.045     3.79662     3.89248
115     37     21     423.64     2.64292     3.80467
116     46     11     239.32     4.50502     4.26466
117     26     20     259.595     2.47597     3.70701
118     28     19     720.73     4.12796     2.76254
119     11     22     75.44     2.57263     4.08376
120     35     26     244.43     3.61066     4.48012
121     32     4     628.07     4.07915     4.129
122     8     3     684.62     3.75689     3.87646
123     9     29     290.925     1.93655     2.8956
124     43     15     751.84     1.52371     2.71599
125     31     33     329.035     3.27035     4.8912
126     25     16     290.815     2.5047     3.3198
127     17     38     218.375     2.46529     3.48544
128     24     23     56.22     4.0987     4.63065
129     25     14     500.245     3.93025     4.63172
130     30     8     126.66     1.86798     3.58928
131     21     30     286.815     1.54839     3.39984
132     26     9     283.76     1.5831     4.3247
133     46     1     295.705     2.31692     3.32171
134     32     23     193.1     1.95524     2.65519
135     44     3     728.675     3.17219     3.54984
136     9     16     597.015     4.05597     3.40381
137     24     15     740.895     1.50406     3.82778
138     33     2     194.1     1.92491     3.02416
139     16     18     193.21     4.35708     4.77332
140     24     34     152.88     3.36467     2.54097
141     38     30     738.785     4.81852     3.47446
142     18     6     517.41     3.92277     3.30119
143     33     7     532.41     2.59528     4.39726
144     47     12     320.87     1.56238     3.03903
145     11     17     518.465     2.27718     3.10686
146     35     24     542.465     3.01933     4.75265
147     18     32     485.19     3.28819     2.80045
148     15     11     417.75     4.34661     3.39335
149     47     14     280.595     2.5251     3.65314
150     14     38     666.455     1.6474     2.86821
