1     16     30     180.16     3.36905     4.4628
2     19     3     223.48     1.67966     4.47928
3     27     35     84.6     1.54486     3.45332
4     16     28     263.68     1.56868     2.77551
5     43     3     241.72     4.66439     4.0759
6     24     23     240     1.50107     2.50626
7     17     13     132.2     3.47778     3.89561
8     22     13     240.88     2.83241     3.04216
9     42     36     327.12     1.74621     4.15952
10     39     36     76.44     2.05309     3.24137
11     44     26     199.52     2.91188     3.36093
12     22     14     212.08     3.05245     2.67045
13     45     16     163.08     2.45482     3.61667
14     33     33     205.8     3.56922     3.13746
15     45     8     177.48     3.43858     4.85626
16     26     38     146.96     4.83091     3.03774
17     14     28     16.88     2.74226     4.32394
18     15     19     239.64     2.37941     4.51193
19     19     4     183.16     3.98056     3.89325
20     42     17     295.44     3.58513     3.41685
21     22     35     65.2     4.61098     2.69395
22     25     22     301.48     1.8479     4.60875
23     8     10     264.32     2.7289     2.55127
24     15     12     173.4     1.98558     2.53861
25     21     4     208.2     2.5502     3.73829
26     9     32     250.92     2.31062     4.66117
27     29     1     170.12     4.58086     3.53961
28     26     19     308.24     3.39319     2.6545
29     21     27     268.68     4.97447     2.62925
30     16     21     30.4     1.51271     3.95428
31     44     20     211.04     4.07712     4.25954
32     37     29     296.2     1.79652     3.59882
33     14     5     247.28     3.16012     3.76308
34     39     2     76.44     2.04593     3.88745
35     28     24     290.08     3.33956     3.36749
36     24     22     280.32     3.24995     4.35133
37     10     8     162.64     3.18372     4.82208
38     15     22     147.48     4.78637     4.53665
39     8     28     131.84     2.00844     4.83734
40     13     19     292.36     1.8104     4.60005
41     17     32     146.6     1.859     3.33697
42     24     19     297.6     2.33134     3.71723
43     47     35     237.08     4.68041     4.52261
44     36     25     266.4     4.47554     3.80329
45     21     2     205.32     4.67454     3.24999
46     37     33     299.08     3.93794     3.54625
47     12     12     107.04     3.84523     4.21934
48     14     21     261.68     3.62081     2.75254
49     23     19     34.52     1.73083     3.97671
50     45     26     200.52     4.45962     4.50522
51     39     9     214.68     4.82408     3.22855
52     20     19     276.32     1.93709     2.63459
53     47     1     202.52     3.17881     4.4689
54     42     38     177.36     2.28402     4.50194
55     33     2     194.28     1.70626     4.91852
56     8     18     137.6     2.36819     4.09444
57     39     8     165.72     4.65638     4.77706
58     45     7     304.2     3.27056     2.93397
59     11     11     16.76     2.28776     3.28738
60     26     6     267.92     1.54849     3.79749
61     39     13     275.16     1.72602     2.61261
62     14     29     287.6     3.68767     4.75043
63     46     40     273.52     4.00769     4.52574
64     43     28     77.56     4.24012     3.49216
65     41     38     254.12     4.31297     4.91104
66     32     10     178.88     4.65072     4.5146
67     35     39     236.6     4.88614     3.57898
68     37     33     195.4     2.77067     4.07239
69     46     30     187.12     2.14196     4.39337
70     42     22     309.84     2.05886     2.96655
71     11     28     293.24     3.96197     3.21001
72     40     18     296.32     1.97063     4.64011
73     14     4     270.32     3.67539     3.62964
74     14     12     299.12     4.53354     3.58585
75     31     30     209.56     1.73008     3.06154
76     46     12     126.64     2.11109     4.06774
77     19     37     24.76     1.54978     4.10108
78     29     9     147.08     2.35462     4.15357
79     8     24     105.92     4.07894     3.71868
80     15     28     245.4     2.84106     2.56073
81     29     36     170.12     4.51485     2.76223
82     16     35     240.64     2.89938     3.315
83     16     8     278.08     1.72784     3.27136
84     36     15     99.36     3.62465     3.22024
85     46     8     178.48     2.86926     3.60416
86     40     14     198.4     3.07872     4.64248
87     46     35     92.08     2.16503     3.87692
88     14     10     57.2     4.17923     3.605
89     14     5     232.88     3.89959     4.21621
90     13     16     234.76     3.77558     3.1972
91     21     6     133.32     2.08449     3.3227
92     23     18     195.8     4.91252     4.79469
93     23     8     118.04     4.31692     4.84901
94     17     13     244.52     3.28178     4.59265
95     13     5     110.92     1.82376     4.08826
96     15     4     72.6     3.86007     2.9516
97     42     15     76.56     4.69483     4.97688
98     21     3     64.2     4.73606     4.05591
99     30     6     96.24     2.30165     4.90822
100     15     13     49.56     4.12316     3.38389
101     15     38     115.8     2.90643     4.86015
102     42     31     165.84     2.5612     2.99142
103     35     38     150.2     1.95535     4.83428
104     17     34     37.16     3.80549     4.60753
105     23     26     46.04     1.56227     4.60784
106     33     37     202.92     3.90184     3.04254
107     44     1     133.28     4.17817     4.79835
108     37     40     238.6     3.45161     4.90905
109     45     24     122.76     4.94819     3.24015
110     19     34     183.16     4.56163     2.6545
111     42     22     240.72     3.75689     4.17455
112     28     28     284.32     2.98376     3.90782
113     24     6     107.52     1.96123     2.75086
114     24     4     165.12     3.44082     3.63674
115     30     24     274.8     4.80955     4.84199
116     8     28     36.8     2.13993     4.11908
117     9     32     239.4     1.54924     4.67002
118     34     32     54.16     2.97415     2.72546
119     17     21     106.28     3.7225     2.74689
120     33     11     35.88     4.41081     2.51564
121     34     11     65.68     1.64708     4.12595
122     18     2     297.36     2.56772     3.14623
123     20     18     126.56     3.58823     4.46593
124     33     7     223.08     3.47736     4.59136
125     36     20     252     3.61429     3.90851
126     41     7     66.92     2.53706     3.67618
127     41     19     95.72     4.14292     3.76743
128     47     21     90.2     4.64879     3.4225
129     31     1     264.28     2.17261     3.53084
130     16     21     208.96     4.54422     2.70684
131     23     6     167     2.20348     3.17522
132     14     26     143.6     4.2994     3.73135
133     13     6     157     3.34405     3.29264
134     32     9     164.48     1.53536     4.80659
135     24     24     191.04     2.60596     3.03011
136     31     11     134.68     4.30688     3.44775
137     14     16     258.8     3.88731     3.34178
138     9     39     230.76     2.67859     4.78271
139     46     30     218.8     4.64185     3.053
140     9     14     81     1.98889     2.77238
141     12     13     23.52     2.23638     2.73759
142     13     5     102.28     2.3009     4.24459
143     32     20     161.6     2.49626     3.90713
144     47     22     93.08     4.54134     3.23893
145     15     25     182.04     2.43741     3.51299
146     45     23     217.8     4.82632     3.16568
147     9     33     230.76     3.18596     3.76057
148     42     1     139.92     4.97543     4.27641
149     41     1     164.84     4.08631     4.73678
150     42     26     47.76     4.21256     3.9465
