1     43     25     586.253     4.25166     4.99763
2     16     16     151.813     4.46593     4.13511
3     8     12     38.8667     4.40985     3.56815
4     21     31     527.213     2.42459     4.43999
5     45     20     359.84     4.69173     3.22291
6     9     18     620.16     1.53236     2.8161
7     31     32     426.093     2.47714     2.71088
8     29     28     615.467     1.58684     3.61347
9     31     7     253.24     1.76212     3.16691
10     18     3     437.787     4.52393     3.16225
11     42     16     91.3867     3.00011     4.87899
12     9     3     521.387     3.60318     2.94679
13     41     32     374.36     2.1316     4.36811
14     12     34     42.8667     2.78156     3.09198
15     18     40     579.773     2.301     4.28121
16     11     26     350.533     3.27323     3.66176
17     21     4     144.467     3.26073     3.59615
18     24     18     307.973     2.79791     3.77087
19     8     22     63.56     3.46304     3.13906
20     27     29     249.24     4.01666     3.50833
21     28     8     287.28     4.33946     3.91484
22     31     26     352.013     4.15445     3.67405
23     38     30     519.52     2.76746     3.24915
24     43     27     629.467     4.31104     3.32736
25     22     33     423.267     3.22485     3.74424
26     42     14     66.6933     3.45888     2.64863
27     35     37     393.053     4.13138     2.54585
28     19     15     519.04     1.62861     3.61293
29     13     20     580.947     3.87844     3.42364
30     41     3     652.16     1.78274     3.47644
31     34     8     632.813     2.04518     4.16372
32     44     14     229.2     3.37492     3.57509
33     42     30     245.72     2.80367     4.27358
34     23     38     603.293     1.59912     3.43623
35     35     13     356.013     3.00993     2.99989
36     16     22     596.293     2.82493     2.70211
37     22     20     34.3467     3.48366     2.65847
38     12     5     431.787     3.72004     3.3665
39     23     33     29.1733     4.97501     4.77691
40     8     20     477.173     4.06163     4.82322
41     33     10     360.187     2.81841     4.04942
42     40     19     546.213     4.2336     4.22765
43     40     8     101.733     4.77537     2.60475
44     20     36     32.3467     4.91295     4.67063
45     13     22     62.3867     2.06238     4.58625
46     46     39     255.893     1.94189     3.66466
47     38     39     365.187     2.06922     3.54389
48     13     37     408.093     4.38945     4.44273
49     19     30     395.573     3.76223     2.64023
50     13     36     136.467     2.29833     2.56966
51     34     35     571.08     3.27601     2.66724
52     29     25     78.3867     3.12188     2.86607
53     11     29     560.427     1.69355     2.87683
54     32     25     278.933     3.84555     4.14449
55     21     18     428.44     4.51271     4.6231
56     28     24     608.293     3.79865     4.25817
57     23     33     362.533     2.29972     2.8177
58     46     26     367.013     2.15189     2.96266
59     24     33     635.16     2.53236     2.69723
60     44     21     420.573     4.60318     2.58957
61     16     39     232.067     4.12818     4.40359
62     26     37     550.733     4.25027     4.03264
63     28     36     546.56     2.1614     2.87591
64     45     13     304.28     3.15157     3.04689
65     14     28     236.24     1.76811     3.0565
66     19     13     235.067     4.57434     4.3598
67     27     8     261.587     2.73681     2.90773
68     9     23     280.627     3.92993     3.595
69     44     4     556.387     3.78872     4.24268
70     35     32     226.373     2.89703     4.50903
71     37     2     154.293     2.04379     3.86692
72     16     13     232.067     4.73211     4.03958
73     32     22     309.8     1.67571     2.53449
74     35     36     300.453     4.76757     2.66732
75     43     40     592.427     3.75336     4.21499
76     20     31     618.813     4.09709     2.5895
77     22     21     454.133     1.76981     3.17354
78     36     5     134.773     4.44894     3.7064
79     30     39     585.6     3.85975     3.8638
80     21     32     545.733     1.74631     4.91981
81     29     32     615.467     4.70338     3.63269
82     8     16     100.6     2.85559     3.2448
83     8     26     199.373     1.61803     3.23801
84     44     38     426.747     2.52147     3.23351
85     39     18     292.107     2.33807     2.67876
86     14     18     359.707     4.49081     4.21094
87     25     24     117.6     3.48131     4.83741
88     11     6     356.707     2.82194     2.82449
89     37     1     302.453     2.70316     4.43518
90     40     16     286.933     3.88421     3.40495
91     34     6     342.667     2.53867     4.79942
92     18     28     493.347     1.54198     3.64025
93     23     34     306.973     2.43185     4.94407
94     15     23     459.48     3.52927     3.06185
95     36     32     116.253     3.45236     4.46173
96     11     13     572.773     4.00876     4.3437
97     32     26     50.52     4.69974     3.72913
98     44     21     525.52     3.82098     4.91348
99     24     11     394.4     1.89511     4.42465
100     39     40     39     4.91925     3.87638
101     14     14     267.107     2.16129     2.85806
102     47     5     639.64     3.49295     4.25138
103     32     37     334.493     2.48846     3.6137
104     13     8     25.3467     2.77815     3.02034
105     29     35     121.6     1.88881     3.50497
106     43     30     635.64     3.55544     3.98923
107     11     2     72.7333     1.73905     3.34223
108     25     35     586.773     3.83551     3.46141
109     12     22     530.56     4.80869     2.51282
110     16     12     324.667     4.23243     3.72501
111     36     7     640.987     2.47714     3.87371
112     17     13     338.013     1.52371     4.35087
113     21     35     125.947     2.63886     3.95627
114     23     12     269.933     1.89906     3.80413
115     35     10     59.6933     3.79385     3.48415
116     32     20     291.28     4.89543     3.8683
117     33     32     397.227     2.8276     3.20345
118     33     27     88.56     3.51987     4.38131
119     10     7     306.32     4.97821     2.52495
120     39     4     514.347     4.06067     3.28433
121     8     3     217.893     4.48975     3.47942
122     38     30     501     2.58513     4.4834
123     24     20     579.6     2.45492     4.9852
124     22     36     522.04     2.12497     3.52283
125     12     39     191.027     2.34426     4.92798
126     41     35     534.867     4.04956     3.57181
127     16     37     145.64     4.2225     2.55387
128     38     15     414.573     1.62615     4.22338
129     22     34     114.6     4.65296     3.67428
130     33     21     520.693     3.76875     3.10518
131     18     23     462.48     2.28957     3.6832
132     9     26     95.4267     4.97255     2.80396
133     22     33     522.04     2.15638     3.38771
134     9     27     83.08     2.93762     3.10152
135     47     16     263.067     4.61354     2.65015
136     24     3     48.6933     4.37951     3.52351
137     38     1     291.107     3.51239     4.34378
138     40     25     484.48     1.52692     3.70098
139     8     12     205.547     4.03706     3.61957
140     26     39     211.2     3.30795     4.04408
141     31     7     92.7333     4.23339     4.98711
142     9     20     459.653     2.22185     4.22834
143     15     1     329.84     3.22634     4.70649
144     27     3     619.64     2.9013     4.49362
145     26     39     377.88     4.62369     3.49376
146     19     33     204.2     3.85868     4.75532
147     44     27     605.773     4.6082     4.53848
148     9     11     478.173     2.42309     4.02829
149     23     40     560.08     3.21683     4.3337
150     16     30     151.813     1.86242     2.6632
