1     40     7     50.1967     3.29438     2.9696
2     45     9     132.4     2.60874     3.18606
3     33     13     76.7     3.31265     2.9564
4     39     11     167.187     3.09069     2.57569
5     8     4     37.1333     1.99413     3.92705
6     17     14     78.18     3.79235     2.89972
7     44     1     145.967     4.6144     4.03958
8     10     3     14.37     2.24343     3.44562
9     40     2     74.96     1.67154     4.68017
10     31     2     63.0467     4.77398     3.70632
11     16     2     74.2667     1.71331     2.62062
12     31     5     80.5267     4.43345     3.19437
13     31     7     128.597     3.34982     4.99008
14     15     10     141.73     3.09891     4.06934
15     12     14     148.927     4.45471     4.55702
16     15     4     49.96     4.26971     4.07689
17     16     4     36.3933     3.05448     2.82586
18     19     14     20.4567     4.54978     4.80102
19     10     5     81.3767     3.9044     3.44508
20     35     4     132.597     4.81745     2.72813
21     12     13     38.22     2.75198     3.42738
22     44     9     182.383     2.58342     3.12449
23     43     12     48.8267     4.28829     4.68337
24     44     5     147.423     4.03525     4.22536
25     42     7     136.683     3.78658     3.36711
26     42     3     59.48     3.26971     4.23688
27     24     5     70.6133     2.42854     4.53436
28     36     5     92.81     2.21299     3.6507
29     45     12     146.967     3.81788     4.61325
30     30     12     123.227     4.72805     2.87095
31     41     10     77.4167     2.18159     4.18737
32     18     15     90.8333     2.4091     2.65374
33     13     6     103.313     4.25849     3.59188
34     35     15     161.73     4.56494     4.85878
35     24     12     123.053     4.37556     3.82107
36     8     14     136.187     3.88795     3.51398
37     12     9     115.423     3.71139     2.74972
38     47     1     103.81     3.8119     3.69274
39     39     15     72.5033     3.7477     4.16585
40     16     14     122.337     2.55725     3.20315
41     42     12     53.6533     1.9075     4.61653
42     38     4     58.3933     3.86285     4.58968
43     12     13     97.9433     3.38208     3.06619
44     10     9     87.2033     1.90622     4.94797
45     24     5     31.2833     3.64335     3.36734
46     23     11     25.9133     3.41113     3.55182
47     43     15     120.203     4.64666     4.54367
48     22     14     126.88     2.94232     4.79255
49     24     4     158.013     1.71801     3.88554
50     12     6     17.8267     2.38784     3.93063
51     36     15     145.25     4.13149     2.85867
52     23     15     126.423     4.62925     3.16073
53     10     1     126.533     1.87139     3.32469
54     21     5     146.273     2.39863     2.9883
55     47     14     61.5667     4.58534     4.07384
56     29     2     122.227     4.32408     3.91911
57     39     3     40.4567     2.22111     2.67144
58     19     6     147.187     3.6615     3.46095
59     31     2     100.92     4.85409     2.61567
60     41     15     167.73     1.71502     3.43867
61     33     10     73.7867     4.20028     3.30821
62     33     2     65.0467     1.94424     2.62055
63     43     5     98.3533     3.81756     2.83769
64     12     2     84.8333     2.75903     4.65819
65     32     8     144.163     2.49466     3.57517
66     14     2     124.707     3.00192     3.83793
67     37     14     53.0233     4.32728     3.08245
68     39     7     94.3533     2.61867     3.64605
69     37     15     69.0467     2.98109     2.83288
70     35     4     90.3533     2.01453     3.14493
71     46     11     89.7     3.14399     4.74441
72     35     10     136.967     3.60041     3.66321
73     41     7     71.59     2.16375     3.02522
74     18     7     130.163     1.52425     3.29707
75     38     9     116.66     1.87503     3.83229
76     9     1     32.3067     1.59175     4.22544
77     46     3     94.07     1.61237     2.74148
78     12     12     20.74     4.87321     2.83601
79     8     13     60.44     3.91209     2.53143
80     34     10     36.9133     3.99872     2.66572
81     12     10     129.99     4.90002     3.7788
82     9     13     80.3767     2.64057     2.65198
83     11     12     136.273     4.3684     3.26662
84     40     9     165.273     2.18319     3.19735
85     37     13     45.74     4.03941     2.70501
86     35     13     69.96     4.58054     2.54639
87     33     9     111.66     4.51634     2.76437
88     10     3     151.297     3.40098     3.47552
89     41     10     49.74     4.42203     4.92096
90     10     8     28.9367     1.5595     2.79435
91     35     12     110.747     1.72506     3.6153
92     11     12     22.6533     3.23852     3.6607
93     9     1     119.707     4.25411     3.72272
94     32     8     33.4567     4.49391     3.20696
95     42     15     174.557     3.89799     3.33682
96     42     15     111.92     3.55116     2.98036
97     23     13     60.8733     1.99519     4.36483
98     46     11     91.1567     2.78712     4.69413
99     30     9     99.92     1.90996     3.43577
100     18     5     122.88     2.40013     3.79223
101     34     8     87.8967     3.79545     3.12181
102     12     5     89.2033     3.26746     3.32659
103     34     2     111.203     1.54518     3.47064
104     27     13     44.48     4.99028     3.14615
105     22     10     132.707     2.93228     3.85166
106     27     14     80.8967     2.62572     4.39909
107     21     11     121.51     2.93463     2.61414
108     14     5     130.533     3.10735     4.34706
109     17     1     81.0933     4.7492     4.55771
110     22     11     135.62     1.85217     3.99228
111     33     13     121.857     4.49316     3.71578
112     20     12     62.2433     3.55597     3.51703
113     30     10     155.273     2.59218     3.95116
114     28     3     45.48     3.17496     3.03545
115     15     15     31.0233     3.3574     4.86427
116     38     7     160.36     4.09645     3.65818
117     37     14     54.48     2.74802     3.01386
118     30     4     107.203     3.49626     3.86914
119     23     1     162.84     2.82344     3.45019
120     21     6     45.7633     4.38304     3.71509
121     8     7     61.8967     3.88122     4.06072
122     38     12     46.74     1.83102     4.30746
123     12     5     128.533     2.28381     2.72828
124     10     13     23.11     2.90056     2.63695
125     15     15     31.0233     4.4718     4.80201
126     13     6     155.753     3.24418     4.20064
127     45     7     167.36     4.66514     3.38015
128     22     1     131.25     4.4028     3.44073
129     11     3     80.92     3.2523     4.90616
130     43     15     96.8967     1.78744     4.49744
131     29     1     103.29     2.86595     2.57645
132     18     8     57.33     2.8495     4.77287
133     13     5     136.817     3.14644     2.5618
134     33     7     72.33     1.93773     3.80795
135     11     15     37.22     4.69387     3.03987
136     32     15     84.44     2.84384     4.97238
137     23     15     34.6533     4.7054     3.54114
138     10     13     17.2833     1.53407     4.9659
139     25     1     77.44     1.80293     4.60715
140     15     10     73.2667     2.57007     3.63315
141     9     2     67.2667     3.04572     2.76131
142     45     1     45     2.71555     4.09085
143     15     5     76.18     1.63181     3.29188
144     26     14     69.7     4.73136     3.16652
145     21     13     127.337     2.28712     3.34773
146     19     9     144.273     1.85804     4.65133
147     24     8     73.5267     3.34085     2.84684
148     24     3     28.37     2.98622     2.86363
149     42     11     127.943     1.98964     3.19643
150     14     6     86.8333     4.01292     4.02684
