1     22     4     211.1     4.96667     3.14219
2     14     7     129.9     2.84565     3.78536
3     10     12     104.55     4.3104     4.86259
4     19     22     317.9     3.13063     4.43213
5     26     9     172.4     4.28925     3.18484
6     45     9     182.25     4.98857     2.95701
7     14     10     206.15     4.94937     4.97337
8     36     16     127.5     2.3605     3.83808
9     22     16     192.8     3.59069     4.53871
10     21     23     265     3.01848     3.47736
11     33     33     313.6     3.09378     3.29669
12     15     20     39.4     2.98601     2.51534
13     42     22     319.55     4.93292     4.7383
14     16     29     34.3     1.64484     3.45828
15     38     30     321.65     4.37759     4.71343
16     22     23     186.7     1.53044     3.61728
17     47     33     318.45     1.8809     4.52628
18     38     32     260.65     3.31404     3.36039
19     12     37     249.9     2.65616     4.34362
20     32     22     77.75     2.97298     4.67727
21     31     28     92     4.44018     4.41557
22     33     13     90.95     1.6474     2.55547
23     38     3     120.35     4.94435     4.10886
24     8     30     294.7     3.68629     4.17096
25     42     37     301.25     4.4937     3.7524
26     42     26     252.45     2.87866     3.38893
27     11     31     190.95     3.85313     4.2954
28     30     27     258.75     2.37439     3.07901
29     17     1     163.4     4.24044     4.77836
30     33     11     237.35     1.79107     2.74209
31     29     11     80.85     2.52809     2.61582
32     42     35     310.4     4.00961     3.94948
33     46     22     186.3     2.63181     4.19286
34     15     5     133.95     3.15563     3.59516
35     28     22     284.2     4.58663     3.27235
36     31     3     110.3     2.77035     4.96017
37     25     23     314.75     2.81019     4.71625
38     46     22     91.75     4.66759     4.08933
39     35     5     297.3     4.0548     3.51863
40     45     7     240.2     3.47864     3.98122
41     19     2     156.25     2.04529     4.15159
42     47     18     233.05     4.38496     4.08956
43     41     4     120.3     3.30581     2.72279
44     37     22     335.9     4.5376     2.63794
45     22     13     220.25     2.67272     4.44739
46     11     14     273.3     4.66535     4.24688
47     8     1     75.1     2.9968     3.92972
48     40     11     58.3     1.86872     2.87278
49     42     3     225     2.03087     3.26029
50     34     7     174.3     2.10361     2.56073
51     17     16     84.1     2.50662     2.92337
52     23     28     80.95     3.34993     3.50826
53     32     18     53.35     3.39842     3.01759
54     29     11     90     1.96966     3.44226
55     21     31     66.75     3.87364     4.78965
56     11     29     20.15     4.75219     4.30898
57     10     8     77.1     2.43207     4.9794
58     46     6     347.95     4.6457     4.27557
59     13     2     153.3     1.73211     2.97845
60     46     5     79.55     4.17785     2.54463
61     32     16     65.55     1.60404     3.30111
62     22     37     140.95     2.56323     4.48134
63     9     23     228.6     4.75144     3.36695
64     31     7     116.4     2.49776     4.55245
65     43     16     338.85     3.6395     4.09673
66     21     37     72.85     1.64164     4.57869
67     44     18     159.9     4.57199     3.32095
68     9     17     167.6     3.78893     4.79919
69     45     22     237.15     4.95386     4.50034
70     45     36     157.85     4.22495     2.74796
71     37     25     320.65     4.24343     3.25854
72     11     39     50.65     1.77152     4.94423
73     46     21     250.35     3.09047     4.22895
74     47     6     56.15     2.51923     3.89317
75     14     8     221.4     4.66257     3.21169
76     40     24     46.1     4.74738     2.90162
77     39     28     325.7     4.15841     4.64537
78     19     16     311.8     3.53087     3.70434
79     40     29     323.65     1.50972     4.3894
80     23     39     312.75     4.53621     4.40329
81     18     14     48.5     2.26928     2.82029
82     26     16     102.25     1.50299     2.72004
83     11     4     181.8     3.18746     3.23969
84     11     34     175.7     4.91433     4.56038
85     15     1     225.45     4.47554     3.09488
86     22     33     229.4     2.85398     2.89041
87     10     3     244.85     3.25721     3.01248
88     28     14     256.75     4.55138     4.42694
89     23     19     96.2     3.20711     3.64345
90     40     27     204.7     2.11419     4.13869
91     36     23     331.85     1.87706     2.82197
92     35     31     202.75     4.44809     2.56149
93     27     39     295.4     4.70968     3.0356
94     8     32     81.2     3.36402     3.42456
95     43     11     128.4     2.73948     4.20904
96     25     36     198.85     4.87364     4.0904
97     37     4     171.2     4.98184     4.29914
98     40     38     70.5     3.17112     3.80634
99     16     7     22.1     3.00855     2.70379
100     31     24     278.05     2.30346     4.76951
101     38     21     132.55     4.21245     3.98228
102     41     27     117.25     1.52777     3.5033
103     28     30     107.3     4.25753     4.38833
104     14     16     312.9     3.85633     2.54715
105     45     25     212.75     3.71833     3.71616
106     35     27     147.85     2.28883     4.95849
107     32     37     294.3     2.40611     4.95865
108     15     27     42.45     3.23232     4.12679
109     29     28     108.3     2.88197     4.2777
110     23     28     175.5     3.10874     3.90095
111     20     34     142     2.15851     3.78773
112     36     12     167.15     2.14975     4.02882
113     14     10     206.15     3.08855     4.65148
114     8     1     184.9     2.8793     3.40861
115     18     10     115.6     3.44061     2.98784
116     12     26     191.95     3.78338     3.65398
117     42     2     276.85     4.66364     3.59287
118     28     17     159.15     2.16727     2.97037
119     11     9     203.15     1.83711     3.9729
120     17     39     306.75     2.70113     2.84501
121     25     39     241.55     3.81083     3.69015
122     39     40     100     3.65157     2.54868
123     32     20     41.15     3.02991     4.02112
124     37     19     305.4     2.80218     3.94993
125     12     16     109.6     3.54935     2.92703
126     24     20     298.5     2.06078     4.14228
127     10     9     220.45     2.23457     2.83738
128     8     25     239.8     3.75433     3.38366
129     20     9     254.85     3.65093     3.74538
130     16     16     43.45     2.11109     3.34834
131     42     37     343.95     2.13875     4.11618
132     26     24     306.6     4.93132     3.1914
133     35     6     214.95     4.57808     4.60753
134     9     3     292.65     4.94339     3.42547
135     16     28     131.9     2.83903     4.60318
136     46     19     238.15     2.35025     2.61055
137     18     38     319.95     4.42117     4.05858
138     44     25     62.3     1.56067     4.35575
139     46     27     335.75     2.27879     3.15882
140     12     31     286.5     3.10981     4.63355
141     24     29     69.75     2.83572     4.78958
142     41     40     156.9     4.76618     4.40718
143     45     24     45     3.68554     4.82009
144     45     11     224.95     4.82685     2.56989
145     24     23     48.4     4.98067     2.69913
146     10     20     135.05     4.09987     4.19683
147     46     32     97.85     2.00833     4.8632
148     26     2     68.7     3.07413     4.10932
149     26     35     62.6     4.45492     3.45676
150     8     18     84.25     4.77697     3.25243
