1     30     12     80.66     4.76533     4.61112
2     8     5     130.18     2.09058     3.13448
3     27     10     134.28     2.86947     3.95116
4     31     13     111.46     2.19483     3.40793
5     32     11     160.14     1.89105     4.93049
6     44     4     100.62     3.15232     2.61147
7     38     11     163.16     3.48035     3.08481
8     10     2     275.22     2.40675     3.57624
9     26     12     252.48     4.7336     2.77154
10     16     8     227.58     4.77676     4.89296
11     21     6     310.06     3.34715     3.62384
12     9     1     232.5     2.45322     3.77308
13     20     11     103.44     4.95973     4.81887
14     20     3     219.66     2.68607     4.22307
15     8     1     288.12     4.68126     4.65735
16     13     1     84.52     1.65595     3.03011
17     30     5     122.38     2.30998     2.95671
18     34     15     296.24     2.53578     3.56174
19     17     3     142.16     2.23638     3.75584
20     38     15     67.8     4.23809     4.87632
21     36     12     173.08     1.53536     3.33247
22     42     12     83.72     2.85099     3.64734
23     32     4     151.2     4.74546     3.53389
24     15     11     265.32     2.26116     3.89981
25     20     7     195.82     2.33529     2.91864
26     29     7     46.88     2.46454     4.55893
27     31     10     132.32     3.85847     3.21238
28     40     14     317.14     4.06377     4.81132
29     16     9     117.32     3.29481     3.57524
30     45     2     283.4     4.4545     4.77905
31     31     12     159.14     2.5799     2.68136
32     17     11     79.58     3.19771     4.00571
33     26     12     267.38     2.32205     3.61255
34     43     1     308.22     2.58129     2.75575
35     9     12     17.94     1.70626     4.06217
36     37     9     200.9     3.3667     3.62522
37     18     13     250.44     4.08641     4.35369
38     14     14     294.12     2.72581     3.46583
39     21     2     125.3     3.76373     3.26998
40     11     12     16.96     4.86306     3.12143
41     25     5     57.78     2.95482     4.19675
42     26     13     31.96     2.32632     4.97665
43     45     4     182.08     2.94499     4.07666
44     21     9     29.94     1.50523     3.31813
45     32     11     216.76     4.43057     2.67769
46     45     4     223.8     4.81639     2.5087
47     10     4     105.36     3.04775     4.67284
48     29     4     106.48     2.07616     2.97357
49     41     6     294.3     4.58983     4.53269
50     19     8     165.02     2.56185     4.99886
51     13     10     200.74     3.91124     4.23063
52     42     3     223.78     2.75956     2.84318
53     19     9     257.4     4.51965     3.76041
54     34     14     60.82     1.79919     4.16173
55     14     9     177.9     1.85463     4.46616
56     22     12     173.98     1.5783     4.74204
57     41     5     55.9     3.75529     2.68487
58     21     5     77.62     2.07199     3.55312
59     39     2     44.96     4.11376     3.7019
60     35     3     160.16     2.33155     3.10694
61     43     9     69.82     4.21769     3.51787
62     29     13     285.28     3.66941     2.63199
63     32     6     55.84     4.77911     3.42936
64     24     1     220.68     4.53247     4.05965
65     19     2     305.08     3.65114     4.92126
66     18     14     161.04     4.5627     3.32316
67     28     12     311.1     2.73296     4.87152
68     31     13     108.48     3.84533     4.46883
69     40     10     78.74     3.06067     3.56944
70     21     9     134.24     4.34373     4.07979
71     42     13     119.48     2.08737     3.04506
72     17     7     243.48     3.02339     3.5126
73     21     9     125.3     3.64954     3.2123
74     8     9     73.56     4.66172     3.94581
75     27     6     202.82     2.12134     3.32347
76     15     14     53.74     1.84629     4.24139
77     18     7     238.52     3.75668     3.73737
78     44     2     103.6     2.66097     4.11855
79     42     5     277.42     4.71822     2.9989
80     26     11     240.56     4.55789     2.63993
81     40     11     156.22     2.79427     2.73217
82     25     13     218.7     1.91861     4.51102
83     30     1     199.86     4.30325     2.84516
84     19     11     162.04     2.80261     4.19042
85     24     13     86.58     1.68522     4.54726
86     40     5     263.5     2.38176     2.81465
87     41     11     151.26     2.28146     3.67977
88     43     3     48.96     4.06441     2.93413
89     20     15     58.74     3.3009     4.35804
90     11     11     192.78     4.30517     3.56182
91     27     1     199.84     3.97479     2.9268
92     27     8     27     4.1034     3.03476
93     12     10     181.86     2.3981     4.72778
94     10     12     206.68     1.68853     4.68802
95     30     4     56.82     1.55939     3.67939
96     11     10     219.6     4.89361     2.84051
97     9     11     14.96     3.55715     4.66994
98     46     4     281.42     3.71459     4.09452
99     11     15     73.58     2.50395     3.76194
100     22     3     254.44     4.56024     3.9465
101     28     4     227.66     4.11889     3.71059
102     10     7     135.16     3.68586     3.71113
103     35     5     225.72     2.00609     4.79293
104     28     7     96.54     4.81767     2.75758
105     30     9     220.72     1.62241     3.45111
106     28     13     63.76     3.9624     3.55838
107     22     11     78.62     4.43089     3.74722
108     21     8     38.88     4.40632     4.55069
109     41     7     195.96     4.74279     4.1306
110     47     7     258.58     2.3997     3.31011
111     38     10     100.58     2.74728     4.51857
112     44     7     201.94     3.03076     2.53716
113     28     7     36.94     2.22794     3.68824
114     28     4     305.14     3.28562     3.85601
115     36     13     262.48     3.46699     4.48225
116     17     15     204.74     1.79673     4.42564
117     42     10     98.62     1.837     4.32592
118     42     4     122.46     3.77836     3.86395
119     40     13     257.54     2.58075     3.55747
120     36     7     44.94     3.64911     3.98404
121     43     6     93.66     2.77708     4.07079
122     37     3     218.78     4.84352     3.84281
123     12     12     253.38     3.49626     3.26991
124     24     12     47.84     3.3088     2.60254
125     33     11     65.78     3.141     3.33758
126     44     7     82.74     4.69184     2.7047
127     9     3     172.9     3.47597     3.31423
128     20     7     297.14     1.71064     3.35604
129     19     5     159.06     3.8448     3.99136
130     24     10     29.96     2.71662     4.3276
131     24     10     271.34     4.57413     3.11632
132     18     7     95.48     2.94114     2.56607
133     12     3     268.28     2.06548     3.40991
134     19     3     39.86     3.43175     4.11779
135     17     9     40.84     3.57456     3.39625
136     20     12     100.46     4.17528     3.86433
137     28     6     66.74     2.17806     3.54595
138     29     5     255.48     2.90814     3.07222
139     38     14     166.14     2.92801     2.73049
140     25     13     120.36     3.11461     4.75394
141     12     12     23.92     2.19344     4.99023
142     39     7     265.48     3.21224     4.34149
143     16     7     302.08     4.18981     4.11435
144     11     5     97.42     1.92459     3.17301
145     46     9     326.12     4.69579     3.53343
146     28     3     266.4     2.34266     4.79164
147     23     4     142.2     4.95727     4.02463
148     43     13     180.08     4.17197     4.0566
149     41     2     67.82     3.27964     4.2291
150     34     6     185.98     1.66855     4.06735
