1     28     6     95.44     4.55298     4.90562
2     20     10     166.12     3.98686     3.46149
3     33     12     257.8     4.47148     4.94377
4     42     2     157.21     3.4373     4.41061
5     23     14     62.34     3.98708     3.92544
6     27     13     195.6     4.16033     3.37428
7     38     13     279.66     4.11483     2.88842
8     23     10     93.25     1.58502     2.89071
9     8     14     27.67     3.72549     4.02814
10     9     11     253.47     4.6991     3.00836
11     26     10     113.11     2.62134     4.1055
12     35     5     273.85     1.71705     4.84985
13     22     3     243.99     3.30068     3.16805
14     16     8     282.95     4.93933     4.48943
15     12     8     160.93     4.40803     3.58295
16     41     8     237.7     3.29588     4.64232
17     45     8     213.6     3.37342     4.38276
18     41     8     189.93     4.57958     4.16669
19     30     13     243.56     4.73852     3.42334
20     40     12     247.94     2.8652     2.87782
21     11     3     188.03     2.66973     4.85519
22     12     8     276.14     4.11792     4.17554
23     9     5     214.13     4.16044     4.4058
24     27     13     71.96     4.9874     2.98318
25     27     9     161.88     1.91861     4.97635
26     11     13     232.99     1.79011     3.99998
27     30     10     285.71     1.9436     2.54883
28     26     1     214.27     1.68041     2.76521
29     13     4     251.85     4.28958     4.90776
30     30     13     221.08     4.50673     4.53528
31     21     2     88.44     3.51666     3.17255
32     22     15     109.11     4.35655     3.47308
33     26     14     155.26     1.82974     3.64399
34     23     2     48.29     3.79     4.65011
35     17     3     222.13     3.40483     4.96162
36     24     2     288.14     2.25838     3.86082
37     12     2     118.78     3.90216     3.07497
38     22     13     125.97     4.21267     2.74941
39     33     7     162.26     3.16781     4.02699
40     25     5     157.07     4.89767     4.24978
41     43     10     76.72     2.6223     4.54894
42     45     5     275.42     2.83454     3.33682
43     31     10     267.04     4.83679     2.9693
44     34     13     76.15     3.99156     3.09137
45     8     7     176.6     4.79641     2.9342
46     45     5     202.36     3.64025     3.577
47     36     14     80.96     4.35206     4.94079
48     45     15     216.41     1.9013     3.52931
49     37     15     48.24     4.35858     3.18247
50     22     11     283.33     3.97661     4.85817
51     17     6     177.17     2.50096     2.70783
52     33     10     142.59     1.569     4.96208
53     18     2     91.06     3.80827     4.39077
54     18     5     268.09     1.99039     4.35492
55     22     6     227.13     1.85452     2.71378
56     32     12     225.89     3.45556     4.60562
57     32     3     133.16     4.14794     3.8641
58     33     10     224.08     4.06558     4.09017
59     30     6     221.08     3.70594     4.14129
60     12     15     141.26     2.47736     4.05583
61     17     2     56.34     1.82023     3.67817
62     45     14     202.36     4.26106     4.99832
63     32     4     158.45     1.50716     2.97433
64     13     14     15.81     2.44478     3.35101
65     37     11     301.14     3.14634     4.74143
66     39     8     317.19     2.24781     3.48712
67     14     5     14     2.30699     3.56159
68     19     3     271.9     2.49936     2.5341
69     29     5     102.06     3.76212     3.35803
70     47     9     162.21     3.74696     3.00058
71     9     2     20.24     2.68863     2.6783
72     25     1     47.48     4.55084     3.21566
73     11     11     70.01     3.05693     2.79008
74     46     7     318.57     3.46657     3.0813
75     10     5     215.13     3.20658     3.58913
76     31     8     157.45     3.21513     2.63611
77     15     11     23.43     4.61023     4.82025
78     15     8     88.06     3.03984     3.43303
79     17     11     267.09     1.82461     2.61025
80     38     4     296.52     3.75176     2.7282
81     26     7     68.15     2.62946     3.81397
82     32     12     65.72     4.46208     2.98318
83     32     15     110.68     4.85356     3.17225
84     31     7     151.83     1.50139     4.17951
85     14     1     53.34     3.38784     3.28249
86     21     8     88.44     3.52831     3.94536
87     41     5     63.48     2.88774     4.88243
88     27     14     164.69     3.32311     2.99509
89     19     5     134.21     4.66097     4.94507
90     37     12     37     4.2711     3.38145
91     11     4     162.74     2.74375     2.58736
92     43     2     236.89     3.53194     4.55985
93     42     11     292.09     3.16514     2.79099
94     25     1     41.86     1.89756     4.76501
95     40     8     202.98     3.39735     2.93542
96     16     13     263.28     1.83679     2.70096
97     13     12     86.06     1.99466     4.64331
98     11     2     258.28     4.22762     4.54283
99     40     6     143.97     3.42042     3.43913
100     27     12     296.76     3.7774     3.7508
101     36     8     44.43     4.05939     3.7199
102     44     4     111.44     4.13021     3.69793
103     22     13     283.33     4.91968     4.03798
104     38     12     153.21     3.66193     3.10877
105     16     10     184.6     2.02147     2.697
106     36     13     272.04     4.46229     4.31204
107     17     2     199.65     3.47298     3.66039
108     32     5     32     2.50502     4.30441
109     35     12     37.81     3.23424     2.77131
110     21     13     192.41     4.50534     3.62796
111     11     11     72.82     2.56783     4.28678
112     20     13     115.54     4.96454     3.0594
113     37     9     267.42     2.17849     2.72248
114     16     6     128.4     3.90291     3.11212
115     45     8     250.13     3.53824     2.51175
116     41     4     291.09     2.27932     3.8506
117     31     2     236.13     1.90066     2.97578
118     21     11     172.74     3.0988     2.51709
119     32     6     248.37     2.50214     3.60683
120     10     5     248.85     4.20711     3.97191
121     35     10     136.16     3.95012     4.6643
122     37     2     93.2     3.77377     3.94421
123     21     2     51.91     4.79951     3.08252
124     31     5     261.42     4.46155     2.59743
125     32     8     40.43     1.81628     3.69175
126     42     6     303.33     2.28359     3.40571
127     36     9     229.89     4.42918     3.25121
128     24     6     240.37     2.14954     4.84352
129     18     12     270.9     2.36723     4.79492
130     37     2     267.42     4.09645     4.88754
131     39     13     72.72     1.98708     4.78965
132     40     13     96.2     2.20946     3.33125
133     23     14     31.43     1.78584     3.10587
134     46     9     152.78     3.22976     4.41183
135     32     13     158.45     1.60286     3.30103
136     23     1     39.86     1.84822     4.74944
137     18     7     54.53     3.50822     3.21497
138     39     11     263.8     3.68896     4.0994
139     13     5     153.5     4.37834     3.37825
140     38     3     248.75     4.97853     3.91644
141     19     2     167.93     4.66065     3.2329
142     17     8     255.85     2.40365     3.73203
143     34     4     236.32     1.82397     2.66564
144     31     2     255.8     1.65659     2.84318
145     20     14     152.07     3.49765     3.8535
146     20     4     208.27     3.66642     4.81529
147     23     5     110.11     4.29737     3.42189
148     25     8     86.82     3.52008     4.79553
149     21     13     192.41     3.33903     4.91585
150     10     3     274.14     2.06911     4.64072
