1     30     9     404.1     2.74332     2.57591
2     21     6     158.6     2.25507     3.24328
3     46     5     359.9     4.50652     4.85626
4     11     5     208.8     2.84223     4.78256
5     13     12     47.4     3.46336     3.87646
6     39     10     125     4.88838     3.30187
7     13     3     146.3     2.11376     3.43028
8     36     8     122     3.33187     3.32919
9     12     10     59.3     3.3151     3.10793
10     12     1     373.2     2.82739     2.63451
11     37     7     312.2     4.17101     3.89126
12     42     11     46.3     2.22794     2.9825
13     45     9     303     2.60724     4.0624
14     13     11     133.4     2.25465     3.69648
15     31     6     426.6     2.6363     2.92405
16     35     12     60.8     4.85484     3.03591
17     33     3     346.9     4.30752     4.83345
18     28     13     148.4     4.2461     4.88533
19     37     7     41.3     2.84629     3.54678
20     42     14     467.7     4.64933     3.25663
21     41     15     316.2     3.98035     4.37887
22     16     8     372.9     1.7084     4.60349
23     47     7     47     2.95279     4.17272
24     8     15     261.7     4.59795     2.94801
25     21     7     55.4     4.22431     4.08345
26     35     9     65.1     4.31745     2.82083
27     46     7     179.3     4.86071     2.67342
28     38     5     162.7     3.67454     2.51213
29     8     1     33.8     4.60981     4.32104
30     47     9     184.6     3.9545     2.6371
31     12     7     119.5     4.16492     2.94092
32     12     4     110.9     4.27783     2.51213
33     25     5     184.1     2.11611     3.51741
34     44     12     87     3.14484     4.34454
35     33     14     88.9     4.58876     3.95016
36     11     1     428.1     2.16877     2.73461
37     42     4     300     2.06954     4.71236
38     18     14     413.6     4.99477     4.49011
39     39     13     447.5     4.42074     3.8216
40     29     13     248.3     4.40814     3.75263
41     28     3     436.5     4.58054     4.62271
42     12     11     20.6     3.12882     4.93812
43     21     4     188.7     3.95236     3.88379
44     11     6     109.9     1.79395     3.48766
45     8     11     412.2     4.98088     2.70425
46     42     6     338.7     3.12796     4.43289
47     22     14     280     2.41551     2.73568
48     13     8     43.1     4.29929     3.77232
49     15     4     19.3     4.76191     2.71485
50     45     10     397.6     1.96635     2.66106
51     35     4     207     1.9201     2.80946
52     45     4     432     3.00919     4.4129
53     25     5     291.6     1.51132     4.27641
54     14     4     82.8     2.44948     4.31433
55     35     7     35     4.39148     4.43251
56     12     5     356     2.05853     4.75188
57     40     11     190.5     3.35153     4.43762
58     38     8     442.2     3.15146     3.15142
59     34     9     145.8     1.50758     4.89044
60     34     10     356.5     1.56986     2.73019
61     45     8     126.7     4.87599     4.2365
62     38     2     227.2     2.35206     3.5612
63     30     2     240.7     3.13726     4.98924
64     16     4     80.5     1.59015     3.95016
65     9     15     202.5     1.58759     2.76269
66     24     8     58.4     1.97501     4.625
67     26     13     155     2.77708     3.11792
68     24     5     406.7     2.52884     3.23756
69     13     13     283.9     4.33615     3.72036
70     43     9     318.2     4.52499     4.17867
71     30     5     425.6     2.489     4.3112
72     27     11     336.6     2.09507     3.70434
73     42     10     364.5     4.75529     4.49019
74     41     3     53.9     3.02489     2.87576
75     11     14     428.1     2.83796     4.3115
76     26     9     163.6     2.73553     3.31111
77     24     2     54.1     3.70038     2.69204
78     44     2     48.3     2.45418     3.24976
79     43     7     399.9     3.3292     3.63201
80     21     1     433.8     1.57135     3.92956
81     17     6     318     4.68618     2.74789
82     35     8     151.1     2.68564     3.77621
83     22     4     241.3     2.84619     4.1187
84     21     15     403.7     4.83636     2.90498
85     30     3     111.7     3.82397     4.94369
86     33     13     420     2.42299     2.93573
87     21     14     438.1     3.58748     3.01325
88     44     12     177.3     3.81371     4.61905
89     40     1     272.2     4.25924     4.49225
90     46     8     192.2     3.13875     3.27631
91     10     7     250.8     4.50491     4.51529
92     11     15     58.3     3.2743     4.55168
93     24     2     71.3     2.60916     3.09542
94     27     4     362.4     2.51132     2.97594
95     37     12     88.6     1.74023     3.8448
96     10     2     328.2     4.4138     3.34422
97     46     14     308.3     3.40013     3.00729
98     33     14     127.6     1.86274     4.90486
99     47     12     141.6     3.06377     3.80497
100     19     6     62     1.78968     3.36154
101     13     15     202.2     2.00513     3.59577
102     9     11     361.6     3.09603     3.18796
103     18     11     95.4     3.81094     3.84442
104     22     5     271.4     4.76009     2.7546
105     20     6     239.3     2.58139     2.90567
106     28     13     376.3     2.13277     4.76814
107     30     9     184.8     4.81991     4.11985
108     29     3     226.8     2.91968     4.52322
109     21     3     42.5     4.5079     4.22109
110     11     6     62.6     3.35078     3.46744
111     12     2     373.2     2.36947     4.55824
112     9     7     112.2     1.53813     3.07794
113     17     15     223.4     2.82247     2.6278
114     39     6     107.8     2.52104     4.05087
115     14     7     435.4     2.61653     3.91987
116     42     12     355.9     4.49776     3.3034
117     32     1     40.6     2.66012     4.07605
118     25     15     442.1     4.7461     3.78803
119     43     5     51.6     4.53333     3.86036
120     17     9     287.9     4.23029     4.62004
121     37     4     157.4     2.1896     4.4425
122     35     15     189.8     3.8966     4.01601
123     23     2     293.9     3.84458     2.99333
124     25     15     154     3.15488     2.54692
125     31     4     65.4     3.55159     3.59333
126     28     7     131.2     4.04946     4.20171
127     24     10     187.4     3.96603     3.45302
128     41     8     114.1     3.61557     2.7646
129     16     1     28.9     2.79588     4.44647
130     39     8     176.6     2.42512     3.50444
131     17     4     348.1     2.44104     4.95659
132     26     8     107.7     4.81874     2.67685
133     17     7     339.5     4.31895     4.53391
134     27     12     250.6     3.82525     4.83848
135     35     10     39.3     1.87855     3.8667
136     22     15     202.6     3.27013     2.9738
137     27     11     375.3     3.80143     2.56455
138     43     4     395.6     3.56975     3.93521
139     37     14     92.9     3.39041     4.75402
140     38     12     450.8     3.71352     4.19423
141     23     2     293.9     2.64559     4.98665
142     23     4     272.4     1.93463     3.40632
143     34     7     292     3.52863     4.45982
144     34     2     184.5     2.06687     3.28784
145     21     15     313.4     4.91316     2.5499
146     15     2     105.3     4.58983     4.30555
147     10     8     409.9     1.72356     3.65825
148     44     8     134.3     3.36082     2.67823
149     40     9     418.4     3.76202     4.36872
150     30     1     154.7     2.03578     2.69158
