1     47     22     1028.26     2.75721     2.83815
2     8     29     42.23     2.40472     4.90616
3     22     20     683.78     3.3637     3.48857
4     15     15     1133.18     2.4358     4.22903
5     25     25     800.88     3.97404     4.81338
6     28     33     986.44     3.68415     4.99084
7     31     29     487.4     4.89254     4.52956
8     16     27     506.63     4.38517     3.87249
9     39     26     1008.85     2.18041     3.50887
10     26     22     744.83     3.84341     4.32752
11     30     24     703.19     3.20135     4.96689
12     44     28     797.06     1.57039     3.42792
13     42     31     384.3     2.35249     3.96535
14     12     34     1061.72     2.11109     4.02249
15     27     28     894.16     4.48622     4.7264
16     37     25     904.16     4.55757     4.70725
17     12     26     947.62     1.51581     3.25953
18     19     30     646.55     4.75005     2.60887
19     23     34     114.28     3.71171     2.80129
20     11     34     284.84     3.16546     3.98038
21     14     17     767.06     3.18319     4.56702
22     8     31     886.57     4.49434     2.60903
23     35     27     902.16     2.54849     3.81504
24     15     24     368.71     1.90333     3.53763
25     17     22     610.32     3.79246     3.72417
26     28     28     415.94     1.9875     4.59716
27     32     32     476.99     2.81083     4.58296
28     42     28     829.29     2.90835     3.25259
29     20     31     339.48     3.64356     3.29134
30     15     24     15     2.72004     3.76148
31     39     34     39     3.39383     3.17553
32     30     29     566.27     2.88325     4.64415
33     11     33     638.55     3.83636     4.11481
34     20     25     704.6     3.46614     3.96718
35     33     34     820.29     4.21139     2.98067
36     19     20     578.09     4.03343     4.93919
37     13     20     241.2     3.20797     4.38948
38     42     29     407.12     3.22196     4.31867
39     15     32     642.55     3.1333     4.26611
40     10     22     728.83     4.00491     3.63514
41     20     19     213.97     2.27046     3.7215
42     11     32     843.93     3.6427     3.22207
43     19     25     144.51     3.42309     3.24183
44     37     18     1063.9     3.32173     4.06262
45     24     18     1153.59     3.64794     4.69062
46     32     22     237.38     2.48035     4.94781
47     20     16     887.16     3.67507     3.62293
48     12     29     331.48     2.32301     4.94743
49     19     30     292.84     2.01453     4.41259
50     33     20     763.24     4.52104     3.69297
51     36     31     880.34     1.7523     3.19163
52     25     19     709.6     1.60115     4.47363
53     13     19     1142.59     2.03162     3.60202
54     9     34     693.6     4.52243     2.64405
55     37     32     790.06     2.22388     2.86035
56     27     18     871.34     2.4389     4.34561
57     16     31     118.69     4.78552     3.13456
58     23     23     958.62     1.65157     3.03919
59     23     18     741.83     2.80261     3.23359
60     37     30     1029.67     3.74685     3.85098
61     29     22     1124.36     4.72431     3.1093
62     45     24     489.99     3.42235     3.23084
63     42     27     544.04     1.78188     3.67092
64     40     30     713.19     2.50096     3.9227
65     12     22     1118.77     4.09656     4.41183
66     28     15     758.24     1.63224     2.74812
67     17     21     964.03     1.97404     3.84922
68     44     16     956.8     4.68041     3.70182
69     47     17     1016.85     2.88774     2.77604
70     45     30     638.32     4.301     3.8596
71     20     33     134.1     4.14762     2.82533
72     18     27     326.07     4.70444     4.59975
73     22     21     181.74     2.75828     2.84715
74     24     19     708.6     4.60724     3.1354
75     28     34     1077.72     3.96411     3.09832
76     35     33     902.16     3.37043     4.36102
77     19     18     555.27     3.98088     4.74395
78     32     21     100.46     2.32621     3.00996
79     42     33     886.34     2.91658     4.67223
80     9     24     408.35     4.79128     3.62575
81     14     19     36.82     2.37802     3.12128
82     28     33     724.01     4.26778     3.34468
83     47     29     708.78     1.7664     4.11855
84     12     17     194.56     2.83251     4.99199
85     17     33     872.75     3.75956     3.7328
86     30     33     1159.59     3.71288     2.98975
87     12     25     1107.36     4.48131     3.63857
88     13     35     218.38     2.55042     4.57816
89     37     20     869.93     3.35986     4.99313
90     31     24     190.74     1.85206     3.8477
91     27     22     106.87     4.67219     2.62589
92     46     32     627.91     3.12903     3.58585
93     10     30     717.42     3.77622     4.54062
94     32     34     476.99     4.7225     4.93484
95     43     34     1115.54     3.53119     4.22933
96     23     35     456.58     1.81767     4.86221
97     34     31     285.02     4.90504     3.29966
98     17     26     473.4     2.64527     3.94436
99     38     19     174.92     3.26896     4.41458
100     9     34     864.75     4.86915     4.46219
101     13     17     13     4.38047     4.54352
102     29     30     1124.36     2.16343     3.80894
103     38     28     905.16     4.05234     3.52756
104     38     35     38     3.47597     3.21146
105     29     34     97.46     1.51111     2.95618
106     35     35     867.93     1.97906     4.26283
107     27     22     631.73     4.44157     2.85653
108     30     29     303.84     2.20893     3.26853
109     43     16     1024.26     4.71854     3.69564
110     45     29     467.17     3.89116     3.40449
111     13     34     583.5     1.82781     3.69465
112     26     27     345.48     1.9545     4.68764
113     23     33     582.09     3.9733     3.95589
114     28     18     860.93     2.73243     4.25924
115     39     33     917.57     3.37129     3.90233
116     20     32     830.11     3.85163     4.48073
117     18     18     462.99     2.73382     4.52948
118     41     34     794.06     4.30784     3.84159
119     17     30     28.41     1.93773     4.46997
120     36     17     971.62     2.72987     3.18041
121     14     27     139.51     4.38304     3.8702
122     12     18     331.48     4.83102     4.71786
123     36     19     538.04     4.53685     3.5802
124     27     15     894.16     1.54689     3.9024
125     44     31     89.64     2.16631     4.65545
126     23     26     1084.13     1.86253     4.06857
127     25     35     823.7     4.75892     3.17087
128     27     33     209.56     4.82557     3.90774
129     29     15     622.32     4.12893     2.8486
130     28     17     552.86     1.74717     2.75109
131     33     29     67.23     4.2132     2.99684
132     20     25     898.57     1.59154     3.66565
133     25     22     1120.36     2.05309     4.26206
134     10     17     329.48     2.55138     4.36201
135     45     32     626.91     2.46486     4.69321
136     47     25     286.61     4.31158     3.41563
137     33     33     363.89     3.39639     3.61888
138     18     21     634.14     1.50053     4.2996
139     14     25     972.44     4.47266     3.33697
140     46     35     1152.77     3.82942     4.73052
141     47     18     743.01     3.72805     3.61614
142     23     29     901.57     2.41711     3.82649
143     13     21     1096.95     3.52628     4.01051
144     9     16     921.8     4.80496     4.57831
145     28     21     130.69     4.6677     3.98679
146     41     33     314.84     2.15723     4.13198
147     20     29     967.03     2.68415     3.36329
148     17     21     359.3     1.65061     4.3852
149     24     19     491.81     3.82183     3.06246
150     16     32     620.73     1.54935     2.89468
