1     18     15     232.88     1.7539     4.24863
2     31     3     196.92     4.81681     2.52045
3     15     11     159.16     2.48419     2.53418
4     19     4     108.76     4.62764     2.88446
5     46     10     130.32     2.02457     2.86569
6     26     4     88.56     4.36445     3.84571
7     32     6     154.4     1.88784     4.27686
8     18     4     181.2     3.02371     4.36102
9     36     10     180.16     4.62807     2.6326
10     34     12     115.6     1.68906     2.97746
11     19     13     174.04     1.60393     4.35026
12     39     13     161.4     2.88881     4.20942
13     36     15     106.72     4.93057     2.93207
14     39     3     278.36     1.64025     2.72744
15     9     10     117.8     4.61739     3.31149
16     40     8     233.12     3.18308     2.86096
17     25     6     294.28     4.89489     4.01097
18     18     11     20.72     4.39842     3.4122
19     36     10     218.24     3.22826     4.61303
20     41     12     114.44     1.91658     2.78321
21     26     10     151.12     3.01816     3.54305
22     12     2     207.84     2.4122     4.41557
23     36     8     44.16     3.98996     3.66543
24     41     11     152.52     3.58652     2.54212
25     33     2     111.88     1.76907     3.19132
26     47     14     272.76     1.837     3.25144
27     19     12     157.72     3.64591     4.39978
28     33     12     160.84     2.11504     3.36489
29     47     2     242.84     4.52574     2.67045
30     10     10     121.52     1.97105     4.626
31     32     14     94.56     3.56793     3.33003
32     44     7     283.36     2.28658     3.20238
33     21     7     108.04     2.01239     3.80955
34     15     9     161.88     2.6943     4.50034
35     30     9     266.64     3.19291     3.61583
36     40     9     121.6     2.68543     3.2915
37     11     6     30.04     4.2382     4.61432
38     40     1     50.88     4.90472     4.15281
39     14     6     188.08     3.96069     4.12481
40     9     9     223.88     3.13288     4.71793
41     20     3     272.96     2.43324     3.32965
42     12     15     145.28     3.95653     4.24184
43     47     9     207.48     2.75176     3.49483
44     14     8     150     1.6254     4.97826
45     15     10     55.8     4.4874     2.50244
46     38     11     57.04     4.09763     3.86814
47     44     4     207.2     2.8244     4.19721
48     8     9     152.16     1.77163     4.54283
49     22     10     283.12     3.88688     3.04376
50     29     11     298.28     4.90686     4.63736
51     46     2     171.12     3.75219     4.09833
52     17     4     117.64     2.72997     3.41823
53     18     12     34.32     4.65221     3.29127
54     44     1     46.72     1.73136     4.72243
55     28     11     60.64     1.86189     3.02293
56     26     9     26     3.14612     2.70951
57     11     14     59.96     4.27558     3.07207
58     11     2     239.48     3.62497     2.92619
59     25     3     185.48     4.67058     4.31616
60     19     6     100.6     1.59069     3.68305
61     12     3     278.56     4.6583     2.7649
62     27     12     269.08     2.28434     2.744
63     22     15     24.72     3.32311     3.90599
64     30     14     136.08     3.99658     4.32859
65     44     1     310.56     2.04839     4.86297
66     13     10     263.24     3.98782     3.9259
67     34     1     123.76     4.53023     4.36621
68     11     4     239.48     3.09624     3.42212
69     30     7     206.8     4.97821     3.03591
70     42     4     289.52     2.03183     4.03951
71     16     15     59.52     3.00491     3.97824
72     12     5     55.52     3.35975     4.58846
73     25     15     277.96     3.20145     3.69289
74     27     7     95     1.66919     2.53204
75     9     9     161.32     2.9012     3.2944
76     26     5     213.68     3.93185     2.86317
77     22     6     166.16     3.13128     2.54471
78     33     12     158.12     3.04604     4.79354
79     36     3     280.8     4.2508     4.19973
80     13     7     64.68     2.56964     3.75584
81     40     8     208.64     3.7775     3.66657
82     13     4     192.52     1.63961     3.71845
83     36     2     74.08     3.40088     3.97496
84     47     11     55.16     3.08     4.81201
85     47     14     112.28     4.18394     3.56014
86     9     9     202.12     2.6959     3.76896
87     33     6     188.04     3.9514     4.35873
88     32     13     293.12     1.757     4.67582
89     11     6     258.52     3.86616     2.71661
90     12     15     93.6     4.16674     2.53693
91     37     7     173     3.19291     3.11014
92     10     10     257.52     1.8197     4.65247
93     30     7     206.8     3.24909     4.67895
94     25     4     144.68     4.1474     4.80682
95     32     4     135.36     3.0439     3.07154
96     13     8     168.04     3.34939     2.771
97     25     10     182.76     4.10414     2.60399
98     15     3     170.04     4.81457     4.11763
99     19     3     19     3.48825     3.73043
100     11     1     277.56     3.7272     2.84661
101     13     13     146.28     2.98697     3.32591
102     33     11     49.32     2.36306     4.326
103     40     13     292.96     3.0126     2.7826
104     13     12     159.88     1.57135     3.54289
105     42     5     294.96     2.17486     3.91766
106     39     8     115.16     4.94435     3.66848
107     15     13     20.44     2.54444     2.69417
108     35     7     268.92     4.17528     4.93469
109     19     3     40.76     3.10446     3.25427
110     42     15     292.24     1.60276     3.82382
111     25     2     218.12     2.38881     4.76455
112     23     12     142.68     3.44424     2.57042
113     15     4     183.64     3.3088     3.57471
114     34     12     55.76     4.71438     3.9758
115     8     6     108.64     2.66631     3.18819
116     25     14     76.68     4.33369     4.03485
117     24     1     70.24     3.85537     4.54512
118     10     3     154.16     4.92309     4.87556
119     20     1     245.76     3.75048     4.11802
120     11     3     73.56     4.28626     3.01103
121     47     4     98.68     2.78306     4.82048
122     19     1     277.4     3.07936     2.90399
123     22     1     266.8     3.20508     4.72716
124     45     13     270.76     4.1693     3.34353
125     29     7     292.84     2.54016     3.60775
126     44     9     114.72     3.67721     4.13465
127     47     12     158.52     3.22228     4.77195
128     25     7     65.8     1.71245     3.10022
129     43     1     279.64     3.4217     4.72816
130     23     4     161.72     4.7915     3.39564
131     9     9     221.16     4.05918     3.15394
132     40     4     268.48     2.44542     3.63536
133     25     12     166.44     4.00673     3.17957
134     45     8     137.48     2.01549     3.3327
135     20     15     79.84     4.47618     4.48317
136     34     2     126.48     2.63491     3.65162
137     25     1     98.44     1.59581     4.19927
138     8     12     21.6     2.89906     3.47125
139     18     8     45.2     2.17368     3.13967
140     9     8     177.64     3.72271     3.26289
141     28     3     283.68     3.14911     4.82627
142     15     3     83     2.88507     4.27938
143     35     10     151.96     4.73072     4.83688
144     37     12     113.16     2.26255     3.05681
145     43     5     81.08     4.72324     2.96358
146     29     6     167.72     3.24792     3.72967
147     16     15     113.92     2.0408     3.18339
148     16     2     241.76     4.35836     3.15699
149     15     7     145.56     2.40878     3.94131
150     25     5     169.16     4.53012     3.86242
