1     11     28     503.96     3.41594     4.1644
2     11     32     333.32     2.5361     3.55617
3     19     16     862.72     1.8746     3.24381
4     27     20     614.76     4.68212     2.68921
5     43     32     185.2     2.47661     3.15447
6     20     27     275.96     3.4655     4.6128
7     41     24     856.28     1.8824     4.26519
8     22     18     609.76     2.1019     2.68036
9     31     12     903.16     3.13939     4.82109
10     45     15     357.84     4.89607     4.47455
11     13     39     297.4     4.75828     4.35171
12     41     32     733.04     3.91145     2.87088
13     19     4     549.88     2.47618     4.89189
14     22     9     344.32     2.82803     4.91554
15     23     17     165.2     3.7084     2.51488
16     45     26     300.96     4.48729     3.5139
17     21     23     324.36     2.1865     4.17798
18     9     14     776.88     4.12401     4.43342
19     42     20     762.48     3.78541     4.88075
20     35     22     224.6     2.28701     3.61736
21     24     9     848.76     2.03568     2.63573
22     47     28     900.2     2.44617     4.81216
23     37     36     975.52     4.82621     3.75187
24     20     40     114.8     3.78723     2.50656
25     44     31     584.36     3.7916     3.42967
26     8     7     8     3.1943     2.6841
27     18     39     558.36     1.88934     4.17013
28     17     23     898.64     2.9201     3.88684
29     10     6     351.28     4.66289     4.49469
30     37     28     785.92     2.94285     3.59294
31     18     26     918.6     3.19269     2.97906
32     12     14     647.16     2.51154     4.9057
33     20     11     569.84     4.73574     2.59873
34     25     33     328.36     3.87844     3.55579
35     14     17     933.56     2.55063     2.88682
36     44     11     138.8     4.21865     2.71554
37     18     27     283.44     3.91209     4.90532
38     42     25     136.8     3.73777     3.12601
39     39     33     958.56     4.31179     4.02791
40     36     27     756.48     1.96678     3.53633
41     30     11     541.92     2.34672     3.03583
42     28     11     46.96     3.24461     3.95573
43     37     32     511     2.7963     3.02614
44     19     35     199.12     3.38774     4.21789
45     39     8     437.16     4.38507     4.6324
46     46     12     576.88     3.04775     2.85798
47     10     18     322.84     3.73392     4.55741
48     28     23     720.04     2.25636     3.80215
49     40     7     163.24     4.99989     4.91981
50     25     7     243.04     4.15798     3.36947
51     40     29     495.04     3.70071     2.91147
52     47     13     94.4     3.42908     2.58629
53     18     13     539.4     4.22987     3.26876
54     16     11     537.4     4.88624     4.81323
55     13     22     629.2     4.55693     3.55518
56     20     26     531.92     2.2805     3.68465
57     37     15     852.28     4.11653     4.75768
58     41     12     894.2     4.7805     3.86067
59     29     1     313.4     3.38453     4.69436
60     14     34     506.96     2.64142     4.59151
61     10     11     597.76     2.14174     4.23551
62     40     8     134.8     1.56355     3.59447
63     16     27     148.72     3.42491     3.83671
64     29     4     114.32     3.23627     3.74348
65     34     12     147.76     2.16546     2.8843
66     11     2     86.84     2.07082     2.57088
67     46     34     482.08     4.01581     4.35423
68     10     3     777.88     1.62038     4.5822
69     15     8     15     4.36296     4.78179
70     30     17     598.8     1.68725     3.88249
71     33     19     772.44     4.52937     4.54566
72     46     13     169.24     1.61782     4.61646
73     41     36     685.64     2.16214     3.46324
74     16     33     82.36     2.28509     4.22018
75     19     26     180.16     4.80923     4.19897
76     19     31     293.92     3.25849     4.48523
77     33     5     51.96     3.68212     3.48483
78     42     40     876.24     2.1614     2.93611
79     18     20     852.24     2.10831     3.65383
80     24     5     441.12     3.21598     4.51964
81     17     40     102.32     4.16919     4.48561
82     31     18     372.28     3.47565     3.6063
83     26     7     917.12     2.02628     2.86431
84     47     5     122.84     2.24482     3.80566
85     25     26     394.72     3.93538     2.75002
86     13     20     543.88     2.18693     3.09252
87     11     24     191.12     4.94691     2.96121
88     26     36     765.44     2.11846     4.24688
89     10     9     85.84     1.79545     2.77078
90     16     11     584.8     2.49199     3.10549
91     29     27     351.32     2.97554     2.81442
92     40     31     561.4     2.5659     4.62661
93     22     16     40.96     2.50513     3.811
94     15     4     214.08     3.26191     4.26687
95     10     21     948.52     4.87706     3.0958
96     44     34     271.52     1.70989     4.67063
97     13     13     212.08     3.19739     3.96657
98     35     37     290.96     1.98045     2.6719
99     43     36     668.68     1.51239     2.84127
100     13     36     761.92     3.50459     4.10939
101     40     13     172.72     4.32119     4.22926
102     38     10     682.64     2.18105     3.9523
103     25     29     499     4.7774     3.51382
104     46     40     140.8     4.17208     4.24093
105     9     38     464.04     3.07787     2.54852
106     9     8     84.84     3.38453     4.83802
107     29     20     872.72     2.53899     3.0652
108     39     12     939.6     3.14089     4.49324
109     40     11     153.76     4.35986     2.8946
110     44     5     925.64     1.5361     4.72037
111     15     15     507.96     4.5737     4.99954
112     25     12     489.52     3.48302     3.98648
113     38     26     910.16     3.68682     4.32058
114     41     21     590.84     3.44403     4.71419
115     34     26     839.8     4.50449     4.93461
116     45     30     414.72     1.85163     3.09572
117     21     24     694.08     1.64431     2.52495
118     24     13     810.84     2.71566     4.22048
119     37     27     103.36     4.73852     4.66536
120     12     24     789.36     2.91829     2.51366
121     37     35     833.32     4.32098     3.91461
122     35     10     935.6     4.69611     4.98901
123     34     38     204.64     2.90472     3.72578
124     39     12     181.2     2.31051     4.81262
125     39     14     427.68     2.74514     4.66643
126     19     2     910.12     2.40504     2.68036
127     10     17     692.56     2.79118     3.4518
128     15     26     289.92     4.54988     3.50726
129     13     39     553.36     4.82386     4.79072
130     40     33     68.44     4.97458     3.42921
131     14     24     383.72     4.28263     3.5435
132     13     13     164.68     2.48825     4.61745
133     31     20     552.4     4.27911     4.69306
134     44     28     612.8     3.08652     2.90582
135     38     33     644.72     3.79801     3.62766
136     43     20     943.6     2.24664     3.23008
137     38     24     47.48     2.08599     4.23711
138     47     32     435.68     4.41017     2.87965
139     12     16     391.2     1.72794     4.82048
140     8     10     226.04     2.6521     2.56218
141     44     18     318.92     3.41017     4.30708
142     35     27     632.24     2.53931     2.78077
143     10     11     19.48     2.87225     3.78971
144     47     36     539.96     2.67486     3.02309
145     24     37     962.52     4.04497     3.37008
146     40     25     476.08     1.93036     3.76339
147     23     14     800.36     2.87727     4.31753
148     47     9     795.92     1.86648     3.77697
149     14     39     317.36     4.84928     4.03897
150     24     15     564.36     4.33956     2.76727
