1     34     5     236.3     3.55191     4.7261
2     46     1     161.6     3.80132     4.61051
3     23     14     268.65     1.83283     3.95062
4     36     4     197.84     4.88475     3.80001
5     16     13     94.03     2.30474     3.64551
6     37     2     172.83     3.59037     2.7076
7     25     3     201.29     2.79673     4.01906
8     33     5     177.5     2.42619     3.54732
9     35     4     228.63     4.15499     2.87721
10     24     1     180.06     1.50951     2.71783
11     18     1     257.87     4.34971     3.25114
12     18     7     165.39     4.26875     3.58615
13     30     5     105.14     1.77024     3.83625
14     9     8     92.81     4.33113     4.58296
15     27     12     90.58     4.20775     4.74426
16     34     15     74.46     2.59977     2.61078
17     33     13     174.61     1.52446     3.56769
18     32     11     144.71     2.01709     4.26527
19     12     9     165.17     3.51186     4.2568
20     8     8     178.51     4.51602     4.86732
21     20     8     161.61     2.93484     3.80902
22     30     15     203.4     3.15809     2.80992
23     14     14     63.13     3.76501     4.27091
24     23     9     187.73     4.46069     4.21583
25     26     4     239.86     2.59977     2.55249
26     44     14     200.06     3.90974     2.90796
27     20     15     57.57     3.77035     3.0546
28     30     8     108.03     2.1614     3.1933
29     11     1     152.61     1.63619     3.10793
30     12     12     58.24     2.43068     2.95808
31     13     11     189.29     3.56804     3.72494
32     23     4     184.84     3.06751     4.57617
33     16     6     238.53     2.61718     3.16477
34     22     10     215.63     2.82023     3.62964
35     42     14     70.9     4.87332     3.30981
36     26     3     283.21     4.78722     2.94221
37     34     13     195.84     3.00908     3.85517
38     36     9     62.01     1.55512     4.42495
39     13     5     145.94     4.51325     4.31082
40     26     6     112.7     4.52553     3.73394
41     34     2     106.25     2.60959     3.81581
42     22     15     270.54     1.92801     2.74178
43     15     9     301.11     1.8652     3.7656
44     30     10     255.42     3.02179     4.82032
45     42     12     229.85     3.98494     3.25106
46     29     4     86.8     3.9843     2.93611
47     16     9     91.14     2.79374     4.81071
48     16     8     229.86     4.98697     3.05948
49     25     8     293.77     2.40707     2.99493
50     42     15     105.58     4.95962     2.8843
51     33     1     90.8     2.58802     3.24343
52     41     3     159.49     2.04102     3.36169
53     9     5     153.5     3.79203     3.57402
54     23     4     288.88     3.2179     3.04559
55     45     2     325.33     3.8997     4.08505
56     18     6     72.91     4.65093     2.75117
57     44     12     246.3     4.13651     4.26969
58     36     13     272.98     2.18831     3.02499
59     35     13     121.7     3.18009     3.1428
60     28     2     82.91     4.06751     4.429
61     25     13     247.53     3.95578     4.6807
62     43     12     83.46     3.80303     3.13532
63     44     7     162.49     1.61803     3.57257
64     31     2     109.03     4.26341     4.33546
65     43     6     118.14     1.72132     3.78567
66     36     11     267.2     1.93442     3.45996
67     42     3     192.28     2.07701     4.94148
68     22     14     256.09     4.87054     2.71256
69     42     4     76.68     4.79833     4.00571
70     8     2     227.64     3.83305     2.91528
71     22     6     232.97     2.53279     4.79003
72     24     13     35.56     1.61718     3.16683
73     30     4     160.05     1.8825     2.76658
74     8     6     276.77     2.56484     3.31332
75     40     6     193.17     3.511     2.69501
76     39     12     131.48     4.26629     4.23132
77     42     10     313.66     1.93858     4.06186
78     30     11     168.72     1.94862     3.4238
79     34     15     236.3     1.52457     4.3321
80     44     8     304.1     2.05202     3.4283
81     30     10     174.5     3.13726     2.51442
82     42     4     47.78     2.99359     3.03728
83     36     15     183.39     3.51122     3.03766
84     47     6     243.52     2.61814     3.8319
85     43     3     317.55     3.79267     4.94011
86     22     8     258.98     4.33711     4.52719
87     24     3     41.34     2.77099     3.87188
88     27     14     128.15     4.4546     3.13044
89     10     3     293.22     2.79994     4.40916
90     25     3     111.7     2.68148     4.41237
91     30     2     304.55     3.90376     2.68113
92     15     12     43.9     4.33604     2.68921
93     45     5     307.99     3.57306     4.3096
94     31     6     103.25     3.73254     4.91981
95     9     2     43.68     2.24664     2.66037
96     13     13     122.82     4.75828     4.11252
97     11     6     74.58     3.98184     4.9089
98     38     15     87.13     1.63619     3.04689
99     47     9     110.58     1.81147     3.41578
100     22     6     85.58     3.87684     3.30638
101     30     14     272.76     3.78957     4.91737
102     25     14     77.02     3.91636     4.62424
103     11     5     19.67     1.72271     2.52693
104     35     7     84.13     2.94339     4.54146
105     40     5     294.32     1.59079     3.04987
106     32     11     156.27     3.91231     3.37771
107     30     11     35.78     3.65435     4.6099
108     29     2     124.37     3.24429     4.51468
109     24     13     263.87     2.24866     4.58892
110     36     15     90.91     2.21641     4.9913
111     9     3     84.14     1.76757     2.87889
112     36     4     79.35     3.03728     3.91247
113     17     11     115.26     3.33219     2.94649
114     15     3     298.22     3.6113     3.66947
115     28     2     244.75     4.14879     3.20971
116     18     8     145.16     4.98932     3.97313
117     34     2     34     2.55383     3.72753
118     41     13     150.82     3.50758     3.69976
119     40     13     89.13     1.74631     3.20162
120     17     9     71.91     2.61386     3.04903
121     38     13     69.79     1.70743     3.79131
122     43     9     43     2.38133     3.51512
123     23     9     202.18     3.80848     3.73997
124     40     12     86.24     1.70904     3.16942
125     21     14     52.79     3.60532     2.8148
126     47     15     90.35     2.7116     4.75661
127     10     1     15.78     3.32087     3.05872
128     40     12     300.1     3.29438     4.10268
129     32     4     274.76     2.01549     4.85488
130     13     13     148.83     2.41775     3.83564
131     41     4     243.3     1.94382     3.30317
132     12     8     185.4     4.04839     4.91905
133     40     8     187.39     3.10009     4.91058
134     47     3     179.94     2.29716     3.49689
135     14     4     146.94     3.45022     4.59212
136     43     2     196.17     3.74642     3.05284
137     46     10     138.48     4.85195     2.98593
138     36     11     229.63     2.96261     4.38025
139     18     5     231.86     3.66225     4.08025
140     8     14     164.06     2.19814     3.3655
141     35     6     237.3     4.53247     3.15249
142     39     9     301.99     1.77975     4.08383
143     21     7     165.5     4.88998     2.52129
144     10     1     12.89     3.18479     4.70748
145     16     11     212.52     2.60906     2.61139
146     41     12     225.96     3.80474     3.72616
147     32     3     205.4     2.36776     3.33003
148     43     14     132.59     4.39671     3.98083
149     38     10     254.75     3.19301     3.25655
150     33     12     171.72     4.72175     4.5088
