1     18     23     385.88     1.99455     4.41694
2     46     14     543.72     3.14826     3.98854
3     11     12     546.59     2.75059     2.98975
4     30     21     143.61     1.62497     3.37771
5     33     12     325.14     4.22495     4.58541
6     38     32     297.68     4.62711     3.84754
7     30     26     235.58     1.76244     3.87608
8     42     6     252.99     2.86915     3.27372
9     23     32     558.59     3.90045     3.82809
10     39     9     525.9     3.87428     2.57653
11     30     26     360.01     3.39714     2.7813
12     26     40     502.08     2.34672     4.20751
13     15     9     198.94     2.94916     4.34225
14     42     30     139.38     1.73264     3.4479
15     44     9     384.83     4.59549     2.5885
16     25     8     371.24     2.96828     2.52029
17     17     3     514.72     4.80955     2.58728
18     39     35     201.3     2.41498     2.51244
19     9     11     138.84     2.27804     3.72471
20     47     28     490.62     2.48302     3.11319
21     39     35     401.47     4.3684     3.34849
22     31     14     339.37     3.44157     2.66175
23     21     15     399.7     4.28231     3.22329
24     12     23     406.93     4.4169     3.50902
25     40     7     494.44     2.39831     3.79818
26     12     27     49.87     3.07787     2.69089
27     26     40     123.38     1.80026     3.78674
28     43     8     275.63     4.50929     2.91528
29     15     35     307.14     2.49509     2.55936
30     15     40     512.72     4.27206     3.86052
31     24     5     381.06     4.81617     2.84883
32     43     3     167.43     1.65125     3.78674
33     44     37     135.97     4.51549     3.76751
34     16     2     70.1     4.59229     3.9597
35     26     33     356.01     4.04315     4.13747
36     15     13     42.05     1.82279     3.38733
37     40     33     137.38     1.51389     3.63323
38     16     5     519.13     3.66439     3.86837
39     39     2     488.03     2.86178     4.23681
40     30     11     46.23     4.53001     2.85348
41     28     12     109.15     4.68126     4.50507
42     33     7     363.01     3.60938     4.11969
43     41     21     57.23     3.7571     4.15006
44     34     26     261.22     3.24279     3.75607
45     18     12     483.26     1.78103     3.93147
46     35     5     392.06     2.48088     3.96283
47     40     31     137.38     1.75604     3.36184
48     45     15     558.95     3.33294     4.66277
49     41     5     284.45     3.08802     3.72387
50     39     35     466.39     1.70241     2.92497
51     22     12     341.19     2.36509     3.9008
52     14     16     100.56     1.51036     2.70112
53     36     13     122.56     3.32482     4.01868
54     40     31     207.71     3.00555     4.87442
55     20     11     295.91     4.50769     4.40191
56     31     40     409.7     3.76223     2.6207
57     19     32     397.7     3.09987     4.84016
58     12     30     450.21     1.86637     4.58266
59     11     31     102.97     4.46176     4.16913
60     9     22     458.03     4.78872     3.35559
61     16     19     237.81     2.34501     2.66259
62     46     20     424.7     1.94424     4.28693
63     11     15     43.46     3.29716     4.73792
64     22     22     249.22     2.44168     4.58701
65     10     12     248.04     4.25283     4.47317
66     39     15     260.81     1.51805     2.75292
67     46     38     354.37     3.8135     3.93757
68     29     13     61.46     1.66214     3.30554
69     28     7     298.5     1.71384     4.33401
70     15     19     177.3     4.42491     4.33721
71     21     34     405.11     3.97693     4.95399
72     8     40     164.89     4.41733     2.87408
73     46     25     51.41     2.25475     4.94522
74     23     30     439.57     2.99637     3.04941
75     24     16     115.97     4.35858     2.89178
76     40     20     467.39     3.1379     4.59006
77     25     40     544.36     3.97522     4.20682
78     25     37     198.12     2.99712     4.11519
79     33     13     87.1     1.57125     3.83732
80     14     39     300.73     2.15648     4.24787
81     30     32     143.61     2.98547     4.28182
82     37     28     80.28     3.06174     3.03842
83     25     38     425.34     2.70743     3.92064
84     42     4     182.66     4.14441     3.70151
85     15     15     171.89     4.34448     3.15821
86     21     26     394.29     2.13245     4.66399
87     9     24     198.35     4.77644     3.37832
88     23     10     212.35     3.54903     4.92714
89     27     33     292.09     4.99658     3.71174
90     25     9     338.78     3.39671     4.73983
91     41     39     230.35     2.14196     3.11594
92     13     37     343.01     4.53194     4.08528
93     13     28     343.01     4.70946     2.76826
94     27     1     389.47     4.22452     3.97977
95     27     2     167.66     4.46026     3.77056
96     13     34     278.09     3.90611     3.08382
97     22     19     557.59     3.01154     2.66663
98     27     20     427.34     3.60575     4.62622
99     23     4     250.22     2.11632     4.77294
100     23     38     104.15     2.07295     3.64002
101     29     14     386.06     3.12957     2.82044
102     34     18     418.11     2.58823     4.51201
103     24     4     310.73     1.66268     3.41044
104     22     39     86.92     3.46101     3.8432
105     36     15     333.55     1.92576     3.7814
106     18     30     553.59     4.71502     3.62346
107     21     37     486.26     1.75625     3.88951
108     42     8     69.05     2.96187     4.7174
109     37     13     383.24     4.33604     3.80116
110     28     6     444.57     2.46123     3.16294
111     39     13     282.45     4.09581     3.89782
112     19     16     554.59     3.86894     4.28343
113     8     5     543.59     2.80656     2.89407
114     8     7     13.41     2.17251     4.61081
115     17     17     33.23     3.35954     3.66718
116     28     10     179.48     4.31446     4.12206
117     46     26     121.74     2.23211     4.39993
118     47     29     68.64     3.50224     3.78834
119     18     38     109.97     1.64292     2.53555
120     28     29     271.45     4.70701     3.43593
121     33     28     422.52     2.89308     4.04584
122     27     6     237.99     3.34854     4.92027
123     28     9     314.73     1.89575     3.01019
124     22     37     530.54     4.66887     3.11212
125     24     37     510.9     4.39297     4.00937
126     12     6     433.98     3.29235     4.69695
127     39     6     185.07     4.85986     4.82971
128     25     7     387.47     3.47394     4.78515
129     14     12     338.6     2.59624     4.4808
130     44     11     173.84     3.03471     3.83709
131     37     20     42.41     2.50641     4.02631
132     15     33     36.64     3.98483     4.89868
133     11     30     535.77     4.06548     2.72546
134     43     18     243.17     4.33433     3.6504
135     31     6     187.89     2.97383     4.48912
136     34     14     120.56     2.59058     3.76873
137     40     14     115.74     1.99893     4.64652
138     27     7     432.75     4.44488     2.59972
139     14     2     500.9     3.00481     4.52597
140     17     13     260.45     3.6442     4.64576
141     14     27     408.93     4.66845     3.84716
142     44     32     49.41     3.55277     2.86378
143     34     14     472.21     2.38421     3.42624
144     30     17     154.43     2.3997     2.77734
145     15     18     366.65     4.35601     3.19338
146     15     10     388.29     1.71448     4.39978
147     13     13     83.33     4.37631     3.02309
148     42     9     334.14     2.95044     4.47073
149     11     15     194.94     2.29246     3.87646
150     22     9     254.63     2.79438     4.00533
