1     30     27     381.405     3.58716     4.99107
2     16     14     139.3     2.86766     3.56052
3     34     6     447.055     4.65659     2.66915
4     20     27     186.455     4.68938     4.89349
5     33     21     242.61     2.12647     3.06909
6     27     14     600.345     3.24792     2.68563
7     47     30     151.805     4.0188     4.55832
8     26     5     513.035     4.13416     2.54463
9     35     6     577.52     1.90291     4.8207
10     27     26     174.96     1.57979     3.48155
11     26     10     352.745     3.50438     3.48399
12     12     9     61.32     1.65841     3.1943
13     20     25     155.63     4.4985     2.55913
14     16     21     256.435     2.17432     3.66344
15     13     31     537.025     4.49359     4.69207
16     36     12     627.84     2.73873     4.56015
17     29     36     47.495     4.20071     4.22819
18     35     14     59.66     3.03311     4.46707
19     9     35     385.065     4.79118     3.58936
20     19     26     259.435     3.26073     4.91157
21     15     28     606.84     2.44104     4.96361
22     29     24     355.745     3.28541     4.71122
23     22     34     570.685     2.5643     4.80644
24     41     16     41     3.95695     4.63218
25     20     22     106.31     4.732     3.65612
26     40     34     613.345     3.62593     4.86
27     29     18     546.86     3.78018     3.75988
28     17     4     66.32     3.84394     2.78245
29     35     6     411.065     3.60446     4.51392
30     37     39     141.805     3.25262     3.58577
31     41     22     435.56     1.64292     3.21497
32     18     34     283.095     4.1599     3.66222
33     22     10     595.345     3.54561     3.62506
34     35     30     287.765     3.80346     4.33134
35     16     29     108.475     1.53194     4.84817
36     38     40     512.705     1.80218     3.37275
37     47     15     392.24     3.93602     3.01988
38     37     3     579.52     2.7947     4.37239
39     22     3     176.125     3.93858     3.30943
40     22     19     336.415     3.76522     3.87989
41     21     26     218.28     2.98718     4.73388
42     43     34     369.745     4.55779     3.8802
43     34     38     373.075     4.90397     2.78497
44     43     7     277.27     3.07701     4.5761
45     11     31     195.95     1.67945     4.86946
46     47     26     318.26     3.1771     4.98413
47     37     9     530.2     3.45663     3.55968
48     21     33     508.035     3.73777     3.84297
49     33     28     520.035     4.19921     2.65923
50     41     15     139.64     3.92779     3.33384
51     25     11     604.51     2.04999     3.57936
52     39     31     606.18     3.65648     3.11411
53     15     6     249.27     4.37599     4.52834
54     18     5     184.455     2.71235     4.66239
55     15     24     329.415     3.49989     2.51358
56     24     30     332.25     2.08908     3.43722
57     8     18     149.795     3.62081     3.15638
58     19     35     530.695     3.99925     3.84785
59     47     38     96.32     4.4216     3.3182
60     34     18     397.735     3.57562     4.53688
61     36     20     270.27     4.36317     4.04073
62     14     5     464.045     3.75956     3.97656
63     11     33     121.97     2.66781     3.79742
64     22     25     83.65     4.3777     3.87677
65     12     27     474.375     3.48846     4.55832
66     43     15     628.675     3.90493     2.90544
67     12     30     449.715     4.76629     3.16668
68     29     39     324.92     3.41626     3.22237
69     33     26     532.365     3.27569     3.02873
70     12     40     616.17     2.22485     4.82437
71     10     10     546.355     1.85676     3.61522
72     31     17     505.705     2.70882     2.70356
73     20     38     365.24     4.83508     2.77627
74     17     36     423.89     3.3244     4.3186
75     30     26     276.6     1.62893     4.36827
76     47     29     219.62     4.30731     4.87693
77     39     38     452.055     1.54508     3.69282
78     11     32     17.165     1.56131     2.93138
79     26     28     235.61     4.25999     3.24946
80     28     32     416.395     3.73499     3.78803
81     33     5     458.385     3.9906     3.79978
82     27     40     384.57     2.48408     3.2268
83     23     36     170.96     2.85142     3.24404
84     16     38     577.015     4.42438     4.03462
85     36     9     405.9     1.8997     3.31126
86     27     27     335.25     2.26885     2.8515
87     37     16     55.495     4.86755     4.06064
88     28     13     336.25     4.15499     4.82849
89     10     7     281.26     3.08193     3.69617
90     27     29     569.52     2.15734     3.59806
91     14     11     14     4.57221     3.69388
92     16     25     299.59     2.48996     4.05805
93     18     12     24.165     2.36488     4.24078
94     29     11     312.59     1.89415     2.9667
95     43     20     184.795     4.46657     4.98726
96     47     40     225.785     4.7148     4.8513
97     39     28     649.335     3.03269     3.61118
98     33     26     390.57     3.66428     3.2284
99     20     31     223.445     1.72645     4.69527
100     8     6     433.385     4.77366     4.63775
101     25     29     129.805     3.26276     3.91598
102     32     23     383.405     2.03076     2.987
103     26     10     340.415     2.64057     2.54601
104     29     9     485.21     3.20743     4.21117
105     25     12     296.26     3.56366     4.76852
106     19     30     419.725     1.87204     3.74203
107     40     32     360.58     2.04689     2.80389
108     39     5     242.445     4.09143     4.2922
109     39     6     199.29     3.71235     4.8497
110     12     38     153.795     4.81938     3.9507
111     44     16     494.045     4.77078     3.33186
112     47     40     71.66     4.97255     4.59082
113     30     7     66.99     3.19205     3.47003
114     27     19     575.685     2.69451     3.09107
115     26     6     38.33     1.56238     4.65392
116     46     6     508.375     4.30677     2.86843
117     38     29     636.005     1.62946     4.63279
118     25     26     246.94     2.44713     3.22398
119     17     16     220.445     4.5345     4.01776
120     28     5     330.085     1.89671     4.00113
121     16     37     120.805     2.73232     3.59584
122     8     8     476.54     2.0925     3.05597
123     18     26     54.99     2.09912     4.45723
124     20     33     118.64     2.82942     4.04134
125     22     28     570.685     4.22698     3.43448
126     8     10     217.61     1.64847     4.50148
127     31     17     234.445     4.90622     3.85472
128     13     8     265.765     3.91348     4.28106
129     31     7     462.55     1.79566     4.10398
130     27     5     458.55     3.57381     4.24543
131     25     2     43.495     4.28007     4.00395
132     25     22     191.455     4.61653     2.81388
133     21     34     27.165     3.51442     4.00182
134     9     22     545.355     2.70455     2.80564
135     16     26     342.745     4.15734     4.67208
136     32     33     605.345     4.0031     3.59775
137     34     11     410.065     2.29011     4.03066
138     35     18     380.24     4.1928     3.59577
139     38     31     296.93     4.02478     2.66236
140     37     14     443.89     4.67176     3.01729
141     13     15     191.785     4.29844     4.16028
142     10     14     231.94     2.94317     4.48729
143     27     37     273.6     2.85612     3.37703
144     24     17     597.345     2.69269     3.94642
145     33     26     458.385     4.92085     4.99039
146     40     31     631.84     1.55095     4.37208
147     41     9     349.25     3.0502     4.87915
148     17     23     72.485     2.04561     4.81094
149     37     19     141.805     3.18233     4.31318
150     29     34     294.095     3.73948     4.72518
