1     36     34     78.4233     3.25764     4.38887
2     22     23     172.41     3.31841     2.94664
3     46     30     153.987     1.87524     4.72854
4     11     15     342.673     4.23499     3.75401
5     41     29     44.8567     3.01859     2.57485
6     13     27     244.4     2.00855     3.98564
7     11     17     358.1     3.55405     3.32469
8     33     28     256.687     1.64303     3.63216
9     26     30     299.823     3.50128     4.67978
10     44     18     151.987     2.826     3.13837
11     27     30     262.257     4.51602     4.89883
12     10     22     33.14     3.00491     4.31173
13     46     32     342.963     3.55971     3.86189
14     38     34     361.96     2.65093     4.04286
15     16     20     393.953     2.75721     4.44746
16     45     20     272.543     2.2101     3.33918
17     40     34     232.833     3.94168     4.22185
18     11     15     226.973     4.74194     4.17028
19     34     21     334.82     1.88656     4.94102
20     28     29     201.55     3.24514     4.12587
21     8     20     58.1367     4.22623     4.86534
22     20     28     43.14     1.67229     3.88714
23     27     31     362.53     4.56249     3.886
24     32     19     390.67     3.13042     2.50931
25     38     15     361.96     3.26052     3.96527
26     35     27     258.687     3.76917     3.01798
27     20     34     343.96     2.43057     4.88754
28     10     15     56.28     2.85794     3.31675
29     29     26     75.28     3.09816     2.82449
30     40     20     333.107     4.54924     4.90814
31     13     21     259.827     4.56142     4.21186
32     26     23     342.247     4.32942     4.42686
33     29     23     252.687     2.43602     4.93851
34     20     15     355.53     2.15766     2.98555
35     24     35     31.7133     2.88784     4.84886
36     19     29     134.7     3.79246     3.33277
37     47     19     247.547     4.05245     2.55707
38     17     33     151.983     3.30485     4.82391
39     46     27     308.253     4.1426     3.07443
40     20     15     313.107     2.77964     3.70418
41     28     26     70.4233     4.74375     3.24809
42     38     21     273.257     2.70412     3.70472
43     47     21     93.28     2.29545     2.51343
44     15     34     354.387     1.54454     4.45036
45     13     27     209.69     2.76255     3.95871
46     15     30     269.54     4.5094     2.68029
47     36     30     174.84     3.49145     3.20154
48     45     22     318.823     3.00053     3.78193
49     19     24     30.57     1.75539     2.57874
50     18     26     114.417     1.7523     3.63575
51     31     15     343.39     1.98729     3.14821
52     30     32     180.41     2.65723     3.27403
53     40     34     282.97     4.19942     4.50301
54     10     34     183.55     4.78007     3.85159
55     41     20     368.817     1.59015     4.89898
56     29     18     275.827     3.05853     4.42869
57     43     35     363.103     4.84031     4.1934
58     16     24     378.527     3.19259     2.56661
59     10     29     110.273     2.0941     4.59792
60     17     35     171.267     3.72004     2.73675
61     22     17     122.273     1.6301     4.24192
62     27     33     250.687     4.7806     2.54006
63     44     35     205.98     3.21812     3.55045
64     36     27     182.553     1.56655     4.24123
65     43     33     224.263     3.16428     4.43289
66     38     19     300.253     4.4624     4.11397
67     39     30     231.833     1.54337     4.78553
68     15     23     319.677     1.86958     4.59922
69     18     33     214.69     4.61931     3.30546
70     33     34     171.84     2.22185     4.27602
71     29     23     229.547     4.95129     4.61814
72     11     22     30.2833     4.6849     3.14455
73     19     27     385.383     2.19002     4.71625
74     46     31     157.843     3.54593     3.22199
75     23     29     196.55     1.55982     4.21209
76     41     31     183.697     1.78947     4.45051
77     9     24     113.13     4.02799     4.40176
78     37     32     418.81     2.36167     3.418
79     45     22     156.843     2.16247     3.64216
80     33     34     333.82     1.62017     4.89181
81     44     22     364.103     2.67742     4.04073
82     47     17     151.13     2.47426     3.66337
83     41     17     287.827     2.1646     3.45691
84     29     33     52.14     1.71     4.20766
85     29     26     291.253     3.51421     2.81693
86     14     18     83.42     4.00449     3.15271
87     43     29     382.387     3.02158     3.74088
88     23     30     73.1367     3.12647     4.56397
89     45     26     314.967     4.18276     3.9816
90     34     17     269.257     3.82568     3.0388
91     45     31     230.12     2.17603     3.17728
92     14     35     199.12     3.90846     4.61592
93     13     23     221.26     2.03311     3.9156
94     20     24     332.39     3.00182     2.99493
95     16     28     112.417     3.99541     3.1106
96     27     27     177.41     3.00427     3.57044
97     14     23     380.383     1.55939     3.69236
98     22     24     210.977     3.72474     2.77718
99     44     28     256.117     2.70925     4.10878
100     17     19     24.7133     4.20872     2.74865
101     33     29     237.403     4.33647     3.14013
102     23     19     235.117     2.75187     3.7875
103     10     31     279.967     3.84725     2.52594
104     31     16     370.387     2.60105     4.64866
105     31     16     351.103     2.4577     4.90463
106     19     25     84.5633     2.3433     3.1354
107     21     25     194.55     3.67624     4.56496
108     24     19     398.097     2.48195     4.50751
109     10     33     241.4     3.47287     3.51115
110     16     25     266.683     3.69996     2.70135
111     27     27     146.557     3.63768     2.83952
112     35     16     92.85     3.81137     4.36415
113     33     22     218.12     2.82493     4.42793
114     33     17     353.103     3.90013     3.19857
115     8     22     131.413     3.78573     2.93741
116     42     19     269.543     2.64591     4.62188
117     39     19     104.563     1.78797     3.12746
118     22     29     349.817     3.33807     3.2358
119     27     15     281.54     3.22399     4.98222
120     21     29     364.243     2.07637     3.11052
121     19     33     381.527     4.40493     4.15014
122     33     23     59.9967     2.66054     3.37985
123     21     31     21     4.04358     2.69616
124     47     23     73.9967     2.16535     4.1496
125     40     23     47.7133     3.92438     2.66594
126     10     31     71.7067     3.20508     2.71805
127     24     21     112.703     4.76041     4.96284
128     47     34     205.123     3.88443     2.60971
129     38     23     284.827     4.23862     3.53732
130     10     35     13.8567     3.93698     2.92062
131     13     34     167.267     4.2524     4.88914
132     40     31     124.847     2.55191     2.97647
133     30     19     330.82     2.82109     2.88148
134     10     22     241.4     1.88699     4.80354
135     28     22     159.127     2.19771     3.86837
136     9     16     309.82     2.27035     3.41166
137     33     20     202.693     1.66375     4.6334
138     28     34     290.253     3.08876     4.89044
139     15     30     261.827     3.01164     3.14234
140     20     21     301.537     2.36392     4.81666
141     16     34     301.393     4.2147     4.60746
142     32     17     259.543     2.01634     4.47569
143     38     17     84.28     2.28413     2.86409
144     9     20     221.117     4.81617     4.89433
145     36     26     174.84     1.8151     4.56069
146     24     25     174.41     3.0219     3.68664
147     19     26     254.257     4.7178     3.66008
148     35     31     301.11     4.2069     4.71206
149     14     23     233.83     2.1379     3.75484
150     28     33     128.273     3.2728     3.04613
