1     47     25     969.185     3.27772     4.16204
2     36     30     45.315     4.69942     2.64031
3     38     23     513.065     4.97223     2.83853
4     37     31     297.82     4.88582     4.03294
5     25     6     714.31     2.52179     3.7431
6     16     2     509.695     2.51122     3.20956
7     47     8     205.355     4.54251     4.82925
8     36     3     669.42     1.85868     3.18979
9     19     4     801.46     4.72591     2.59308
10     32     34     423.23     4.10649     2.70875
11     13     12     888.61     2.52499     2.74766
12     12     21     95.835     2.85708     3.29737
13     31     30     878.665     1.52777     3.70869
14     13     19     134.095     2.85441     4.17478
15     16     23     351.34     3.01656     2.89361
16     45     33     231.3     2.38816     4.95361
17     20     35     867.665     1.71705     3.33331
18     33     32     116.835     2.38507     3.65719
19     25     39     220.615     4.73371     3.09526
20     41     13     618.53     3.68896     2.5502
21     12     31     58.575     3.67208     2.52037
22     27     24     371.655     3.0267     4.28083
23     26     16     268.19     4.95065     4.2716
24     33     6     517.38     1.66332     3.33567
25     40     15     775.885     2.79737     3.69518
26     46     32     791.2     2.24322     2.80801
27     44     40     789.2     3.43666     4.49484
28     29     17     681.05     4.3198     3.97717
29     33     33     750.255     2.46144     4.71763
30     42     28     833.775     2.07189     3.70151
31     22     12     301.45     2.89404     3.053
32     47     27     158.78     1.7085     4.6234
33     24     24     582.9     3.93431     2.94443
34     9     17     102.15     2.56056     3.18667
35     36     24     958.185     2.39479     4.5127
36     32     17     898.295     4.85975     2.96693
37     14     35     293.45     3.32461     4.29243
38     34     37     769.885     2.20551     3.31408
39     44     26     696.05     4.81884     2.781
40     24     16     461.805     4.22004     3.30706
41     35     14     416.915     2.51741     4.80003
42     24     4     769.2     1.8887     3.52191
43     10     31     410.545     3.29064     2.66861
44     10     29     550.27     1.5909     3.11159
45     42     37     507.75     2.61173     4.69047
46     11     19     672.365     1.81532     4.69863
47     28     3     326.08     2.61792     3.95184
48     13     28     236.56     3.56569     4.58014
49     19     24     391.6     4.35804     4.93385
50     28     16     279.505     1.95129     3.24534
51     21     20     542.64     2.22826     2.93542
52     42     28     684.735     4.46731     3.70602
53     39     33     607.215     1.59539     3.81008
54     28     31     158.41     2.4608     2.63848
55     14     7     628.79     3.60703     4.01486
56     36     24     417.915     4.28562     4.3392
57     30     14     151.095     2.68949     3.4711
58     21     30     756.885     4.14367     4.99206
59     23     40     106.835     3.73424     3.7389
60     18     14     819.09     2.11472     4.74845
61     11     20     66.89     2.96977     4.00319
62     15     1     564.585     1.873     2.62017
63     25     37     537.325     2.52307     4.87243
64     45     3     659.79     3.59133     4.18409
65     29     25     876.665     2.66706     4.99001
66     43     13     536.695     2.5329     4.5999
67     46     27     409.285     3.25657     2.95816
68     16     12     323.395     3.83113     4.44021
69     23     17     60.26     3.85099     4.5745
70     18     8     809.775     4.45546     3.33316
71     39     30     76.26     2.52521     2.88011
72     26     6     752.57     1.8667     3.91751
73     16     1     62.575     3.86766     3.52184
74     45     22     445.545     4.85847     3.60996
75     27     36     502.065     4.66514     2.92535
76     21     14     617.16     4.58577     4.18561
77     19     38     84.205     2.77686     4.2819
78     14     29     116.465     3.78295     4.17028
79     14     33     414.545     4.69451     3.84686
80     17     8     678.365     2.66738     4.04561
81     23     29     796.145     3.79011     2.55127
82     28     25     381.97     4.53108     4.26672
83     30     3     430.545     2.75187     2.92573
84     8     27     306.08     2.52029     3.59233
85     15     11     685.68     3.20733     3.83648
86     34     15     276.19     3.60265     2.72721
87     39     15     66.945     4.53354     3.03423
88     27     10     706.995     2.22047     3.27731
89     26     5     277.505     4.85527     2.51579
90     33     21     470.805     1.63363     4.51743
91     47     33     466.175     4.23061     4.19774
92     43     36     490.12     2.44819     2.97098
93     26     33     771.2     3.02414     3.40243
94     24     31     275.505     3.83326     4.80308
95     17     7     715.625     2.46699     2.65732
96     24     28     163.725     3.42555     3.52504
97     32     27     665.42     3.90579     3.3063
98     17     19     603.845     2.92117     3.01256
99     46     30     940.24     3.23692     4.93286
100     44     32     677.42     1.85441     3.33529
101     29     16     597.215     1.53066     2.59705
102     14     4     666.05     4.06548     4.39978
103     22     26     757.885     3.8417     4.38437
104     8     13     771.83     1.85356     4.9041
105     26     5     119.15     2.70615     4.26649
106     47     18     540.695     4.32002     4.10588
107     18     33     688.68     2.32814     2.77566
108     37     40     512.065     4.89639     3.90233
109     40     15     747.94     2.95268     2.99081
110     13     15     348.34     3.56195     3.72257
111     20     40     821.09     4.92587     4.33638
112     27     6     911.925     3.24781     3.23283
113     16     3     53.26     4.44285     4.19347
114     42     3     200.355     4.92886     2.85401
115     13     27     599.845     1.98398     4.82414
116     28     19     381.97     4.9028     4.59204
117     27     30     669.735     2.43741     3.10724
118     13     24     329.71     4.757     3.1798
119     36     24     91.89     3.40974     3.08763
120     40     6     272.875     2.52297     2.53296
121     18     14     763.2     3.2241     3.83732
122     17     13     268.505     3.51805     2.51694
123     21     19     160.725     4.10543     2.62894
124     33     2     284.505     1.8746     3.52756
125     46     15     64.63     3.55405     3.42303
126     30     38     663.42     2.757     3.88295
127     46     2     399.97     1.90568     3.16584
128     40     38     384.655     4.76597     2.52922
129     8     37     184.985     1.5799     3.40121
130     21     9     468.12     2.0298     4.55779
131     34     2     378.655     1.51559     4.69443
132     14     29     479.75     2.48462     4.53528
133     33     39     42.315     4.29363     3.86807
134     8     2     259.505     2.84031     2.64649
135     18     40     455.805     4.44777     4.05148
136     44     13     276.875     4.23542     3.64948
137     25     34     416.23     3.46272     2.54166
138     30     38     113.835     2.0783     3.64238
139     14     24     731.255     2.45962     3.9774
140     34     35     732.625     2.57733     4.64454
141     27     33     790.83     4.06911     3.82511
142     42     35     405.285     2.95685     4.48836
143     16     7     90.52     2.49167     4.67826
144     25     12     155.41     1.86167     4.52467
145     39     2     728.31     3.74599     2.86813
146     44     21     723.995     4.94958     2.64016
147     32     12     395.285     2.60425     2.88827
148     44     5     696.05     4.6693     4.08788
149     45     3     874.035     3.71545     4.63034
150     37     2     903.295     4.22858     2.62902
