1     22     6     133.72     3.11119     2.87904
2     39     1     53.7     2.56868     4.86122
3     38     12     243.8     3.48665     3.14425
4     46     3     304.72     3.86509     4.25146
5     45     19     303.72     3.88614     4.03363
6     42     5     118.44     2.10714     3.63994
7     26     8     90.68     3.82856     4.39985
8     20     20     117.02     4.11963     4.50652
9     28     37     177.94     4.24012     4.14319
10     46     20     160.66     2.93741     4.44205
11     28     20     189.7     3.85804     4.41687
12     33     27     65.34     1.55416     3.75996
13     30     32     68.22     4.82269     3.14409
14     28     4     260.26     3.85794     4.91989
15     44     4     158.66     2.95653     3.34887
16     28     14     101.5     4.25401     4.76417
17     43     25     181.18     4.73147     4.29785
18     30     34     153.48     3.97522     4.56664
19     12     5     220.74     4.42256     2.95595
20     47     16     261.62     1.58054     2.89369
21     12     30     82.56     1.95012     3.25358
22     13     11     201.16     3.14046     3.77873
23     44     19     205.7     1.90899     3.16706
24     35     40     114.38     3.1097     2.70775
25     26     36     31.88     4.28541     4.61081
26     25     3     254.32     2.38795     2.91864
27     14     13     28.7     4.36093     3.64261
28     9     26     208.92     4.06815     4.51239
29     23     6     275.84     1.80464     3.4814
30     12     16     153.12     4.37182     3.87692
31     11     14     146.24     4.95257     2.83692
32     43     35     84.16     3.27184     3.42334
33     10     27     145.24     2.27377     4.55275
34     13     30     201.16     3.30357     4.13503
35     12     28     26.7     2.52542     4.56091
36     32     8     190.76     3.5627     3.42845
37     46     32     57.76     3.59421     3.64978
38     40     12     151.72     2.89041     3.32766
39     26     12     123.02     2.02542     4.54421
40     26     31     228.86     1.74696     3.95016
41     35     9     117.32     4.74055     4.29769
42     44     4     67.52     2.77174     4.80567
43     13     27     292.3     4.44061     4.49805
44     41     27     202.7     3.03183     3.90774
45     27     19     150.48     2.69835     4.28434
46     26     30     93.62     2.45717     4.69771
47     14     6     260.96     3.73798     3.67756
48     16     27     160.06     3.96379     3.28036
49     13     28     207.04     3.4013     4.72282
50     20     21     205.22     1.76394     3.47362
51     8     10     57.98     4.80229     2.94435
52     39     10     59.58     3.3652     4.6691
53     36     16     47.76     4.66887     4.11374
54     26     30     270.02     4.75465     2.50641
55     18     3     85.62     2.87225     3.829
56     39     7     206.58     2.7727     4.85961
57     24     4     315.06     3.64367     4.90814
58     46     24     84.22     2.67379     3.13517
59     22     40     136.66     4.97874     2.59346
60     41     30     90.98     3.37407     3.88447
61     10     6     195.22     4.22922     2.56966
62     40     22     125.26     2.38678     3.22687
63     37     4     81.1     2.38208     4.29365
64     29     21     52.52     2.94595     4.0862
65     43     2     45.94     3.52702     4.63714
66     33     5     229.98     2.31639     3.73966
67     47     37     335.12     2.50983     4.34187
68     30     39     312.24     3.29171     4.17913
69     13     14     248.2     2.77473     4.78706
70     43     20     319.36     3.38026     2.78481
71     30     25     59.4     4.89361     2.56943
72     20     26     75.86     3.67806     3.31202
73     40     38     116.44     4.28285     4.39619
74     15     30     209.04     2.42897     4.68955
75     11     3     90.38     1.60724     4.78927
76     39     20     197.76     4.77334     2.63108
77     13     31     74.74     4.87278     4.1039
78     37     24     148.72     3.18297     4.05934
79     14     25     66.92     2.20434     4.35797
80     26     1     37.76     2.0847     4.34187
81     37     15     57.58     3.31414     2.87484
82     46     8     231.22     2.67058     4.84046
83     41     8     296.78     2.65488     3.73859
84     36     13     177.12     3.89596     3.27189
85     9     18     203.04     4.26244     4.56137
86     20     11     122.9     2.16503     4.38246
87     45     20     253.74     3.28391     3.56334
88     32     23     196.64     3.70423     3.43356
89     11     38     199.16     4.69611     4.46585
90     31     29     92.74     4.1223     2.50092
91     19     36     186.58     2.20818     4.19584
92     37     28     245.74     1.65841     4.58609
93     34     7     286.84     4.85463     3.40365
94     9     13     267.72     2.11824     3.03957
95     11     36     187.4     2.77387     4.79339
96     45     7     239.04     4.99626     3.79826
97     41     18     320.3     1.6756     4.26504
98     42     37     318.36     2.28669     2.93298
99     39     8     121.32     3.49445     4.86999
100     34     14     122.2     3.98163     4.51109
101     16     29     27.76     3.23243     3.57814
102     43     37     204.7     2.75636     3.76911
103     31     6     104.5     1.98761     3.35856
104     11     31     84.5     3.84256     3.10007
105     33     20     247.62     4.67154     3.07131
106     15     16     150.24     4.58866     3.35162
107     14     11     134.54     2.41305     2.67335
108     26     14     278.84     4.20818     2.93779
109     19     37     36.64     2.6504     3.73547
110     36     35     94.8     1.71491     4.76257
111     11     5     257.96     1.91017     2.77268
112     24     7     159.24     3.04668     3.45637
113     9     12     194.22     2.77462     4.88685
114     13     5     65.92     2.3746     2.92482
115     16     39     236.5     1.53514     2.72134
116     46     33     143.02     4.10254     4.21003
117     35     6     120.26     2.53536     3.22916
118     27     9     223.98     1.55159     3.66451
119     29     14     252.44     3.19889     4.75288
120     21     1     68.04     3.33412     3.93757
121     34     25     172.18     2.24728     4.41672
122     45     12     183.18     2.41305     2.77375
123     12     17     161.94     3.10393     3.33232
124     14     10     260.96     3.3511     4.62485
125     24     17     79.86     1.98569     4.61608
126     23     12     193.52     2.74567     2.57286
127     38     36     276.14     2.68255     4.21896
128     10     2     230.5     3.35217     3.06719
129     44     35     114.56     2.02414     4.56931
130     24     22     168.06     2.39425     3.47293
131     36     27     59.52     2.03407     3.52802
132     26     15     264.14     3.06227     4.93233
133     17     29     61.1     3.27195     3.65604
134     17     23     90.5     3.69846     3.03842
135     30     29     309.3     3.86221     4.29418
136     47     13     332.18     3.17016     3.82199
137     23     3     37.7     4.21149     3.95604
138     35     11     46.76     4.93057     2.54967
139     22     5     301.3     3.41252     3.03308
140     18     40     256.14     2.26608     2.83555
141     39     35     147.78     4.83615     4.31204
142     9     24     103.08     4.23296     3.56525
143     29     17     249.5     2.91038     3.80482
144     19     15     298.3     4.27911     3.63178
145     27     17     221.04     3.58737     4.39161
146     25     2     219.04     3.55576     4.48462
147     27     38     144.6     4.99797     4.77546
148     37     14     172.24     4.91466     2.9912
149     34     2     304.48     4.79257     3.75019
150     30     39     135.84     2.0941     4.61051
