1     33     11     447.2     1.51132     3.4991
2     47     5     156     3.48206     3.07863
3     44     5     44     4.82226     2.99402
4     13     3     156.88     1.62935     3.20078
5     12     14     129.72     3.93217     3.74363
6     14     11     314.84     4.04016     2.88995
7     25     12     343.28     4.6473     4.72198
8     10     4     158.24     4.42192     2.82678
9     39     4     466.28     1.56858     2.97685
10     24     7     351     4.09645     3.93895
11     27     14     332.2     2.27718     4.30441
12     33     10     325.12     4.02873     4.4808
13     11     10     351.08     4.70733     4.2346
14     32     13     263.08     2.54358     4.92653
15     27     14     358.36     4.7069     4.33042
16     25     9     129.64     2.23051     3.17469
17     40     9     109.76     2.28584     3.79933
18     15     11     381.24     1.53504     2.5663
19     9     8     213.92     3.05138     3.91705
20     27     6     179.6     2.53792     2.71455
21     17     6     69.32     4.33123     2.76353
22     36     10     280.16     3.42245     3.1473
23     15     10     350.72     4.48366     2.77238
24     18     11     227.28     3.62828     4.76264
25     14     8     92.48     3.89628     3.59165
26     33     8     325.12     4.19333     4.09589
27     45     12     206.32     4.67122     2.75781
28     13     4     217.92     3.28317     2.90017
29     39     8     226.48     1.99808     4.18241
30     8     1     382.96     4.40814     3.0388
31     20     4     46.16     2.2147     4.45044
32     21     4     112.56     2.32664     4.19011
33     23     7     275.88     4.55501     4.43197
34     17     4     256.8     2.63833     4.36552
35     14     10     341     2.5846     3.70571
36     13     11     226.64     1.56206     3.23908
37     21     13     334.92     1.82408     2.7958
38     21     4     243.36     2.90365     3.29051
39     19     9     128     4.55928     3.22001
40     20     10     211.84     2.20957     3.76019
41     44     5     410.24     3.83914     2.85165
42     30     3     365.72     4.60949     4.9163
43     37     4     359.64     4.16182     4.09299
44     36     8     206.04     2.84416     2.6355
45     19     13     32.08     2.34725     4.86183
46     27     15     166.52     2.98419     3.29524
47     37     6     54.44     2.09816     4.89006
48     45     7     302.24     3.33262     3.9787
49     21     14     378.52     2.74749     4.83535
50     15     5     267.88     3.51741     2.99257
51     10     11     84.12     4.19451     3.20482
52     41     11     110.76     1.77099     3.1972
53     25     13     312.76     3.52734     3.59134
54     10     10     363.16     4.89682     3.14875
55     23     1     132     4.33433     4.72213
56     41     3     315.68     1.92288     3.55487
57     9     11     344.72     3.70092     3.32057
58     21     1     413.4     2.94542     4.0418
59     45     8     297.88     2.39639     4.77973
60     14     2     441.28     3.15606     2.73461
61     38     5     251.64     3.2461     4.14869
62     33     14     277.16     1.55992     3.65001
63     28     6     263.44     4.69227     4.93141
64     8     15     69.04     4.38005     4.40092
65     26     1     174.24     3.54208     3.19803
66     24     6     119.92     2.64794     4.21438
67     30     6     300.32     3.40333     4.50911
68     41     11     385.44     4.4843     4.7618
69     44     3     91.96     4.30709     3.65108
70     10     11     66.68     3.06484     3.80108
71     11     5     124.36     1.51859     4.68581
72     26     12     326.84     2.77505     4.13205
73     46     15     403.52     4.03546     3.81176
74     40     10     144.64     2.05181     2.86393
75     36     13     232.2     2.77248     2.53761
76     20     15     224.92     2.91295     3.49544
77     9     13     200.84     3.9357     3.66901
78     35     13     436.12     1.67357     3.30714
79     11     3     72.04     1.58182     2.60666
80     15     12     411.76     2.85089     3.56693
81     46     5     233.48     4.86744     3.95863
82     36     7     166.8     3.7555     2.5473
83     32     2     463.64     4.48355     3.46316
84     45     6     380.72     2.27099     3.85571
85     38     12     360.64     4.27932     2.72599
86     13     10     178.68     3.32098     2.57653
87     21     15     199.76     2.57221     4.26839
88     22     9     305.4     3.02264     4.22712
89     26     10     217.84     3.64634     4.38871
90     30     2     178.24     3.02937     4.0244
91     10     12     432.92     3.43762     3.83663
92     45     13     140.92     2.55939     3.96573
93     18     7     70.32     1.90718     3.79879
94     32     15     101.76     3.11312     2.72073
95     9     15     170.32     3.60201     4.69825
96     8     11     29.8     4.87706     3.33728
97     17     14     69.32     2.90226     2.80534
98     20     5     129     1.81553     3.7582
99     42     2     469.28     2.95781     4.66193
100     27     1     201.4     3.45076     2.65175
101     31     6     144.36     1.8104     4.31715
102     19     3     237     2.82824     3.05437
103     31     11     379.8     1.70508     3.37695
104     46     7     460.2     2.67272     3.82534
105     13     2     30.44     3.08727     3.86494
106     39     15     191.6     1.72837     3.91476
107     8     11     69.04     4.28915     3.89622
108     41     12     250.28     4.28968     4.44334
109     19     1     32.08     3.40205     3.66405
110     8     13     291.4     3.91658     3.595
111     22     2     335.92     2.33753     4.23826
112     21     6     395.96     4.34021     4.32226
113     28     3     132.64     2.5753     4.17692
114     31     10     170.52     4.05394     4.86343
115     27     14     401.96     3.09838     3.94993
116     13     11     139.44     4.09261     4.57289
117     32     15     241.28     4.01666     3.17545
118     21     2     256.44     3.99989     2.56348
119     40     2     87.96     1.87706     3.16889
120     8     9     287.04     3.48206     4.16211
121     31     13     423.4     4.66204     4.80392
122     11     12     320.56     2.74973     2.67655
123     37     11     307.32     3.47447     4.1863
124     32     14     271.8     1.54796     3.9761
125     20     3     386.24     2.41113     3.64071
126     43     3     82.24     3.87214     3.88394
127     11     4     394.68     1.62348     3.0089
128     38     14     181.88     3.87236     3.38221
129     30     6     309.04     3.56526     3.76164
130     21     3     304.4     1.94595     4.12969
131     44     1     174.8     3.9279     3.42196
132     26     14     239.64     2.01602     4.29182
133     47     13     304.24     2.26415     2.8019
134     42     12     403.88     3.99883     4.68322
135     24     15     111.2     4.29833     3.55136
136     30     7     104.12     1.95738     2.72279
137     25     10     238.64     1.92427     3.51901
138     27     2     179.6     1.94392     4.20148
139     25     2     447.92     4.39116     4.92653
140     27     11     284.24     3.52895     2.86187
141     27     5     367.08     1.67592     2.8547
142     26     8     339.92     4.51773     2.7916
143     15     5     333.28     3.54497     4.04248
144     9     15     109.28     4.35527     3.62743
145     23     15     371.8     3.80079     3.49803
146     38     15     356.28     2.71726     3.57356
147     19     10     372.16     2.71865     3.92277
148     42     9     146.64     3.79043     2.73148
149     46     13     211.68     3.66909     2.94755
150     10     4     193.12     1.7382     4.24245
