1     38     2     308.225     4.95727     2.53021
2     46     13     766.6     1.87716     3.99304
3     27     2     774.623     2.65445     3.34239
4     24     7     897.728     4.9499     3.07237
5     13     16     346.278     4.06345     4.27129
6     22     26     769.623     4.55255     4.5378
7     31     3     157.105     4.04807     2.97311
8     20     25     317.248     3.6286     3.26342
9     13     35     130.098     2.86114     4.61898
10     34     37     88.045     2.36862     4.08498
11     19     16     838.683     3.53311     4.99069
12     28     9     406.315     3.69323     2.55104
13     15     9     339.27     4.44798     3.88867
14     26     37     314.24     3.42224     3.48827
15     26     6     485.383     4.60724     3.85334
16     8     11     332.27     3.63245     4.87747
17     27     38     108.068     4.08075     4.19752
18     30     29     705.563     3.70295     4.54375
19     12     2     570.465     3.1457     2.85257
20     17     21     557.45     4.047     4.65812
21     43     16     718.563     3.6129     3.52672
22     25     35     223.165     1.53204     4.05217
23     10     1     379.308     1.83967     3.1753
24     18     10     306.24     4.58759     3.34483
25     32     19     383.293     4.93217     4.78454
26     19     27     811.66     4.99915     2.88202
27     14     8     167.128     3.63288     2.96648
28     33     17     852.683     4.3919     3.48819
29     11     37     191.15     3.39789     4.86816
30     13     20     454.368     4.3997     2.53136
31     40     11     229.158     1.65958     3.89142
32     10     14     91.0675     2.52286     2.79962
33     21     34     642.518     2.27857     3.72677
34     24     17     456.36     4.17304     4.19088
35     42     25     528.405     4.18201     2.6986
36     44     15     260.18     1.90547     3.21444
37     30     40     624.495     2.6896     3.4238
38     29     16     461.36     2.33924     2.80587
39     43     30     196.128     3.52777     2.78199
40     40     8     508.39     2.76458     4.95392
41     8     3     251.203     4.03034     4.69932
42     37     38     667.525     4.93741     3.63933
43     31     15     400.308     4.52734     3.24351
44     8     22     440.36     3.06227     3.08786
45     12     25     570.465     4.4216     3.53267
46     41     23     896.713     1.96208     3.83389
47     12     25     741.608     3.95183     2.95556
48     45     38     558.428     2.43559     4.09764
49     11     30     380.308     4.64388     2.70508
50     43     17     493.375     2.80197     3.97465
51     21     25     777.63     4.95001     4.62378
52     15     5     177.135     2.63363     4.93782
53     38     40     857.683     1.57402     3.36192
54     10     33     163.128     1.67624     4.65163
55     26     4     305.233     3.48622     3.84884
56     40     25     661.518     4.45567     4.59929
57     38     35     281.203     2.62326     4.07537
58     33     12     690.548     2.57317     3.0221
59     12     39     408.33     2.77783     3.18995
60     16     6     61.0375     4.68789     3.17148
61     27     37     216.158     1.67432     4.90684
62     15     39     717.585     2.18661     4.37338
63     13     15     661.54     3.23264     3.72646
64     41     34     770.608     3.54155     3.4051
65     16     35     421.338     4.01923     3.96939
66     15     38     546.443     4.35441     3.68503
67     13     25     562.458     2.88603     4.12099
68     36     8     423.323     1.58994     4.77447
69     44     1     242.165     2.29641     3.9906
70     33     39     843.675     2.99509     4.69176
71     13     18     274.218     4.83924     4.68146
72     33     23     42.0075     3.70669     2.53975
73     25     12     745.6     4.92907     3.87455
74     13     7     445.36     3.54604     3.9452
75     39     31     84.0375     3.69611     3.92392
76     26     35     422.33     2.00203     4.31021
77     31     10     247.18     1.56142     2.76475
78     38     27     182.12     2.40045     4.87732
79     27     38     918.743     3.50117     2.63474
80     39     9     696.548     4.26159     4.10588
81     25     40     232.173     1.99722     4.10649
82     20     39     857.698     4.84523     4.36216
83     43     10     781.615     4.17678     2.93359
84     42     31     411.308     2.88282     3.92064
85     30     18     318.24     1.63704     4.70908
86     32     33     428.33     4.49808     4.27885
87     30     25     669.533     1.96059     4.83558
88     35     9     431.33     3.3135     2.7842
89     9     21     711.585     2.91519     3.80879
90     11     38     902.743     4.74578     3.07375
91     23     32     419.33     3.84341     2.8135
92     20     4     173.128     3.48814     3.32537
93     33     15     204.143     1.73809     4.63118
94     38     3     776.615     1.68052     4.82322
95     39     36     57.015     3.50641     4.86114
96     14     30     14     4.76661     3.33377
97     32     21     635.503     1.92096     3.4534
98     19     36     766.623     2.03867     3.29592
99     13     10     841.69     2.7586     4.05484
100     17     2     449.36     1.87054     4.82269
101     22     35     481.383     1.62604     3.66688
102     41     39     230.158     2.63726     3.51543
103     12     31     894.735     4.97458     2.61673
104     15     39     258.203     4.32205     3.09145
105     22     30     562.45     4.29972     4.84008
106     11     33     704.578     4.8119     3.3227
107     37     1     676.533     1.5314     3.47697
108     32     26     527.413     1.87962     3.28829
109     47     36     758.593     1.60959     4.2803
110     32     39     833.668     4.3543     4.93873
111     15     3     438.353     3.74749     4.33615
112     14     22     707.578     3.47757     4.47249
113     12     34     714.585     1.88304     3.59691
114     27     14     891.72     2.4498     4.02646
115     30     19     390.3     4.8182     4.22765
116     34     26     79.0375     2.66172     3.67679
117     28     12     244.18     2.5439     2.76345
118     19     2     640.518     2.61472     3.75416
119     24     6     555.443     4.75497     2.58072
120     44     26     179.113     2.52809     4.97024
121     24     16     105.068     4.5502     4.1802
122     19     17     694.563     4.13405     3.85731
123     31     26     508.398     3.82173     3.28249
124     21     27     201.15     2.16001     3.52031
125     43     26     259.18     2.33123     4.23666
126     19     16     820.668     2.49861     4.70122
127     45     10     864.683     2.9733     3.7405
128     40     19     490.375     4.06537     4.6559
129     45     23     63.015     1.72634     4.87411
130     44     35     359.263     3.84309     3.84373
131     35     20     530.413     4.29203     3.94536
132     19     14     352.278     4.11461     2.92932
133     14     14     437.353     2.92074     2.64809
134     39     25     552.428     4.38282     2.59735
135     32     29     707.563     4.42598     3.03316
136     18     33     612.495     2.47778     3.67924
137     8     25     431.353     4.38443     2.79107
138     21     29     336.263     4.85206     2.59232
139     47     3     182.113     2.02574     3.34819
140     12     1     408.33     4.06249     4.59258
141     36     39     261.188     3.30837     3.27448
142     15     21     60.0375     3.94082     4.8384
143     9     17     675.555     1.68287     4.50491
144     26     20     134.09     4.95087     4.76783
145     19     13     514.413     3.04347     3.87173
146     38     13     929.743     2.23307     3.7878
147     13     37     238.188     3.86659     4.95109
148     46     37     919.728     3.33753     3.77667
149     14     15     860.705     3.03696     2.72034
150     43     36     538.413     2.64345     3.89782
