1     28     13     424.9     4.24322     4.35759
2     18     11     18     3.32376     3.57601
3     40     8     44.05     1.64698     4.67376
4     23     7     87.8     2.85217     3.20353
5     18     10     196.2     1.55512     4.6202
6     9     3     361.35     1.86082     4.92317
7     22     5     394.6     3.0972     4.04035
8     38     5     224.3     4.50502     3.59043
9     33     6     385.35     1.86755     4.4161
10     21     11     312.6     3.31724     3.02873
11     8     3     327.95     2.29801     4.85427
12     45     9     162.45     4.92502     3.42174
13     34     15     414.7     4.21865     3.38511
14     31     7     387.4     1.95407     4.01814
15     33     1     65.4     2.10532     3.57402
16     47     2     184.7     3.12113     3.64956
17     13     8     341.05     4.01624     3.94513
18     23     9     67.55     2.51228     4.06056
19     8     11     76.85     3.71374     2.71767
20     44     6     400.4     3.55063     3.55098
21     19     12     347.05     3.97597     2.85493
22     40     9     121     3.14975     3.4315
23     40     2     72.4     3.59432     4.92546
24     30     13     256.8     2.55618     4.7908
25     46     7     102.7     4.05886     2.77673
26     16     3     16     2.87866     3.07566
27     16     8     222.55     4.43196     4.522
28     36     12     412.65     2.80421     2.98395
29     14     12     42.35     1.90814     3.83847
30     35     4     298.25     2.00331     3.66909
31     42     12     58.2     1.56291     4.0791
32     41     1     45.05     3.22132     4.25825
33     29     3     178.85     3.78755     2.69623
34     8     14     352.25     2.55768     4.68184
35     16     15     226.6     4.41252     3.47812
36     13     14     94     2.93271     4.31654
37     35     7     233.45     4.01805     4.09734
38     25     6     377.35     1.74236     3.44012
39     25     8     349     1.93207     3.97252
40     25     7     312.55     1.69921     4.99939
41     33     5     190.95     2.91594     4.94209
42     23     2     156.65     2.86274     4.1895
43     15     8     144.6     1.53717     4.75036
44     31     11     156.55     3.85505     3.3475
45     18     9     78.75     3.73019     3.34666
46     26     3     293.3     1.76608     4.65682
47     11     3     140.6     1.54443     4.4966
48     30     2     236.55     4.74493     3.16462
49     20     14     396.65     2.57979     2.70562
50     28     8     343.9     4.77921     2.61261
51     39     9     302.25     2.10949     2.95587
52     41     6     263.75     1.66172     4.07918
53     26     8     345.95     2.89126     3.25442
54     30     8     305.4     4.6457     4.93439
55     42     12     191.85     2.16449     4.99504
56     32     8     303.35     4.78477     3.1077
57     37     4     85.6     1.83636     3.6317
58     40     12     440.95     1.96379     4.16814
59     14     1     342.05     3.35505     4.66529
60     28     6     400.6     2.61557     3.7167
61     44     2     424.7     4.76971     4.94201
62     45     2     45     2.12401     2.5914
63     28     3     64.45     3.47864     4.26496
64     39     1     334.65     4.41733     4.8854
65     43     4     273.85     4.66546     4.81803
66     27     8     411.75     1.74599     3.77598
67     37     7     348.85     3.92117     3.40197
68     16     7     356.2     2.15082     2.66823
69     41     6     259.7     3.55565     3.9835
70     30     9     305.4     3.11632     4.1496
71     10     15     135.55     3.09507     3.05643
72     34     11     301.3     2.41295     4.25748
73     23     5     205.25     2.46774     2.81541
74     13     2     385.6     4.12636     4.55939
75     35     3     87.65     3.87695     4.64278
76     13     1     207.4     2.37385     4.54543
77     47     3     285.95     1.86146     2.90658
78     26     15     382.4     2.20914     4.33355
79     43     9     192.85     3.54411     4.0727
80     10     9     42.4     4.21416     2.687
81     25     7     97.9     2.06676     3.62812
82     22     12     26.05     1.77761     2.84455
83     34     13     42.1     4.71352     3.31744
84     11     8     411.95     1.56281     3.66268
85     14     14     297.5     3.72121     3.69182
86     41     8     365     4.1614     3.57112
87     9     15     126.45     1.77772     4.4702
88     23     8     87.8     4.43484     4.84024
89     40     13     214.15     4.70743     2.71302
90     13     5     239.8     4.54454     3.16103
91     24     5     165.75     2.34373     3.80886
92     25     4     61.45     4.66802     2.53777
93     24     9     331.8     4.09069     2.77284
94     11     13     411.95     2.90333     2.99333
95     10     11     382.6     3.16973     3.35833
96     9     11     106.2     4.36114     3.58631
97     22     5     184     2.5564     4.98062
98     12     5     275.25     4.44349     3.24129
99     31     11     310.45     4.60276     4.95323
100     32     2     283.1     2.31104     4.39169
101     27     2     156.6     2.84768     3.53656
102     40     15     84.55     2.53749     4.43434
103     47     12     330.5     4.01602     4.29983
104     40     10     295.15     4.95076     4.99763
105     41     1     332.6     3.20273     4.79423
106     33     7     154.5     3.66268     4.02104
107     45     9     57.15     3.24696     2.53945
108     40     10     428.8     2.28594     3.14806
109     8     8     319.85     4.79214     3.8229
110     23     5     140.45     3.33818     2.9313
111     16     4     404.8     2.03407     2.8103
112     11     6     302.6     3.33358     3.34971
113     10     11     406.9     1.6568     3.47026
114     29     2     174.8     4.0627     4.63904
115     10     14     244.9     1.95503     4.31021
116     33     3     389.4     1.55843     3.43425
117     15     11     197.25     2.14527     3.42494
118     42     7     102.75     1.75155     4.2246
119     21     10     296.4     3.3637     3.85876
120     43     15     71.35     3.31137     3.62117
121     41     2     255.65     4.85131     4.27862
122     23     8     120.2     3.67528     4.93721
123     32     4     104.9     2.3276     4.96063
124     19     13     253.9     3.76608     3.08023
125     16     5     36.25     2.55084     4.08895
126     39     9     415.65     4.39575     4.75768
127     45     2     61.2     1.5659     4.36712
128     16     9     356.2     4.8574     3.99388
129     38     15     426.8     3.64046     4.94194
130     9     4     9     3.70466     2.9606
131     45     12     429.75     3.88688     3.63941
132     13     14     13     1.71812     3.11953
133     19     5     241.75     4.57402     4.51422
134     23     15     229.55     3.56056     4.17722
135     42     3     74.4     2.12444     3.21055
136     18     4     317.7     4.11718     3.35253
137     24     10     356.1     4.30058     2.63596
138     25     12     308.5     1.52649     4.95743
139     11     1     258.05     4.07701     3.94826
140     24     8     100.95     1.89618     2.78848
141     31     11     395.5     4.70188     2.85318
142     9     6     357.3     1.70765     2.8328
143     18     15     192.15     4.94414     3.71723
144     41     10     304.25     3.90803     3.78536
145     41     6     49.1     4.02969     3.99007
146     24     7     206.25     4.68874     2.87889
147     40     11     347.8     1.76415     3.94185
148     21     2     385.5     3.45332     4.52666
149     14     2     131.45     4.34352     4.21163
150     47     8     399.35     4.47105     4.27747
