1     16     15     1188.73     1.62626     3.66573
2     22     30     384.7     4.73777     3.65528
3     27     25     534.78     2.21918     3.99434
4     26     31     352.43     3.96742     4.11191
5     31     21     417.88     4.94649     3.81375
6     35     21     663.68     1.71117     3.1885
7     17     32     1044.65     2.51111     3.76942
8     15     26     982.2     3.9593     3.84037
9     33     19     407.79     3.50203     4.52933
10     18     19     126.81     3.17197     4.57732
11     21     27     153.99     3.86018     2.92604
12     44     23     878.21     1.59058     4.51239
13     14     22     134.9     2.5329     3.41227
14     38     18     1089.83     1.73553     3.72341
15     25     28     871.3     1.81606     4.82826
16     17     24     1020.47     2.59154     3.92674
17     32     16     588.14     2.88325     4.98154
18     22     21     1001.29     4.98131     4.46341
19     23     18     929.75     3.50224     3.0401
20     39     20     534.69     1.62519     3.59813
21     32     35     987.11     4.93965     4.73731
22     37     28     1052.56     4.39019     2.63062
23     23     33     518.69     3.55245     2.88873
24     8     22     805.94     3.72463     2.81945
25     14     27     1126.28     2.06772     3.22367
26     19     32     829.03     3.78178     2.61826
27     10     17     384.79     2.04881     3.02622
28     20     21     1168.55     3.73029     2.72462
29     20     30     382.7     2.05031     2.5914
30     16     25     342.43     2.25219     3.94147
31     10     21     203.44     4.95941     4.49232
32     37     30     992.11     4.22826     2.85073
33     11     30     736.4     3.02489     3.16012
34     14     33     787.76     1.6113     2.79992
35     38     23     751.31     3.57509     4.77706
36     27     23     776.58     1.98676     2.70066
37     20     26     382.7     4.42074     4.98093
38     31     23     538.78     3.32055     3.6404
39     33     28     93.45     2.94777     4.38307
40     16     18     148.99     2.39447     3.30584
41     31     34     43.09     3.89639     4.39856
42     26     31     1029.47     1.92982     3.2194
43     11     26     893.57     4.82771     3.38832
44     28     21     668.77     2.39746     3.78819
45     14     20     920.75     4.77793     3.11457
46     25     29     73.36     3.01592     4.66521
47     29     33     972.02     4.60062     3.00836
48     41     29     1020.29     4.93709     2.92314
49     26     29     1222.91     2.49551     4.74952
50     46     31     565.87     2.6191     4.04088
51     32     16     1011.29     2.22559     4.65911
52     47     29     699.86     1.88699     3.20193
53     27     29     1223.91     2.52136     3.90492
54     16     26     741.4     1.68105     4.40641
55     46     33     227.35     2.67261     4.01883
56     31     26     1203.73     2.49156     4.89425
57     27     35     510.6     3.30741     2.72668
58     41     31     887.3     2.98248     4.88166
59     15     32     631.59     2.35954     2.59133
60     27     25     147.9     2.30207     2.61017
61     35     21     736.22     3.72228     4.96719
62     10     32     251.8     4.58054     4.70809
63     36     32     1184.55     3.59037     4.26801
64     20     17     479.42     4.61547     4.36369
65     27     32     1054.65     3.48932     2.54723
66     28     32     934.75     3.74578     4.81216
67     14     23     775.67     4.4922     4.39039
68     34     21     940.75     3.41102     3.13402
69     37     16     448.06     3.62369     4.61982
70     32     25     1035.47     4.40056     4.36712
71     30     23     102.54     2.95257     3.81268
72     46     31     928.57     4.78829     3.42929
73     26     31     727.22     3.37011     4.13114
74     15     28     280.98     3.55597     4.85595
75     22     31     856.21     4.05768     2.96442
76     42     34     356.34     2.90408     2.84791
77     43     28     574.96     4.14046     4.38437
78     42     29     561.87     2.24952     4.13358
79     14     29     811.94     3.02937     3.41273
80     38     16     860.12     4.91102     3.642
81     8     21     261.89     2.95076     3.10144
82     18     18     1057.74     2.48248     2.98967
83     47     26     542.69     3.16257     4.42503
84     20     24     902.57     3.39361     4.27931
85     43     26     1167.37     3.35932     3.98572
86     24     21     543.87     4.15755     4.21087
87     34     25     191.17     2.26319     4.53124
88     20     16     781.67     4.80699     3.50581
89     45     16     177.99     1.90387     3.28455
90     44     15     733.13     2.01634     4.14327
91     40     32     680.77     3.58513     3.08664
92     32     25     1216.82     1.91348     4.4087
93     38     32     630.41     2.53909     3.85166
94     17     18     1008.38     3.5768     4.25527
95     19     33     1082.92     2.26811     4.33431
96     24     26     495.51     2.221     3.47797
97     40     34     886.3     3.07413     4.20988
98     31     34     659.68     1.5705     2.69959
99     11     28     567.14     3.27526     3.96718
100     13     30     1004.38     3.91978     4.66987
101     28     21     366.52     2.61013     2.61315
102     38     30     207.26     2.3809     3.37626
103     9     29     1121.28     4.33016     3.19109
104     17     28     1008.38     3.32012     3.46858
105     34     21     626.41     1.97789     3.60988
106     25     23     496.51     1.97992     4.99474
107     22     24     154.99     3.35495     2.78718
108     45     26     951.75     2.29011     3.44958
109     45     35     141.72     4.17507     4.60448
110     47     22     216.26     3.86595     2.63649
111     19     25     200.35     2.40718     4.67414
112     24     28     991.2     1.69301     2.8412
113     36     25     422.88     4.30378     4.92035
114     19     17     974.11     2.00117     4.31783
115     42     16     199.17     4.61803     3.47079
116     30     25     1069.74     1.8244     3.58791
117     8     26     1084.01     4.00812     4.86259
118     20     15     551.96     2.24931     2.55173
119     11     26     1111.19     4.12903     3.05887
120     30     22     574.05     2.85035     2.91223
121     43     20     296.89     4.91177     4.77996
122     37     33     133.72     1.81286     3.41113
123     47     15     820.76     4.03023     3.14509
124     17     20     863.3     1.74407     4.87793
125     38     16     1162.37     2.05533     4.12793
126     37     27     182.08     3.6708     3.09084
127     31     31     272.8     2.79716     3.32392
128     40     31     813.76     3.22452     4.45151
129     34     28     1097.92     1.83401     3.03072
130     38     28     557.87     3.01559     4.47027
131     13     23     1173.64     1.72901     4.64019
132     14     31     146.99     2.69269     4.06575
133     32     25     612.32     4.93495     3.84404
134     18     22     211.44     1.69152     3.6758
135     40     20     148.81     1.88528     3.65116
136     25     20     629.5     4.17005     2.68151
137     32     26     757.4     3.27451     2.7176
138     16     19     124.81     1.63149     4.14365
139     35     22     95.45     4.52403     3.98946
140     28     29     64.27     3.23542     4.85084
141     43     15     236.44     4.93666     3.65757
142     10     26     457.33     1.79492     3.18171
143     46     25     1146.19     4.53877     2.92535
144     24     18     229.53     4.96304     4.77851
145     12     30     1063.83     3.10916     2.58881
146     25     34     955.93     2.10489     3.5329
147     42     30     622.32     4.8965     2.92932
148     21     30     371.61     3.35943     2.88552
149     34     15     831.94     4.52243     3.91812
150     14     35     594.32     3.88614     4.93698
