1     12     32     135.08     2.7571     3.11098
2     36     26     79.44     1.906     4.86297
3     10     24     361.14     4.6991     3.61408
4     20     32     41.72     2.46219     2.91353
5     14     15     115.36     1.82974     2.98044
6     25     23     93.78     2.61248     3.43966
7     25     21     187.9     2.44403     3.67992
8     20     21     70.68     3.81147     3.09954
9     32     32     270.92     4.33187     4.75509
10     12     22     44.58     1.88304     4.67963
11     33     18     177.8     2.4483     2.88507
12     26     32     29.62     2.78434     3.31523
13     34     19     113.64     2.27142     3.76354
14     37     17     181.8     2.0565     3.02393
15     10     19     288.74     3.84661     3.78727
16     15     28     344.42     4.96368     3.55121
17     38     33     121.26     2.01901     4.5584
18     14     20     104.5     3.31852     2.52831
19     37     34     344.7     2.8542     2.69898
20     13     22     175.9     3.49701     2.94359
21     28     33     114.88     3.74471     4.9781
22     9     25     146.56     4.13865     3.42509
23     35     22     187.04     3.7054     3.7505
24     20     26     280.64     4.03546     3.83656
25     38     18     381.9     1.8558     2.70959
26     45     19     175.32     1.70829     3.68572
27     37     29     312.12     1.59026     2.95145
28     21     28     187.52     4.17026     3.34475
29     21     19     78.92     2.93484     4.35156
30     11     19     354.9     2.87812     3.08359
31     20     25     204.62     4.09261     4.75433
32     18     17     322.08     4.37075     4.91585
33     41     23     113.4     1.67603     4.47554
34     30     28     196.52     3.59528     4.75639
35     10     24     49.82     3.62711     3.61614
36     35     23     368.04     4.92138     4.89288
37     11     22     224.58     2.32408     4.68978
38     30     31     171.18     3.34127     4.26824
39     14     30     46.58     2.37716     3.06154
40     41     16     392.14     2.85975     4.07704
41     38     18     291.4     1.61045     2.70081
42     11     30     134.08     2.06922     3.6729
43     27     30     106.64     2.23211     4.74502
44     14     28     173.28     2.91401     4.29006
45     33     23     80.06     3.19173     3.87669
46     23     32     243.82     4.14142     3.07573
47     8     18     65.92     1.72506     2.5132
48     26     27     188.9     3.94008     4.9366
49     21     26     209.24     4.08673     2.80862
50     19     21     22.62     4.76672     4.69634
51     40     20     282.54     3.46977     3.96802
52     30     15     315.98     2.85922     4.56679
53     20     20     103.26     2.11376     4.87442
54     32     27     274.54     4.43837     4.43106
55     26     35     207     4.09902     4.52834
56     35     28     179.8     2.09581     4.93896
57     47     24     304.02     3.3291     2.79992
58     47     34     238.86     2.37107     3.41548
59     17     20     216.1     1.70113     3.99327
60     19     19     80.54     3.01463     2.58164
61     22     29     380.38     4.96326     3.22291
62     8     23     29.72     3.93912     4.58716
63     37     20     359.18     3.2586     3.10404
64     31     23     103.4     2.85815     2.85661
65     35     29     103.78     2.85911     3.25404
66     13     15     20.24     3.6129     4.24764
67     15     23     141.7     4.08449     2.60697
68     22     22     72.68     2.18468     4.02119
69     38     28     48.86     2.40974     4.54062
70     31     25     114.26     2.89735     3.62537
71     40     32     184.8     2.26041     4.81574
72     35     29     223.24     1.80517     3.79055
73     9     25     211.72     4.99509     4.82833
74     31     20     309.74     3.76917     2.93794
75     9     16     186.38     2.57445     2.67365
76     38     22     240.72     3.221     3.4003
77     12     15     326.94     4.9201     4.52399
78     30     32     218.24     2.11397     2.9548
79     19     34     26.24     2.95792     3.8168
80     9     20     27.1     2.06163     4.16929
81     33     29     387.76     3.85195     3.25808
82     29     17     304.12     2.16417     4.0598
83     47     31     75.96     1.9232     4.63584
84     20     22     20     2.5219     4.06178
85     33     33     130.74     4.25774     3.94734
86     36     22     79.44     2.93634     2.81312
87     39     20     205.52     2.50128     4.33889
88     8     20     80.4     3.7994     4.24993
89     36     33     358.18     2.84181     4.35705
90     37     27     47.86     2.16877     3.51459
91     26     16     297.5     2.17924     4.01395
92     47     23     398.14     4.03247     3.1766
93     28     20     234.34     4.98323     3.66359
94     42     33     168.7     3.75903     4.76577
95     18     17     148.32     3.83764     3.19155
96     24     26     132.6     4.23702     3.11754
97     17     27     169.04     4.17347     4.017
98     41     23     135.12     4.20092     3.53214
99     25     18     238.58     2.18821     3.9069
100     47     20     47     1.74461     4.24406
101     37     34     69.58     3.45375     4.60341
102     30     26     330.46     3.52307     4.20629
103     30     30     388.38     1.71107     4.76272
104     18     19     231.58     4.64003     3.68542
105     41     31     301.64     1.8526     3.20757
106     17     21     89.4     2.22517     2.66991
107     36     18     383.52     3.0925     4.99153
108     12     26     250.92     4.19771     4.59136
109     21     20     209.24     1.82354     2.77558
110     26     31     44.1     1.71662     2.85661
111     19     18     51.58     3.66247     3.51825
112     21     20     151.32     3.32066     2.69463
113     35     34     150.84     2.68201     2.977
114     43     17     383.28     4.75336     3.31408
115     20     15     20     4.83166     3.02278
116     39     19     386.52     2.97725     2.87378
117     43     30     390.52     4.54369     4.2674
118     37     19     199.9     1.87503     3.76675
119     32     23     328.84     2.02948     4.00235
120     18     28     311.22     2.63843     3.21497
121     15     16     268.4     1.76106     4.4512
122     41     26     120.64     3.34373     4.17837
123     40     34     387.52     2.64153     3.83396
124     23     35     363.28     4.21598     4.07506
125     23     16     381.38     4.3621     2.74384
126     8     35     189     4.58011     3.81458
127     45     21     207.9     1.94681     3.33705
128     23     17     327.08     1.99925     4.64385
129     13     23     74.54     3.48622     3.8345
130     11     31     231.82     4.10169     2.80503
131     40     32     72.58     4.55554     3.33613
132     28     33     132.98     4.09346     4.50667
133     18     17     90.4     3.32344     4.4483
134     18     29     300.36     3.96037     3.7064
135     26     31     380.76     3.84619     3.7228
136     46     22     201.66     4.85633     2.70692
137     38     27     77.82     4.05063     4.90921
138     15     18     308.22     3.17945     3.06429
139     13     18     175.9     3.40344     2.51877
140     47     31     137.5     2.83615     4.30845
141     11     32     184.76     2.26949     3.20208
142     19     30     254.3     1.69163     2.97639
143     40     24     163.08     3.45567     4.93805
144     15     16     36.72     4.70936     4.45814
145     25     19     278.4     1.94424     4.03569
146     47     27     405.38     4.27622     2.65442
147     37     23     279.54     4.81222     4.94942
148     15     24     58.44     4.71737     4.94827
149     42     19     251.96     4.33882     2.90475
150     36     33     213.38     3.49658     4.98718
