1     31     24     602.34     4.18896     4.1615
2     19     17     122.88     1.51869     3.41205
3     13     21     324.64     2.81361     3.4328
4     37     15     37     3.67924     2.79153
5     36     32     73.1     3.95888     3.10503
6     32     19     358.48     3.82995     2.71462
7     25     22     262.44     4.42032     3.1798
8     19     20     338.06     3.42608     3.979
9     37     33     615.76     2.46849     4.55992
10     17     18     17     2.67058     4.12824
11     14     33     125.3     1.69141     3.31698
12     10     30     432.94     3.69974     3.12571
13     43     23     517.88     3.02318     2.77146
14     32     21     262.02     1.9561     4.34088
15     11     23     226.18     2.46123     3.38519
16     42     28     405.58     4.2492     3.34796
17     46     24     216.66     4.97031     2.96648
18     28     33     458.36     3.5032     4.53757
19     42     31     620.76     2.07434     4.68787
20     20     34     220.34     4.69323     3.04018
21     8     33     22.84     4.1364     2.91574
22     31     16     542.98     3.96753     4.46295
23     45     20     660.86     4.82418     4.35369
24     18     31     463.2     4.95856     4.93789
25     10     26     54.52     3.76533     4.4966
26     26     25     92.78     2.28092     3.98381
27     12     24     412.68     3.38913     4.39901
28     37     28     200.24     2.21694     2.6796
29     45     21     564.4     4.45546     2.75491
30     38     31     720.64     3.58951     4.65133
31     16     30     119.88     3.77152     3.29043
32     21     19     110.04     1.82269     4.87007
33     25     18     277.28     4.59688     4.96864
34     28     23     547.4     2.19024     3.76392
35     43     29     725.64     4.73414     2.50717
36     11     27     285.54     3.75048     4.14182
37     24     18     350.48     4.30934     4.70901
38     29     22     489.04     2.96945     3.42952
39     12     35     390.42     1.73788     3.10381
40     17     30     484.46     3.03204     3.71876
41     34     35     249.18     2.37962     3.40411
42     42     25     435.26     4.33956     4.62821
43     30     24     267.44     4.87983     4.77241
44     23     35     505.3     4.19494     3.97771
45     17     15     247.02     3.69889     4.40107
46     12     25     746.58     2.17667     3.77438
47     33     23     663.7     4.32963     4.90532
48     31     32     186.82     4.19878     4.01143
49     30     17     311.96     2.20049     4.52803
50     43     24     132.04     4.25881     4.27976
51     14     29     451.78     2.26821     2.65748
52     25     23     143.72     3.37353     3.19117
53     18     34     144.14     2.29695     3.15744
54     42     29     487.2     2.7022     3.11548
55     39     21     432.26     2.82482     3.00935
56     39     30     684.54     2.35676     2.72874
57     13     31     688.22     1.81809     3.76804
58     41     18     619.76     2.40002     4.87503
59     19     20     219.34     2.01378     3.32881
60     17     35     484.46     2.53119     4.73952
61     42     25     502.04     2.94809     3.0076
62     9     31     721.32     3.95898     3.3359
63     21     34     340.06     2.17347     4.93393
64     8     30     267.7     2.96208     3.80444
65     15     20     185.66     2.16311     4.75524
66     42     29     398.16     4.13726     3.02332
67     37     20     586.08     1.90248     4.65545
68     30     24     148.72     4.33486     3.53298
69     16     30     594.76     4.66887     4.18409
70     39     26     239.34     3.28188     3.27174
71     12     30     531.4     3.49776     3.8995
72     35     22     161.14     2.39254     3.12525
73     44     20     73.68     3.83786     4.32371
74     15     17     185.66     2.26618     4.78759
75     12     25     34.26     2.89212     2.70974
76     17     30     736.74     2.37321     3.9349
77     21     31     35.84     2.6474     2.62246
78     13     15     361.74     2.92758     3.71204
79     28     25     621.6     4.09143     3.83023
80     17     15     744.16     1.94766     3.53122
81     44     22     689.54     3.61664     2.51053
82     40     29     210.66     1.50449     3.18331
83     15     30     155.98     2.11237     4.26748
84     10     31     269.7     2.15691     4.76196
85     33     31     374.32     2.24407     4.9617
86     35     23     754.74     3.07466     4.89929
87     37     27     96.36     4.42     4.35324
88     32     19     210.08     4.34939     4.81544
89     14     24     377.58     4.94552     2.55623
90     13     15     294.96     4.49188     3.17949
91     16     17     557.66     3.36499     4.307
92     33     32     270.44     3.61846     4.28358
93     44     23     771.16     4.99103     3.54358
94     8     26     735.16     1.82365     4.02867
95     15     35     111.46     4.62123     3.29852
96     17     23     365.74     3.24065     3.72402
97     19     31     345.48     3.94264     3.40426
98     13     20     599.18     4.78947     4.1982
99     45     34     453.1     3.12348     3.51024
100     46     32     468.94     4.61226     2.72271
101     21     29     592.34     1.59207     3.91316
102     30     34     141.3     2.19686     2.74895
103     25     24     722.48     4.50459     4.19965
104     19     19     130.3     4.18714     3.95642
105     27     19     509.3     3.39799     4.7013
106     10     32     388.42     4.38058     2.61429
107     46     16     276.02     4.53311     3.26205
108     25     34     744.74     4.41444     4.75532
109     45     19     608.92     3.42331     4.81864
110     11     33     62.94     1.63843     4.66185
111     13     34     614.02     3.55116     3.79292
112     8     25     712.9     3.67582     3.66512
113     14     33     637.28     2.27313     4.29685
114     34     29     508.88     3.17037     4.25626
115     37     17     712.22     3.41134     3.15035
116     41     22     100.36     3.72314     4.51018
117     37     16     341.22     4.03226     3.21131
118     8     26     668.38     2.51463     2.82197
119     9     35     320.64     4.41444     4.51796
120     22     15     615.6     3.11579     2.95556
121     11     18     597.18     2.70199     3.24396
122     46     31     231.5     2.48601     4.40535
123     33     17     366.9     2.24706     3.46644
124     39     28     254.18     4.65851     3.06963
125     27     23     279.28     3.63865     4.24566
126     45     21     134.04     1.61322     4.73739
127     14     23     273.7     2.41925     4.51735
128     30     16     593.92     1.83807     3.88661
129     12     22     746.58     2.99007     3.29852
130     46     16     402.16     1.57627     2.79611
131     17     32     284.12     3.20156     2.70447
132     43     22     228.5     3.76212     3.46896
133     23     24     534.98     2.13384     3.77903
134     42     30     316.54     4.1442     4.86915
135     35     21     584.08     3.06281     2.63703
136     32     27     536.56     4.09549     2.97006
137     47     35     351.22     4.61461     4.41977
138     41     20     41     4.61205     3.61614
139     38     17     431.26     4.60756     2.56188
140     29     24     689.38     2.49808     3.19651
141     19     15     545.82     2.58129     3.3723
142     46     20     402.16     2.73905     4.63141
143     34     15     568.24     4.51378     3.42601
144     36     32     703.8     1.56249     3.67084
145     45     28     653.44     1.72495     4.76981
146     17     30     514.14     3.18586     3.00623
147     40     21     559.4     4.46988     2.93916
148     29     21     592.92     3.75176     4.19385
149     37     17     556.4     4.2163     2.78916
150     42     27     220.08     1.95161     4.89151
