1     15     7     130.08     4.14409     4.91844
2     31     10     159.78     4.42907     3.61866
3     25     7     241.46     1.80058     4.00487
4     8     10     84.72     4.00246     2.72675
5     15     11     88.98     4.36691     4.28846
6     25     9     175.7     4.14495     3.51016
7     39     12     304.78     2.98772     3.73836
8     22     14     22     3.18874     3.06764
9     24     1     81.54     1.54572     4.59151
10     20     5     58.36     3.95289     2.94664
11     8     4     139.52     1.58086     3.16729
12     45     7     75.14     3.25625     4.11397
13     19     3     38.18     3.39778     4.99428
14     15     11     193.1     4.61953     4.73869
15     19     5     249.16     2.36103     2.74972
16     45     13     124.46     1.65285     3.28806
17     42     13     52.96     4.87738     4.51193
18     37     4     53.44     2.13309     4.43587
19     10     13     267.56     4.56537     4.82391
20     8     5     21.7     1.76661     2.78268
21     30     5     51.92     2.61333     3.57089
22     45     4     195.7     2.1411     4.38963
23     31     4     244.72     2.32418     2.66991
24     46     9     202.18     2.86381     3.62362
25     24     8     65.1     2.34747     3.07131
26     9     12     121.34     2.88774     2.81571
27     9     8     173.4     2.59955     4.57343
28     40     1     242.76     4.02574     4.73212
29     32     11     51.18     1.87086     3.44928
30     34     2     258.68     2.65114     2.85669
31     19     5     161.48     4.62145     2.88675
32     32     1     48.44     4.58705     4.48744
33     39     6     203.4     1.96208     3.73966
34     8     13     249.12     3.68148     4.14418
35     12     6     149     3.826     3.09267
36     37     10     308.26     4.57242     4.78942
37     47     13     216.88     3.32461     3.13829
38     30     1     125.9     2.13768     4.36171
39     23     13     217.54     2.79331     2.86607
40     35     9     141.86     1.63469     2.62085
41     25     13     137.34     3.52382     2.56478
42     19     8     54.62     2.52585     3.30691
43     20     8     285.78     4.68415     3.63681
44     40     6     303.04     1.99231     4.11016
45     45     11     264.2     4.42544     3.72494
46     9     6     33.66     4.13587     4.45448
47     36     5     178.48     3.17785     4.65209
48     47     13     151.12     3.36637     3.5934
49     13     1     144.52     2.13202     3.17293
50     9     9     91.2     4.97938     4.01807
51     16     13     87.24     3.90996     4.53887
52     24     12     237.72     2.4185     2.67762
53     25     6     183.92     4.92138     3.8744
54     43     5     306.04     2.2273     2.51312
55     25     6     156.52     3.90953     2.86676
56     29     15     100.24     2.1881     4.30273
57     43     11     295.08     2.18319     4.26824
58     26     7     231.5     3.1474     3.81962
59     16     4     57.1     2.53664     4.2101
60     21     8     168.96     2.03023     4.3038
61     12     4     55.84     3.3573     4.82994
62     45     4     173.78     4.54123     4.24398
63     23     4     116.16     1.92     4.71068
64     36     6     60.66     1.55277     2.97426
65     20     2     154.26     3.37043     4.63309
66     15     1     256.12     3.68212     4.08193
67     21     12     152.52     3.89425     3.63994
68     32     15     177.22     4.55415     4.12816
69     29     3     100.24     4.07466     2.91284
70     47     3     197.7     2.25283     4.18111
71     44     7     252.24     3.43762     4.96208
72     44     1     282.38     1.96026     4.16211
73     23     12     286.04     4.18404     3.12792
74     22     1     24.74     3.28263     2.50328
75     22     3     293.26     3.10949     3.89584
76     40     8     264.68     3.7633     3.61866
77     28     5     211.58     3.21224     4.523
78     31     1     157.04     4.58502     3.18705
79     18     6     253.64     2.98761     3.47758
80     46     10     92.58     4.45759     3.74813
81     20     15     129.6     1.9107     3.69137
82     26     5     256.16     2.69494     3.11022
83     43     13     264.94     4.60617     3.62346
84     45     11     162.82     4.47821     3.07138
85     10     12     157.96     2.7054     3.63773
86     15     5     250.64     3.80688     3.45241
87     17     6     134.82     4.39222     2.69196
88     40     14     201.66     3.638     3.94238
89     36     5     164.78     3.13459     2.84013
90     16     5     188.62     3.21181     3.75736
91     12     4     149     4.60468     4.04653
92     8     13     51.84     1.56558     4.11054
93     37     8     245.24     3.28637     4.31295
94     22     10     271.34     3.23499     3.49574
95     15     9     20.48     3.27035     2.61795
96     29     13     168.74     1.64228     3.2831
97     46     13     130.94     2.73627     4.6691
98     18     1     245.42     3.17315     3.62735
99     42     1     285.86     1.62252     3.96695
100     16     5     287.26     4.43976     4.68825
101     31     7     83.06     4.48441     3.18255
102     21     12     207.32     3.23232     3.16385
103     38     10     87.32     4.53803     3.34651
104     18     14     81.02     4.65777     4.13663
105     10     1     12.74     4.8934     3.35116
106     47     5     282.64     4.96539     3.23115
107     12     1     170.92     3.47426     4.76478
108     45     8     171.04     2.0612     4.0849
109     40     11     133.16     4.62551     4.45868
110     42     11     255.72     4.70904     3.63178
111     45     9     247.76     4.90782     2.54677
112     9     7     280.26     1.91839     2.69738
113     9     4     154.22     2.08032     3.13746
114     8     14     112.12     4.522     4.40771
115     43     10     245.76     2.77088     2.89796
116     8     4     18.96     4.93794     2.90918
117     47     10     175.78     4.33262     4.93133
118     40     6     311.26     2.12188     4.90257
119     29     2     272.86     3.38945     2.96579
120     25     1     181.18     4.20583     3.98808
121     26     3     36.96     3.06879     3.35726
122     27     6     279.08     1.82333     2.82411
123     37     7     100.02     4.92064     4.90295
124     31     1     74.84     3.12412     3.09755
125     28     11     258.16     3.02553     3.96886
126     28     10     96.5     4.4749     3.30721
127     37     11     275.38     4.78968     4.92912
128     27     8     111.94     1.84768     4.35926
129     21     6     111.42     4.92672     3.41784
130     42     5     244.76     4.39682     2.97571
131     12     11     266.82     3.62818     4.89402
132     21     4     21     4.72164     2.91498
133     31     5     146.08     2.42085     3.51764
134     32     3     53.92     3.81852     4.00525
135     45     13     97.06     2.21139     3.83992
136     22     5     120.64     3.21897     3.98984
137     43     15     97.8     3.51923     2.80473
138     13     9     34.92     2.81617     3.18575
139     32     10     81.32     1.89554     4.56374
140     39     1     93.8     4.37844     4.45425
141     17     11     217.02     3.03226     3.10228
142     27     3     268.12     3.25027     3.48392
143     46     4     284.38     1.55533     2.67983
144     42     11     85.84     3.2414     4.38673
145     35     11     240.5     4.00833     3.58158
146     10     9     83.98     2.20263     3.10572
147     32     6     201.88     1.52147     3.18262
148     39     13     280.12     4.2899     3.63628
149     33     13     254.94     4.17016     4.82543
150     13     15     278.78     2.91465     4.55893
