1     30     2     146.363     3.62017     3.00592
2     47     13     116.55     3.34533     4.11832
3     39     7     57.725     4.66556     4.4245
4     28     6     86.85     4.35035     2.57622
5     26     10     138.35     4.20818     4.80697
6     14     10     31.3875     4.80485     3.70449
7     20     2     118.975     2.38699     2.61513
8     38     12     162.388     3.99797     3.56731
9     38     4     123.6     4.01592     2.85646
10     15     11     52.45     3.6034     4.68215
11     46     3     130.263     2.2994     4.47676
12     14     13     43.425     4.73959     4.81811
13     21     8     132.013     3.2382     3.06497
14     41     9     62.4     3.71801     3.60744
15     23     5     81.85     3.22004     3.87135
16     37     9     139.988     3.97906     4.46928
17     38     10     138.313     3.79951     2.6368
18     30     9     54.075     2.21448     4.34614
19     47     15     64.3875     4.16471     4.23627
20     11     2     23.0375     4.67849     3.75233
21     42     8     142.313     2.79128     4.13282
22     47     2     172.725     3.68511     4.63599
23     38     6     51.375     4.78487     2.64634
24     41     10     69.0875     1.79449     3.55205
25     28     14     141.688     3.40942     4.53276
26     29     4     39.7     3.18564     2.64931
27     32     10     90.85     2.30506     3.87684
28     17     12     136.038     3.71683     3.46896
29     19     4     21.675     4.8918     4.29769
30     25     1     58.4375     4.17368     3.55579
31     35     9     56.4     2.46112     4.46562
32     43     14     143.313     4.70498     3.38206
33     25     1     85.1875     2.95578     3.93284
34     44     7     54.7     4.94542     3.58425
35     41     5     105.2     2.43645     4.27564
36     9     4     66.5125     2.82611     2.51106
37     46     1     136.95     4.23585     3.04979
38     30     10     99.55     2.57327     4.08582
39     12     12     106.963     1.80058     3.0578
40     27     15     93.875     3.89276     3.47911
41     20     11     86.875     2.22068     4.42915
42     18     15     27.3625     3.84394     3.0961
43     20     12     149.738     2.94627     4.51292
44     27     11     117.95     4.39991     3.87494
45     12     7     48.1125     2.19141     3.08275
46     8     2     62.8375     4.69536     4.39802
47     10     13     94.2625     4.52692     2.85462
48     41     4     83.8     2.4624     2.81587
49     23     7     73.825     4.1583     2.81663
50     9     13     111.988     4.65392     4.08368
51     16     11     32.05     1.89393     4.37193
52     14     14     123.675     1.75315     2.50984
53     21     6     21     3.29855     2.79321
54     29     1     136     3.77302     4.61753
55     37     1     154.7     1.53504     3.99113
56     44     13     112.213     4.94018     4.81826
57     32     7     40.025     4.39425     4.09368
58     15     11     57.8     3.06943     3.89851
59     44     7     118.9     4.011     4.33905
60     44     4     85.4625     3.62358     2.81823
61     25     6     46.4     4.76907     3.78079
62     23     2     148.725     4.96155     4.32264
63     13     6     15.675     4.39286     4.80514
64     46     4     162.363     3.27398     4.86534
65     16     11     57.4625     1.72634     3.9613
66     37     9     98.525     3.20647     4.34545
67     17     9     99.925     3.20038     3.10396
68     11     6     41.7625     2.66973     3.65574
69     16     14     133.7     3.48643     3.34841
70     27     12     51.075     4.33796     2.54456
71     41     10     127.938     3.33892     4.3379
72     21     9     110.613     4.83412     2.78916
73     39     7     57.725     1.62412     3.82412
74     27     11     88.525     3.60318     4.18233
75     47     1     159.35     3.53728     2.55936
76     28     5     100.225     3.47287     3.3311
77     17     9     90.5625     3.0063     4.50201
78     44     6     117.563     2.90109     2.76795
79     19     13     138.038     2.28455     4.83367
80     34     7     157.05     4.4122     2.87515
81     29     6     67.7875     2.22922     3.28951
82     41     1     61.0625     4.21929     4.12038
83     46     15     161.025     1.76853     2.80107
84     31     3     127.3     1.53557     4.60608
85     13     5     102.613     3.05618     3.45073
86     17     12     75.85     3.07178     2.93046
87     9     12     22.375     4.81265     4.23978
88     21     13     58.45     1.72196     3.86166
89     10     9     32.7375     4.85495     2.66831
90     14     1     119.663     2.93655     4.32371
91     29     6     46.3875     4.81329     4.62806
92     44     8     124.25     4.28274     4.69573
93     36     13     157.713     3.03525     4.60677
94     41     1     150.675     1.69269     2.92268
95     20     8     92.225     3.67785     3.70678
96     21     7     53.1     4.89927     3.94017
97     29     5     69.125     3.48643     2.97426
98     43     2     92.4875     2.55843     4.40962
99     22     6     115.625     1.7618     4.5423
100     10     9     82.225     3.06078     2.76795
101     22     1     111.613     2.01463     3.0855
102     21     8     82.525     4.02841     4.58869
103     36     5     81.475     1.80677     2.58827
104     36     7     163.063     2.50139     3.25533
105     31     4     108.575     2.28082     3.42425
106     17     10     27.7     3.81072     3.44852
107     15     7     96.5875     2.37706     4.74906
108     27     4     108.588     4.63822     4.9443
109     43     2     77.775     2.23756     4.7055
110     38     9     130.288     2.76511     4.22521
111     8     14     121.688     1.79801     3.44111
112     16     5     101.6     2.0078     3.905
113     24     10     96.225     1.56708     3.93826
114     37     2     50.375     1.84031     4.96414
115     25     12     50.4125     2.09325     3.15661
116     37     8     161.388     3.20519     4.29876
117     34     10     80.8125     2.11878     3.48819
118     25     13     156.075     2.51132     2.58255
119     9     8     111.988     2.42192     4.52513
120     42     6     138.3     1.8198     4.94003
121     8     4     33.4125     4.84629     2.63955
122     34     2     83.4875     3.71683     4.43289
123     27     7     73.8125     3.01677     3.37649
124     9     4     111.988     4.87407     3.35902
125     20     5     128.338     3.24514     4.15845
126     41     3     158.7     2.29705     4.86404
127     32     13     128.3     2.12081     4.80331
128     34     4     47.375     1.76031     4.8645
129     47     3     135.275     4.79075     3.35444
130     15     7     113.975     3.9311     4.28472
131     47     3     76.425     3.42576     4.72327
132     39     13     69.7625     3.17881     4.10566
133     9     11     19.7     3.37524     4.64408
134     12     11     120.338     2.57434     3.22581
135     19     13     24.35     2.50876     3.94185
136     24     1     94.8875     3.07456     4.13541
137     20     15     84.2     4.24546     3.11228
138     35     5     95.1875     1.89607     3.90263
139     19     7     55.1125     4.77045     4.71465
140     30     13     135.663     3.57552     2.97227
141     33     14     152.038     3.43976     3.57601
142     36     12     84.15     1.71705     4.27755
143     10     8     131.713     4.87193     4.80995
144     11     2     40.425     4.9294     2.66312
145     25     9     136.013     2.22655     4.64576
146     15     9     61.8125     1.94681     4.62256
147     9     2     35.75     4.67261     4.07132
148     24     9     114.95     2.44168     3.34582
149     20     11     49.425     4.04102     2.7884
150     23     1     96.5625     3.02115     4.08177
