1     36     32     225.21     2.69686     2.82167
2     28     10     133.117     4.53471     4.98154
3     22     20     34.0133     1.98526     3.53236
4     25     31     109.093     2.70038     4.10085
5     40     27     130.1     2.12807     2.78001
6     33     12     306.303     3.09154     4.48836
7     13     33     139.14     3.90162     3.75462
8     10     19     178.187     3.2383     4.57091
9     14     11     254.267     1.78477     4.70267
10     21     39     171.167     3.34939     3.59851
11     45     23     189.16     2.45792     4.28831
12     8     2     185.197     3.15381     3.41174
13     9     38     216.23     3.48718     4.76737
14     19     16     268.277     4.42993     3.0221
15     22     9     103.09     2.19857     2.97365
16     19     26     292.303     1.72239     3.50414
17     34     25     166.147     3.23798     4.11771
18     41     36     110.077     3.24685     3.20093
19     16     29     169.17     3.81938     3.39816
20     12     7     174.18     4.98067     3.24137
21     9     32     168.177     2.16022     2.92558
22     19     40     160.157     1.94328     3.37046
23     22     9     52.0333     4.60479     3.95878
24     20     39     260.267     1.66257     3.09191
25     23     17     230.23     3.43431     4.45372
26     16     16     154.153     4.82952     3.12288
27     32     16     149.13     2.36552     4.42465
28     44     30     140.107     2.13886     4.66201
29     38     9     164.14     2.23585     4.11809
30     10     3     112.113     4.82002     3.96908
31     22     1     205.203     2.87663     4.99931
32     14     25     131.13     3.8527     4.75806
33     38     36     182.16     3.67336     3.5506
34     9     4     300.323     4.87161     3.40159
35     42     32     144.113     2.81404     2.88339
36     26     38     152.14     2.25828     4.44922
37     9     40     300.323     2.22485     4.66147
38     24     10     297.303     4.42032     3.9568
39     14     10     128.127     4.19291     3.83732
40     33     25     33     1.75806     3.12967
41     47     26     59.0133     3.17667     3.70151
42     30     24     324.327     3.31938     4.77744
43     25     5     286.29     4.30453     3.7434
44     44     8     101.063     2.14046     2.58148
45     34     14     202.187     2.05971     2.82517
46     36     28     216.2     2.27633     3.17537
47     21     4     78.0633     3.15403     2.66846
48     36     23     255.243     2.51666     3.53694
49     18     26     99.09     2.58769     4.15265
50     21     3     153.147     3.29086     3.69388
51     20     5     293.303     3.89821     3.92659
52     19     3     25.0067     1.75903     4.7409
53     9     34     102.103     3.09464     3.83229
54     40     18     328.32     3.09197     4.67002
55     29     6     296.297     2.78231     3.14127
56     9     10     285.307     2.43783     4.51331
57     39     20     126.097     3.97191     3.60332
58     15     30     93.0867     4.07595     4.79751
59     26     11     101.083     3.5784     4.80812
60     39     24     300.29     4.25935     4.81201
61     13     21     136.137     4.60607     4.85855
62     42     28     228.207     4.24332     4.68886
63     44     1     164.133     4.022     3.85731
64     22     26     220.22     4.50278     2.79504
65     37     9     136.11     3.81628     2.70608
66     36     16     153.13     4.63651     3.43799
67     12     37     237.25     3.25027     4.71625
68     8     30     98.1     1.95845     4.88304
69     24     38     219.217     3.79192     2.53288
70     35     33     215.2     2.77772     2.68303
71     43     4     157.127     2.23916     2.87149
72     20     40     167.163     4.36477     3.32179
73     22     1     64.0467     3.53001     4.06644
74     11     18     107.107     3.60607     3.16836
75     10     4     196.207     4.24097     3.93223
76     21     6     207.207     4.34576     2.74499
77     32     38     47.0167     2.77238     2.93756
78     35     1     98.07     2.41508     3.80726
79     42     24     75.0367     4.72175     2.69173
80     11     12     260.277     4.34886     4.23635
81     32     27     197.183     2.44382     4.74311
82     21     19     267.273     2.79022     3.2445
83     28     31     82.06     2.29919     4.69069
84     23     16     284.29     3.08214     4.3923
85     22     29     31.01     1.58919     4.10794
86     10     29     223.237     3.04668     3.91881
87     9     12     177.187     2.67966     2.77909
88     35     29     314.31     2.95204     4.38444
89     36     16     57.0233     4.81083     3.74798
90     43     12     334.323     3.66652     3.62545
91     18     22     63.05     1.59581     3.67924
92     23     19     59.04     3.50064     4.02219
93     10     2     244.26     1.70615     3.53229
94     24     29     42.02     4.23617     4.57854
95     31     1     262.257     2.7445     4.54779
96     19     28     286.297     1.84309     3.315
97     33     32     63.0333     2.30549     4.54596
98     35     29     182.163     3.88411     4.9736
99     11     19     290.31     4.22367     4.53856
100     43     23     289.273     3.60575     4.03523
101     27     22     177.167     2.50887     3.15218
102     12     24     126.127     1.71833     3.0501
103     46     39     289.27     2.46999     3.86502
104     13     25     268.283     2.36274     3.78018
105     25     33     235.233     2.02435     2.55516
106     45     37     252.23     4.26415     3.65413
107     16     36     247.257     3.19697     2.86256
108     11     6     287.307     4.57434     2.53502
109     43     40     334.323     4.80496     4.36232
110     23     39     74.0567     4.90077     4.80056
111     20     5     59.0433     4.33155     3.55129
112     47     35     122.083     2.0235     4.23513
113     42     14     171.143     1.98601     2.64687
114     35     29     152.13     1.79972     4.23559
115     9     33     30.0233     3.45225     3.69831
116     25     5     268.27     3.75475     3.32842
117     40     1     145.117     3.82354     3.01042
118     33     34     102.077     1.862     3.49971
119     26     4     257.257     1.72645     3.38015
120     18     18     129.123     1.50993     3.83816
121     13     37     226.237     1.63074     4.14533
122     36     20     66.0333     3.65584     4.48965
123     38     35     152.127     4.3479     4.04576
124     11     7     254.27     1.66738     3.42524
125     27     40     240.237     3.21609     4.39741
126     42     40     66.0267     4.85334     3.521
127     47     35     317.3     3.47394     2.57828
128     38     32     134.107     4.67838     4.95079
129     10     31     172.18     1.82055     3.32804
130     31     3     190.177     2.66909     2.89094
131     15     1     213.22     3.16385     2.85829
132     18     26     186.187     2.0047     3.0385
133     44     22     65.0233     4.55565     3.27723
134     42     17     120.087     4.79716     4.94064
135     45     3     342.33     2.3151     4.82566
136     34     26     124.1     4.55693     3.13753
137     25     35     73.0533     4.83978     3.42563
138     29     9     236.23     1.84822     3.61744
139     35     37     194.177     2.10222     3.54228
140     14     14     41.03     4.63074     3.08435
141     43     10     187.16     3.83711     3.85716
142     24     14     291.297     2.78808     3.53793
143     42     11     225.203     2.91305     3.25488
144     32     34     188.173     4.34565     4.66613
145     18     26     300.313     3.89404     4.6218
146     22     39     124.113     3.87396     4.05003
147     19     4     37.02     4.78701     3.95718
148     23     28     299.307     2.08139     2.68212
149     39     38     39     1.97736     4.79751
150     38     7     125.097     3.09272     3.29554
