1     41     14     476.6     4.44147     2.8798
2     15     4     327.4     4.0094     3.72776
3     28     11     120.4     2.25657     3.00005
4     28     9     116     2.95289     2.97166
5     21     2     210.2     2.60511     4.70275
6     23     6     53.8     3.68265     2.51297
7     27     12     379     2.55448     2.64077
8     26     9     448.4     4.7523     3.35147
9     18     2     431.6     2.91348     2.51259
10     37     12     261.4     1.51827     4.90005
11     10     5     278.4     2.77729     2.75109
12     8     3     351.2     2.77921     4.33081
13     40     4     101.6     3.25999     4.02593
14     35     9     237.4     4.10073     3.73325
15     20     15     385.2     2.91412     4.05766
16     30     13     56.4     1.83016     2.58484
17     17     1     382.2     2.33839     2.74514
18     42     13     446.8     2.29769     3.03415
19     16     6     77.6     3.97244     2.6046
20     22     2     338.8     1.70444     2.99677
21     38     1     192     3.57947     4.5217
22     18     4     150     3.19921     4.56343
23     9     13     361     4.91604     3.81588
24     24     8     358.4     4.64174     2.72034
25     47     5     183.4     1.58898     4.11771
26     46     10     261.6     2.55426     4.3833
27     47     12     108.6     3.10179     4.05789
28     13     6     263.8     1.75967     2.74224
29     46     9     257.2     3.58513     4.26931
30     37     9     296.6     2.7085     4.42053
31     11     15     424.6     1.71801     4.70176
32     31     13     396.2     4.99156     4.44472
33     19     14     58.6     1.83529     4.74853
34     33     12     363     2.54176     4.02844
35     22     13     330     3.22175     3.6861
36     38     13     156.8     2.02307     3.66787
37     16     9     99.6     2.09496     3.92613
38     35     15     369.4     4.90579     4.04981
39     9     7     149.8     2.77548     4.57953
40     27     3     211.8     2.23083     4.77256
41     13     12     219.8     3.04379     2.83387
42     36     2     176.8     3.0611     3.37901
43     13     5     395.8     2.68575     3.1428
44     8     11     338     2.11931     4.70244
45     12     8     337.6     3.7242     4.22758
46     44     1     136.4     2.11515     3.02469
47     35     14     404.6     2.33988     3.8918
48     12     4     86.8     3.25828     4.54688
49     22     6     140.8     3.97821     4.14853
50     14     9     440.8     1.95952     2.67235
51     29     8     301.8     2.14399     4.15952
52     43     3     412.6     2.22025     3.60302
53     43     13     148.6     4.88496     3.4872
54     33     7     446.6     4.70765     4.74677
55     10     8     252     3.96016     3.15912
56     27     10     277.8     1.51869     3.43867
57     29     11     460.2     2.19868     4.54505
58     31     7     295     4.6317     3.47415
59     44     2     466.4     4.5439     3.54595
60     23     4     128.6     3.04454     4.45456
61     28     11     164.4     4.28594     2.59682
62     25     15     139.4     2.60094     3.94543
63     29     11     411.8     2.98173     2.98036
64     47     4     350.6     1.50427     4.94713
65     10     9     432.4     4.56281     4.95415
66     40     4     189.6     3.01869     3.67794
67     45     11     93.4     4.62914     3.18995
68     21     13     434.6     2.35762     2.67037
69     24     15     94.4     2.93281     2.52632
70     28     2     50     3.75999     4.17859
71     12     7     42.8     4.04721     4.03233
72     9     8     400.6     4.75422     3.89935
73     30     12     232.4     2.72442     3.8847
74     16     2     328.4     3.60884     2.50557
75     21     4     122.2     2.94072     2.55737
76     36     13     234     1.9718     4.99184
77     14     9     110.8     4.12839     4.32363
78     11     14     37.4     2.69622     2.83196
79     8     15     91.6     3.59571     4.57007
80     23     3     449.8     2.85388     3.95093
81     24     7     371.6     4.63501     4.92393
82     15     15     406.6     2.93709     3.00707
83     14     10     370.4     2.31649     3.69243
84     44     13     96.8     4.24664     4.4882
85     46     8     270.4     2.97201     4.11481
86     45     10     375     4.96817     3.61972
87     40     9     44.4     3.8637     2.92665
88     43     7     456.6     1.93634     2.5853
89     16     2     262.4     3.04208     4.23688
90     14     15     418.8     1.58524     4.56038
91     39     2     69.8     4.39116     3.71715
92     38     1     38     1.5878     3.05719
93     16     1     354.8     3.86007     3.10411
94     18     4     365.6     2.68116     4.08383
95     36     9     322     2.384     2.51335
96     45     11     353     1.68094     3.61415
97     15     10     50.2     3.49071     3.06681
98     20     1     411.6     4.18244     2.87164
99     24     5     226.4     2.59592     4.832
100     33     5     55     4.44873     3.9246
101     37     9     239.4     2.9859     2.57385
102     35     2     153.8     2.4874     3.09458
103     45     4     71.4     2.48675     4.31959
104     43     2     179.4     2.31425     4.67727
105     12     13     117.6     3.32247     2.73522
106     25     10     438.6     1.90387     4.97528
107     42     10     372     3.15958     4.31524
108     45     3     436.6     2.82888     4.14411
109     28     2     384.4     2.33946     3.88455
110     31     15     321.4     4.58609     3.3504
111     18     11     101.6     2.79876     4.41282
112     15     5     353.8     4.60949     4.7425
113     31     7     79.4     2.17592     4.64164
114     45     12     379.4     3.97244     4.2336
115     20     5     68.4     4.10714     4.52361
116     27     11     462.6     4.77548     4.59777
117     45     11     357.4     2.70786     3.47476
118     22     2     140.8     2.72303     3.87768
119     19     13     208.2     4.24364     3.93872
120     33     8     55     2.88688     4.10581
121     16     10     346     1.98643     2.7636
122     17     5     267.8     2.65723     2.83715
123     22     12     334.4     2.26073     2.89171
124     10     12     137.6     4.88176     4.99557
125     25     4     337.4     3.67496     2.86126
126     32     9     291.6     1.69109     2.53098
127     8     3     311.6     3.04208     4.12107
128     23     7     383.8     2.51346     4.39138
129     24     11     354     3.48654     3.65703
130     12     8     355.2     4.77494     4.30479
131     41     9     252.2     3.73959     4.43243
132     42     5     319.2     1.7884     3.87577
133     23     9     366.2     3.62145     3.63887
134     46     12     292.4     3.33027     3.4933
135     26     5     83.2     4.71149     3.76156
136     35     1     224.2     2.40323     3.55152
137     30     3     434.8     2.70508     3.95581
138     31     1     444.6     3.68831     3.48315
139     44     15     132     2.9593     4.23666
140     20     4     310.4     1.68276     3.60469
141     39     13     316.2     3.22495     4.98062
142     39     2     245.8     3.02681     4.77523
143     32     9     335.6     3.06612     4.24047
144     12     10     271.6     2.01698     3.36665
145     35     12     70.2     4.96838     2.87194
146     33     7     165     3.80763     4.04721
147     39     5     140.2     3.63298     4.97345
148     15     7     375.8     4.29919     2.87683
149     42     11     46.4     1.95984     3.63742
150     12     13     113.2     3.71438     3.21589
