1     34     31     866.65     1.98173     3.46141
2     23     15     950.81     3.78626     2.93023
3     40     20     313.585     4.6066     3.49239
4     43     30     947.02     2.07819     4.25848
5     20     17     353.06     1.70936     3.50444
6     20     22     150.845     3.67122     4.79141
7     9     29     353.955     2.03482     3.91011
8     38     29     1191.82     1.81863     2.66724
9     20     18     1126.24     4.95033     4.27732
10     32     18     971.705     2.00587     3.87669
11     31     33     673.33     4.8354     3.9256
12     40     16     456.325     2.93196     3.01363
13     17     24     813.965     4.65755     2.83357
14     13     27     36.79     4.18009     4.34057
15     44     29     971.81     3.73606     2.8605
16     19     31     970.6     2.07456     3.16523
17     37     33     1202.71     1.69323     4.2787
18     10     15     152.74     1.72634     2.52991
19     40     27     1062.97     4.59293     2.61956
20     39     34     586.17     3.26511     2.71363
21     17     17     742.595     1.7665     3.33209
22     26     21     144.95     4.25903     3.54648
23     12     17     119.055     4.32728     4.25306
24     22     18     604.855     4.32237     4.5365
25     38     19     442.43     1.87054     3.3903
26     37     23     441.43     4.91038     2.80915
27     10     24     462.01     1.86338     4.51895
28     9     19     211.215     4.30197     3.85983
29     45     23     342.375     4.72015     3.08893
30     11     22     534.38     1.76917     2.61711
31     42     26     553.485     2.06612     4.94614
32     24     30     725.805     3.93484     4.82109
33     22     31     33.895     1.68917     2.86531
34     23     26     962.705     1.81756     3.71158
35     21     33     568.17     2.17806     3.39618
36     29     35     754.595     2.56388     4.53124
37     28     29     1158.03     4.74856     4.02112
38     33     32     651.54     3.86872     4.33882
39     36     23     202.53     2.75721     3.12639
40     8     30     590.855     2.08203     4.63736
41     30     32     386.85     4.90301     2.78481
42     18     32     493.8     2.50449     4.31249
43     17     21     124.055     4.61483     4.35202
44     19     32     899.23     3.86926     2.88514
45     46     22     652.645     4.12903     4.37407
46     35     27     558.38     2.5126     4.07598
47     45     30     1175.03     2.25208     3.30866
48     38     34     1096.66     2.23051     4.68169
49     36     15     59.79     1.81233     4.55824
50     45     25     901.44     1.8244     3.76514
51     23     28     1176.82     1.79844     3.8152
52     36     29     166.845     2.33305     4.65728
53     43     18     828.07     2.18554     3.72097
54     41     29     992.6     2.45257     4.77096
55     42     26     65.79     3.94894     3.83587
56     19     25     185.53     3.14399     3.22863
57     18     21     232.11     4.26522     3.4228
58     9     29     282.585     3.9279     3.80139
59     14     20     454.115     4.40098     4.54291
60     46     23     628.855     4.86744     3.16103
61     36     30     309.585     2.28925     2.96342
62     12     32     261.795     3.73745     4.44449
63     13     35     738.595     4.79299     4.37895
64     30     32     398.745     2.38261     3.63086
65     8     30     55.58     3.65563     3.44424
66     21     19     1162.92     4.76191     3.73074
67     15     15     38.79     2.64078     3.11991
68     12     25     1189.61     3.18094     4.28823
69     40     35     373.06     4.85815     4.33103
70     11     15     784.175     1.71267     3.69533
71     21     22     794.175     2.27622     3.43715
72     23     29     558.275     3.30378     4.31921
73     44     33     983.705     2.42502     2.5161
74     9     21     615.645     2.57028     2.94107
75     24     24     654.435     4.78359     4.95979
76     27     34     1085.66     1.77964     4.00868
77     31     16     66.685     3.85655     3.8815
78     46     22     759.7     4.52094     3.2004
79     34     18     735.805     4.93773     3.33758
80     15     29     693.015     4.56185     3.80253
81     24     17     166.74     3.56163     4.86038
82     21     25     163.74     4.89425     3.39831
83     44     28     365.165     2.14153     4.30357
84     37     26     798.28     3.96603     3.37031
85     42     23     529.695     4.2962     4.00067
86     22     24     485.905     1.60115     3.71464
87     21     33     1162.92     4.36328     2.73576
88     21     17     972.6     3.60767     3.16782
89     28     17     706.015     3.6003     3.5268
90     42     22     779.49     4.07135     4.64652
91     8     32     412.43     4.07402     4.22079
92     41     15     1171.03     4.83956     3.49933
93     40     17     301.69     4.73574     3.40259
94     18     35     208.32     2.19002     3.57112
95     45     16     639.75     3.18543     4.11527
96     25     18     762.49     3.68917     3.58028
97     46     35     402.85     3.12316     2.89346
98     31     17     994.495     1.73627     3.80795
99     30     27     850.755     2.98708     4.10909
100     39     35     586.17     1.79641     3.09984
101     33     26     972.705     4.28028     4.62935
102     34     18     212.425     3.82034     3.68122
103     34     17     652.54     4.58396     3.78758
104     36     19     1213.61     3.35121     3.78323
105     40     21     1217.61     3.25881     3.66665
106     44     35     388.955     1.82055     3.08283
107     37     22     845.86     2.3338     4.6942
108     40     26     813.175     1.53023     3.45431
109     29     22     1063.87     2.58214     4.05118
110     15     15     348.06     2.82205     2.53426
111     45     21     116.37     1.78509     4.39261
112     45     31     532.695     3.43548     2.59804
113     9     19     1091.45     2.18297     2.88049
114     26     26     121.16     3.55277     4.74967
115     13     32     976.495     2.61408     3.0298
116     19     24     173.635     2.53087     3.42318
117     29     17     207.425     3.34053     4.36651
118     8     20     1185.61     4.82205     3.69778
119     29     19     588.065     2.56238     4.89822
120     36     33     892.44     3.58054     3.9243
121     34     29     509.8     2.11824     3.8976
122     24     22     547.38     4.95791     3.66497
123     31     16     649.54     4.8746     4.99809
124     16     16     158.74     2.08535     4.44502
125     17     25     849.65     3.80132     4.60173
126     13     15     36.79     3.74407     3.31736
127     10     32     117.055     4.73585     3.1003
128     33     18     473.115     2.22164     4.23963
129     34     27     652.54     2.33401     3.90835
130     39     30     776.49     2.85815     4.76348
131     41     30     564.38     3.70904     2.80885
132     24     26     404.64     3.27761     3.03644
133     47     18     249.215     1.75732     2.61139
134     30     22     779.385     2.80859     2.61673
135     37     32     239.215     3.17251     3.12311
136     13     19     524.485     3.59133     2.5998
137     25     25     143.95     2.64644     3.93155
138     45     22     45     3.37268     3.05795
139     14     30     1013.18     4.75785     2.50053
140     42     15     53.895     4.48836     3.29257
141     9     25     104.16     2.54828     2.57851
142     20     30     1054.87     4.03333     2.89789
143     29     35     504.8     3.78658     2.91894
144     39     31     669.435     3.71876     3.13875
145     8     35     329.165     3.41893     3.81397
146     12     28     963.6     4.41722     3.63948
147     43     29     649.645     3.7084     3.93941
148     46     23     997.6     2.89511     4.38612
149     46     22     307.69     1.56078     2.51366
150     46     21     474.22     4.73232     3.04071
