1     8     8     139.853     2.28648     3.56197
2     19     34     174.827     1.63576     4.13717
3     38     6     253.76     1.63234     4.44609
4     33     16     512.467     1.60596     3.41693
5     20     32     223.773     4.53845     3.96779
6     28     16     183.827     3.1191     3.20055
7     46     12     189.84     3.45962     4.39772
8     38     10     277.733     1.70092     4.96048
9     18     20     317.667     1.99957     3.18033
10     34     28     57.9733     1.62572     2.98456
11     11     31     250.733     3.65798     4.5452
12     45     37     242.78     4.00865     4.89357
13     26     17     331.66     2.76586     3.93025
14     16     36     225.767     4.08417     4.97101
15     40     6     555.427     2.10949     2.71905
16     23     39     220.78     4.67368     2.80587
17     21     35     356.627     4.74033     3.28875
18     45     29     74.9667     3.83935     4.74792
19     20     13     493.473     4.47287     4.37208
20     30     20     317.68     2.22623     3.17476
21     37     24     294.713     3.07103     4.23055
22     27     11     344.647     2.09133     3.5725
23     18     1     95.9133     1.62049     4.14144
24     9     26     272.707     1.52029     4.42778
25     34     36     465.52     4.5893     4.69604
26     10     29     135.86     4.83209     4.93324
27     33     31     410.58     1.57605     4.91134
28     35     13     82.9467     3.67005     3.00493
29     22     29     183.82     3.74589     4.15387
30     13     15     90.9133     2.28242     3.61255
31     43     36     564.42     1.95247     4.37582
32     44     34     91.9467     2.98804     4.9218
33     41     32     262.753     4.04956     2.66373
34     26     37     379.607     4.33113     4.74952
35     18     30     239.753     4.38859     4.10062
36     13     23     90.9133     4.92277     4.83146
37     29     25     616.347     4.50406     4.93866
38     13     21     78.9267     2.47063     2.90193
39     13     16     534.42     4.48718     3.58638
40     16     24     453.513     1.99562     2.58698
41     26     30     493.48     3.54582     4.40718
42     37     28     570.407     1.73595     3.60912
43     14     33     373.6     2.75262     4.33058
44     36     3     527.453     2.23916     4.80476
45     9     36     512.44     2.9812     4.77638
46     21     24     236.76     3.64132     4.95445
47     30     5     281.72     1.52809     3.8905
48     44     12     109.927     1.63384     3.92552
49     44     31     367.64     4.92448     4.09413
50     35     36     352.647     3.11782     4.1274
51     14     17     463.5     1.93303     4.94522
52     24     8     401.58     2.04593     4.77851
53     12     5     599.347     1.73478     3.81169
54     35     37     394.6     2.9514     3.98679
55     15     34     242.747     4.3009     4.35858
56     9     29     278.7     4.66514     3.64246
57     9     11     176.813     4.45407     2.846
58     44     18     439.56     3.71972     4.62279
59     42     21     221.8     1.61621     4.74143
60     8     15     337.633     3.44157     4.80949
61     28     21     297.7     4.74429     4.14243
62     40     39     549.433     4.22997     4.91928
63     40     8     603.373     4.45279     3.51413
64     39     3     320.687     3.02393     4.64629
65     39     25     80.9533     3.32482     3.73714
66     31     16     534.44     1.95642     4.11687
67     34     38     543.433     2.91028     4.46928
68     14     23     103.9     1.69633     3.15752
69     10     19     291.687     3.4107     4.81956
70     28     4     183.827     3.97789     3.37489
71     17     38     310.673     2.05277     4.33393
72     14     23     14     2.3166     3.04819
73     39     25     272.74     4.14911     4.29487
74     30     6     389.6     2.91487     4.83444
75     38     4     565.413     4.84555     4.33218
76     40     1     237.78     2.25272     3.78574
77     46     24     405.6     4.55747     4.3469
78     38     28     373.627     1.86776     3.18003
79     42     5     59.98     2.09229     4.24772
80     45     25     338.673     4.32141     3.16294
81     32     21     289.713     3.9608     3.99991
82     15     4     92.9133     4.35366     4.70328
83     21     22     476.493     4.37385     3.9864
84     23     28     202.8     3.22474     3.86021
85     47     28     226.8     2.42929     3.18171
86     8     25     61.94     4.24439     3.8641
87     18     28     35.98     3.9843     2.63848
88     30     16     341.653     3.48836     2.50816
89     20     34     169.833     4.71587     4.28594
90     42     16     461.533     3.70338     4.85443
91     33     5     62.9667     3.36926     2.54143
92     11     26     208.78     2.39842     3.75027
93     47     6     460.54     3.19323     3.7344
94     8     24     295.68     3.12401     3.15958
95     18     4     419.553     1.56334     3.34223
96     15     29     170.827     4.43944     4.30486
97     25     35     492.48     2.79214     3.53977
98     9     29     542.407     1.56633     4.62195
99     8     40     265.713     1.62743     3.55998
100     43     8     174.853     4.23157     4.52818
101     28     6     435.547     3.93805     2.86813
102     15     3     386.587     4.19526     4.50224
103     10     5     381.587     4.08641     4.64827
104     25     32     174.833     4.46838     4.97673
105     17     14     106.9     2.98921     4.60143
106     19     33     438.533     1.71705     4.04309
107     27     24     200.807     3.86616     2.55768
108     9     32     416.547     2.35398     2.96953
109     39     13     224.793     3.17421     4.3997
110     37     10     420.573     2.31809     4.53085
111     10     22     351.62     4.73189     4.29868
112     44     15     301.713     4.04102     4.15098
113     42     35     617.36     4.52895     4.76394
114     31     4     378.613     4.10158     3.85823
115     9     36     128.867     2.22474     4.50354
116     35     2     460.527     4.06751     4.05293
117     16     3     99.9067     4.33433     4.09848
118     34     5     267.74     2.52478     3.08718
119     18     7     155.847     1.6003     4.48912
120     16     13     477.487     3.29481     4.65773
121     28     35     561.407     4.55437     3.27349
122     38     24     349.653     4.83786     3.01088
123     44     37     145.887     4.2649     3.81939
124     34     13     357.64     2.34523     3.46019
125     31     40     348.647     1.7727     4.68749
126     45     27     446.553     2.51933     3.21642
127     33     10     86.94     4.71406     4.36804
128     20     24     595.36     2.0392     2.53037
129     33     22     320.68     1.63095     3.82954
130     24     34     455.52     3.21577     3.64757
131     18     26     347.633     4.96966     4.38047
132     14     18     217.773     3.83294     2.57607
133     36     34     551.427     1.76565     3.34246
134     32     4     247.76     3.17753     3.6668
135     16     28     459.507     4.51741     2.537
136     17     1     17     3.25571     4.50537
137     16     35     39.9733     2.74599     4.58457
138     29     13     88.9333     1.69729     3.61805
139     12     12     191.8     4.24429     4.51506
140     15     33     602.347     4.34779     3.4888
141     14     12     325.653     1.51122     4.19248
142     41     33     544.44     1.54711     3.88943
143     15     24     134.867     3.3762     4.55115
144     15     23     15     2.59731     3.02225
145     24     10     461.513     2.30837     3.14394
146     36     30     53.98     2.41604     3.97526
147     18     3     155.847     3.41562     4.50438
148     36     33     419.573     2.87866     3.98938
149     22     12     381.6     3.12957     3.31973
150     25     2     282.713     4.84768     4.0389
