1     30     22     157.203     1.9953     2.86584
2     39     17     212.74     1.50812     4.11733
3     23     11     314.635     2.11515     2.54845
4     26     25     134.588     3.80357     2.94397
5     21     14     95.46     3.76138     4.15273
6     41     18     96.845     1.81959     2.73904
7     18     13     132.793     1.99081     4.99886
8     41     30     81.3325     2.33828     3.97961
9     14     21     60.5375     2.16129     4.39703
10     34     7     313.225     4.73008     4.58686
11     20     27     147.203     2.55405     3.38389
12     42     24     346.045     3.92064     3.56868
13     19     18     242.38     3.68436     4.77149
14     43     13     257.073     2.54561     4.9752
15     46     25     210.433     2.29962     3.50803
16     24     39     324.943     4.29192     4.66536
17     21     34     256.79     1.56473     4.85237
18     20     33     122.383     2.42726     4.88784
19     9     12     313.045     2.43559     2.85981
20     11     21     221.97     2.01677     4.17348
21     35     10     270.79     4.21929     4.18157
22     47     16     112.153     2.3276     2.5399
23     38     34     186.92     3.82205     4.67536
24     29     18     140.69     2.42042     4.50987
25     41     6     183.715     4.185     3.82962
26     29     7     218.253     1.92886     4.94049
27     14     14     203.253     3.90728     4.49988
28     45     32     82.23     4.02638     2.66648
29     46     36     219.74     3.0564     2.95747
30     23     26     249.483     3.08032     4.45502
31     10     39     171.33     4.16631     4.251
32     14     22     131.895     2.49402     4.27305
33     35     9     339.045     4.9232     2.87973
34     45     8     200.125     3.23574     2.86782
35     35     16     276.995     3.53813     3.78071
36     32     16     323.635     1.55586     2.65931
37     18     9     138.997     2.80773     3.62667
38     41     28     348.148     2.89084     2.94504
39     10     16     146.51     2.36264     4.9382
40     28     4     59.025     2.95514     2.91787
41     35     9     202.535     3.60254     3.00676
42     36     36     141.485     2.52062     4.99634
43     8     11     113.485     2.81927     3.13204
44     12     38     139.203     3.38336     3.46652
45     23     16     299.123     4.00758     3.16965
46     30     21     213.048     3.01752     3.43799
47     21     22     235.073     2.36317     3.89317
48     15     3     39.82     1.91775     2.61055
49     40     25     129.973     4.96806     4.66796
50     17     12     265.2     2.62807     3.3552
51     12     15     182.638     4.66375     4.43693
52     32     17     149.895     3.95898     2.60575
53     31     10     127.178     1.61162     3.02019
54     14     30     169.125     4.39116     4.56481
55     29     25     212.048     2.54155     2.72561
56     47     20     279.688     4.16802     3.72044
57     36     7     219.048     4.68661     2.77329
58     13     24     254.995     2.57466     3.17713
59     40     18     322.328     2.90632     4.03142
60     29     34     75.5375     4.40461     3.29798
61     8     30     253.098     2.49797     4.06514
62     9     23     257.2     4.11397     3.1595
63     24     16     241.175     2.69376     4.99817
64     20     7     293.02     3.66375     4.81971
65     29     20     336.148     3.34672     4.18653
66     16     15     16     4.54871     2.89773
67     36     39     150.793     3.30378     2.70455
68     11     8     14.1025     2.01399     4.46699
69     43     21     185.715     4.46614     4.14441
70     30     39     61.025     2.46037     4.25947
71     39     12     45.205     4.03738     3.72639
72     13     3     251.893     4.53471     2.68395
73     36     39     57.7175     2.9593     2.72385
74     10     26     283.02     3.41028     4.15593
75     8     12     262.405     2.53461     3.19887
76     42     20     277.79     4.25315     3.23992
77     41     30     341.943     3.23756     3.05109
78     46     14     309.713     2.87642     3.60492
79     41     28     224.048     2.21192     3.87928
80     36     33     256.278     3.58246     4.79186
81     17     1     249.688     3.45674     4.15525
82     19     8     229.97     4.19163     4.29342
83     12     26     266.405     2.19942     2.70959
84     18     14     33.5125     4.25935     4.94697
85     47     10     195.92     2.95578     2.53143
86     41     29     41     4.98035     2.63947
87     40     1     316.123     4.77879     4.87892
88     39     40     63.82     4.28071     4.32516
89     28     9     121.075     2.69344     3.70319
90     27     18     334.148     4.59677     3.85533
91     47     24     261.073     1.82044     2.88545
92     18     37     98.665     1.84202     3.12143
93     16     17     292.123     2.18618     3.78483
94     15     36     319.045     4.56195     3.50963
95     26     3     267.995     3.22121     3.10015
96     39     9     156.895     2.77462     2.66861
97     36     16     119.768     3.44563     3.54381
98     41     8     273.688     2.00139     4.08994
99     26     31     196.638     2.34191     4.8281
100     28     33     145.895     3.4828     4.49988
101     10     18     115.485     4.41594     4.96368
102     24     34     166.715     4.08289     4.06514
103     16     9     136.997     4.44456     4.37147
104     27     3     306.225     1.88154     4.41053
105     11     13     42.025     2.91134     2.80602
106     22     9     22     3.95343     4.44838
107     45     30     116.358     2.62989     4.09223
108     46     12     73.9225     4.83465     4.02165
109     23     22     106.768     4.05394     3.67359
110     36     24     42.205     2.17699     2.8589
111     42     11     48.205     2.77558     3.97412
112     45     31     262.175     4.09079     4.84184
113     15     33     89.46     3.21075     2.57202
114     10     13     171.33     3.6724     2.58515
115     8     22     107.28     2.97244     3.18575
116     41     11     245.765     4.7226     4.82971
117     29     12     230.663     3.93132     4.47325
118     26     14     78.7425     4.14997     4.14693
119     24     2     331.148     4.46336     4.14274
120     43     29     204.33     4.56313     4.95682
121     9     4     30.7175     4.3856     3.3771
122     37     14     176.613     4.54978     4.35781
123     43     38     114.358     1.57926     4.06995
124     29     17     190.33     1.64356     3.26968
125     21     13     188.535     4.80079     3.87448
126     19     19     167.92     4.47885     2.88812
127     34     22     40.205     3.17849     4.06476
128     30     28     327.84     1.63138     3.95283
129     41     37     115.46     4.39959     2.70959
130     22     25     80.9475     2.64879     3.82702
131     29     39     97.255     1.58225     3.15882
132     41     20     189.92     4.26672     3.89065
133     14     40     197.048     1.837     2.84234
134     47     7     257.97     4.31318     4.74502
135     39     30     73.1275     4.51389     4.88113
136     30     5     48.615     3.80058     4.23048
137     22     20     77.845     2.63833     2.51106
138     39     9     135.178     4.20498     3.25655
139     32     17     59.9225     4.03493     3.81977
140     22     20     174.023     3.43239     4.44464
141     34     6     96.05     2.13651     4.29487
142     14     35     107.075     4.47404     3.58272
143     24     35     256.688     4.98387     4.68551
144     43     31     257.073     1.74717     3.89332
145     42     19     172.305     3.40953     4.17623
146     46     12     346.943     4.62519     3.11335
147     10     35     19.3075     4.41263     3.87326
148     29     26     174.818     3.65339     3.38679
149     47     23     220.74     3.7179     3.10327
150     16     15     323.148     1.9545     3.96977
