1     13     5     140.855     3.85772     4.44548
2     38     8     123.705     3.85879     4.19935
3     24     10     104.085     2.59517     4.27007
4     8     10     138.665     4.9796     3.01912
5     23     11     52.505     3.05277     4.92439
6     44     3     119.87     4.28317     2.75346
7     36     5     87.985     4.93612     4.93973
8     47     15     163.615     4.87877     4.17135
9     28     2     101.06     4.42534     4.4641
10     32     6     151.425     2.58385     2.72965
11     35     2     174.095     3.81436     4.60768
12     27     7     116.92     3.65627     3.07512
13     14     9     108.135     2.33647     4.60089
14     9     12     49.745     2.7147     3.85853
15     14     6     51.935     3.17859     4.2655
16     38     3     91.39     4.84565     2.86195
17     19     12     75.2     1.6818     4.29739
18     42     1     115.06     4.39821     4.93805
19     31     13     119.515     3.73072     4.3627
20     25     7     159.88     4.46731     2.76193
21     47     3     153.78     4.32867     4.00571
22     19     3     100.49     3.5627     2.89598
23     46     11     171.045     3.36253     3.86952
24     44     2     115.655     1.96689     4.66636
25     10     9     73.225     2.55309     4.72961
26     13     4     81.845     3.28018     4.3527
27     44     9     180.285     4.59421     4.33912
28     25     1     55.91     4.15253     4.69008
29     44     2     118.465     3.97842     4.58724
30     33     12     55.48     3.70391     4.68337
31     43     15     121.68     4.51122     3.96992
32     8     1     97.92     4.6316     4.73418
33     15     12     38.885     4.01164     2.87317
34     24     10     123.755     2.50523     4.58037
35     19     11     108.92     2.20167     4.16868
36     19     10     149.665     1.74899     4.0482
37     20     12     95.87     3.78178     4.12183
38     27     11     70.555     2.3119     4.11626
39     29     10     135.78     2.69462     3.61255
40     19     1     47.1     2.52478     3.29295
41     44     8     91.77     3.5768     4.6688
42     35     12     122.11     4.14537     4.3057
43     35     12     89.795     3.39671     4.8117
44     8     3     43.125     2.09069     3.60286
45     8     8     102.135     3.28146     4.21415
46     18     4     133.21     4.35762     3.6684
47     21     15     105.3     1.53001     3.17156
48     36     4     107.655     1.62882     3.14852
49     32     13     126.135     2.81478     4.88495
50     15     10     135.83     2.06943     4.79148
51     44     8     90.365     1.56986     3.55609
52     31     15     80.175     1.80827     3.69907
53     39     15     138.755     2.5674     2.79702
54     20     12     32.645     3.1081     3.39175
55     10     13     21.24     1.68148     4.34942
56     19     12     72.39     3.22303     4.6849
57     28     9     30.81     3.83903     4.61844
58     43     1     175.07     2.94371     4.87869
59     15     2     55.745     4.65851     4.01852
60     32     4     53.075     3.32942     4.75982
61     33     5     61.1     2.27601     4.13121
62     19     5     79.415     4.62796     3.41624
63     36     12     54.265     4.35954     2.67617
64     16     1     55.34     3.88336     3.36398
65     22     10     100.68     2.30923     3.79429
66     15     5     40.29     1.73072     3.48628
67     10     10     87.275     3.64666     3.64322
68     20     6     62.15     4.37844     4.78614
69     38     15     46.43     3.5909     3.80581
70     31     2     71.745     3.27825     3.95009
71     19     6     82.225     4.32205     2.51068
72     44     2     154.995     2.4827     4.72602
73     9     9     65.2     4.9326     3.66558
74     28     13     29.405     2.69013     4.61165
75     16     9     73.605     4.0658     3.70281
76     34     10     101.44     4.97682     4.35713
77     31     6     97.035     4.74236     3.73783
78     15     6     89.465     2.71705     2.77947
79     32     8     54.48     3.87353     4.5394
80     14     10     120.78     3.69098     4.38917
81     26     8     59.72     4.96272     4.31341
82     25     14     92.44     1.87844     4.82994
83     46     5     127.49     4.9938     4.29807
84     42     3     176.88     3.94275     4.13037
85     11     5     29.265     4.50758     4.67254
86     19     10     63.96     1.89949     2.76879
87     42     15     115.06     2.36531     3.27715
88     39     8     171.07     3.97468     3.05002
89     19     14     94.87     3.20017     4.64713
90     14     12     32.265     4.64922     3.29463
91     14     1     108.135     2.55533     4.35781
92     45     13     105.415     2.39137     4.84123
93     10     7     10     2.21053     3.68328
94     35     1     58.885     2.07723     4.36064
95     18     15     144.45     3.1959     4.56687
96     45     8     150.375     2.09741     3.98305
97     35     11     154.425     4.49284     4.9041
98     35     13     42.025     4.65242     4.23734
99     39     7     147.185     3.92245     4.13892
100     17     11     146.26     3.73478     4.80331
101     37     11     91.795     4.7225     4.17165
102     32     11     54.48     3.29908     3.07543
103     39     10     86.77     3.3104     3.07939
104     34     6     62.1     2.61974     3.04079
105     42     8     116.465     3.73478     4.14991
106     17     10     70.39     4.83551     4.46776
107     10     1     133.64     2.81361     2.72652
108     9     14     129.83     3.18159     4.90829
109     19     4     80.82     1.96112     3.36711
110     17     3     101.3     4.4106     4.51216
111     33     7     143.995     3.70092     4.81414
112     38     3     105.44     1.89885     3.65421
113     25     9     158.475     3.36744     2.77818
114     31     6     78.77     3.44221     3.37367
115     13     12     29.86     3.99445     3.03384
116     26     4     48.48     1.73766     3.62598
117     20     3     71.985     1.89105     4.82757
118     38     12     146.185     3.05416     4.34751
119     24     3     64.745     2.40632     4.59822
120     47     15     125.68     2.08898     4.3321
121     31     13     146.21     2.87898     2.51083
122     38     7     108.25     4.51367     2.921
123     10     8     102.73     2.27708     4.30227
124     14     3     49.125     2.70573     4.50461
125     41     6     69.1     2.52414     3.43867
126     24     6     144.83     2.66909     3.33659
127     37     3     139.565     1.51239     3.58699
128     23     10     76.39     4.1411     3.66153
129     44     5     143.755     2.30432     3.89782
130     21     12     137.615     3.88752     2.65389
131     17     5     54.935     3.52104     4.6012
132     12     4     65.39     4.68522     3.67
133     41     6     180.095     2.41871     2.91459
134     22     10     151.26     1.99178     4.81254
135     39     2     134.54     3.652     4.26412
136     37     14     67.91     4.30325     2.8077
137     41     11     161.83     2.22559     3.81703
138     44     9     174.665     3.19846     4.69451
139     8     13     116.185     3.63245     3.32812
140     20     3     63.555     1.57231     4.8265
141     20     4     122.565     4.18009     3.29737
142     24     8     42.265     2.05512     4.68665
143     22     6     123.16     1.50459     2.94107
144     10     1     139.26     4.62006     3.01386
145     29     13     71.15     3.77142     2.97472
146     43     15     114.655     2.87802     3.7431
147     33     10     56.885     2.56409     3.70884
148     15     7     130.21     3.56056     4.25642
149     43     13     120.275     3.96048     3.45729
150     14     3     146.07     2.68917     3.9481
