1     24     17     52.4     3.39404     3.2329
2     14     36     422.96     2.62038     2.80503
3     45     6     482.36     1.69654     3.13891
4     15     21     253.56     4.13565     4.70603
5     31     34     519.48     1.99605     4.96376
6     18     38     216.8     2.91263     3.24725
7     20     32     99.52     2.25272     3.24404
8     16     12     328.4     4.63758     4.69199
9     39     5     181     4.80763     4.69222
10     29     22     114.2     4.07125     2.77635
11     16     38     27.36     3.81745     2.61986
12     11     34     380.2     3.32888     4.54054
13     34     8     420.24     2.87855     4.1747
14     15     1     480.76     4.3464     3.97038
15     44     13     606.32     3.33679     2.88858
16     10     30     373.52     3.53536     3.45309
17     10     22     396.24     1.78562     4.03966
18     41     26     330.68     2.62391     3.04476
19     9     20     139.64     3.75208     2.82556
20     30     35     115.2     4.18725     2.55013
21     14     38     422.96     4.56932     2.85012
22     45     17     499.4     2.36296     3.91545
23     23     14     62.76     3.9373     4.9221
24     39     7     135.56     3.75678     3.93338
25     24     11     506.8     1.67101     3.66619
26     10     8     492.8     1.53333     4.76081
27     24     9     188.72     2.63619     4.44754
28     39     39     413.88     4.1959     4.74868
29     25     28     428.28     2.87172     3.10739
30     11     14     130.28     3.55309     4.58457
31     12     1     528.88     2.40056     3.51238
32     47     16     512.76     4.37332     3.74805
33     26     37     423.6     2.72816     2.91551
34     8     23     257.92     3.72613     4.77805
35     12     4     34.72     3.02724     2.63031
36     23     7     403.56     4.01207     2.85279
37     44     35     305.28     2.01132     4.01692
38     42     25     274.88     3.67934     3.18285
39     42     38     121.52     1.9953     4.78095
40     10     9     140.64     4.12764     3.71563
41     24     4     92.16     4.64345     3.08481
42     19     40     348.44     4.80068     3.15325
43     14     38     559.28     1.90451     4.47188
44     14     3     59.44     3.96475     4.28289
45     39     27     237.8     4.13555     4.10222
46     18     26     574.64     1.67603     2.61872
47     10     6     10     3.91188     4.30189
48     39     1     351.4     4.93495     2.85768
49     26     39     531.52     1.5251     4.92416
50     42     34     354.4     3.52734     3.14638
51     22     30     73.12     4.66941     4.02295
52     44     26     191.68     4.05458     4.66193
53     26     27     463.36     2.3135     3.83999
54     27     16     373.48     3.14965     4.00365
55     44     9     606.32     3.76212     4.60288
56     31     9     133.24     4.88186     3.399
57     16     38     317.04     2.90344     3.63659
58     30     38     421.92     1.84854     3.72051
59     12     13     51.76     4.14495     4.78774
60     25     4     365.8     3.9545     2.81617
61     45     36     243.8     1.53632     3.16012
62     21     11     163     2.87823     4.1522
63     8     38     490.8     2.08032     2.66434
64     42     24     558.88     1.72709     3.26739
65     33     18     294.28     2.23029     3.87875
66     39     12     550.2     4.87844     4.54161
67     32     10     571.6     1.57605     4.7232
68     28     10     84.8     3.00897     3.27517
69     47     13     126.52     4.71705     3.94543
70     39     21     124.2     2.31201     3.08191
71     29     30     165.32     4.32247     4.92019
72     16     39     163.68     3.4013     3.59386
73     15     11     259.24     4.87973     4.76005
74     29     11     426.6     3.4028     3.47896
75     17     14     244.2     3.12978     3.73966
76     31     20     530.84     3.73467     3.7714
77     17     7     278.28     2.19034     2.53197
78     42     36     428.24     2.57285     4.01379
79     45     24     187     3.36627     4.75707
80     41     30     336.36     3.50673     3.7125
81     40     32     45.68     3.6474     4.84306
82     24     4     376.16     1.87973     4.10512
83     33     9     527.16     2.39479     3.70067
84     24     9     205.76     4.8197     2.74049
85     19     26     70.12     3.2131     4.70916
86     22     32     164     4.4546     3.37176
87     30     13     52.72     4.01143     2.51495
88     20     20     394.88     2.31767     3.66054
89     45     2     300.6     3.25112     4.64354
90     47     38     507.08     4.43901     3.19536
91     22     2     226.48     4.88176     3.42257
92     32     26     162.64     4.62444     4.32142
93     13     5     353.8     4.46379     3.21902
94     11     34     204.12     4.92299     3.2828
95     25     37     360.12     1.97938     2.98708
96     43     1     605.32     3.2805     4.17837
97     21     24     128.92     2.83016     4.13037
98     35     17     461     4.38218     3.22855
99     25     26     263.56     3.52297     3.67519
100     38     15     134.56     4.68105     3.35582
101     47     33     524.12     4.04294     2.75704
102     9     1     236.2     4.11547     4.07727
103     46     7     335.68     4.9138     2.91955
104     44     7     191.68     2.51303     4.20949
105     26     35     400.88     2.94617     2.72553
106     20     15     230.16     1.68255     4.88632
107     33     8     572.6     3.17304     4.68123
108     36     38     331.36     2.69333     2.88888
109     32     13     139.92     4.97287     4.972
110     39     38     288.92     1.84149     4.28831
111     13     27     69.8     4.37983     3.51177
112     32     19     412.56     2.80528     3.40037
113     10     19     180.4     2.08225     4.30433
114     18     6     239.52     2.9859     4.55359
115     16     37     436.32     3.1081     3.61644
116     24     10     279.6     3.03728     4.1689
117     25     9     547.56     4.69771     3.4653
118     23     33     301.32     4.58267     3.15249
119     29     18     114.2     3.86467     2.91612
120     22     8     288.96     3.1191     4.60089
121     22     31     391.2     3.64367     4.69474
122     13     14     575.32     4.10927     4.31837
123     20     8     468.72     4.02628     4.61013
124     43     25     542.84     2.76052     4.14693
125     10     15     66.8     2.08364     3.79185
126     23     17     96.84     4.49188     3.10938
127     47     36     319.64     4.7774     3.73836
128     24     19     523.84     2.08802     3.86387
129     30     39     563.92     1.95738     4.17821
130     21     8     447     4.04187     4.47172
131     15     10     117.24     4.54764     3.74424
132     13     20     575.32     2.08278     2.97754
133     11     21     295     4.41871     3.45965
134     24     39     347.76     3.89425     4.80171
135     27     16     225.8     2.94894     3.03697
136     36     15     592.64     1.51762     2.94527
137     18     20     69.12     3.27238     4.98939
138     25     19     172.68     4.94467     3.50803
139     31     27     212.76     4.71395     4.05415
140     46     10     330     4.39543     4.01822
141     44     19     44     2.91252     4.42976
142     17     2     17     4.7869     4.57511
143     25     23     149.96     2.63213     4.82406
144     28     2     170     2.88549     4.30418
145     26     22     554.24     4.75935     3.81565
146     26     17     588.32     1.6504     3.12464
147     12     34     557.28     2.48889     3.0282
148     22     20     260.56     2.26191     3.82969
149     28     2     357.44     4.19697     3.11625
150     28     19     33.68     1.83828     4.47874
