1     13     37     610.84     4.10938     3.44501
2     13     1     235.6     1.74845     3.12899
3     21     29     218.16     2.45183     3.06162
4     33     6     83.88     4.71908     4.46753
5     35     10     308.48     2.53803     3.96062
6     21     20     249.96     1.72784     3.83877
7     42     3     201     4.86862     4.68787
8     29     29     372.44     3.43014     2.56096
9     12     14     342.72     3.4592     4.24863
10     46     13     465.76     4.43217     2.90498
11     34     17     383.8     3.13533     2.54677
12     34     39     167.56     1.6803     3.68954
13     32     24     598.04     4.01463     3.63697
14     32     25     159.2     4.53717     3.68992
15     38     2     483.2     2.17678     4.28899
16     9     11     441.48     1.54508     2.85829
17     9     3     257.04     3.02104     2.86454
18     13     4     280.12     2.8778     3.85739
19     8     28     179.72     1.81104     3.50719
20     28     37     657.64     4.47832     3.90561
21     39     23     102.6     4.90739     3.14379
22     46     35     618.4     3.3856     4.43571
23     39     35     236.16     4.18725     3.79933
24     11     1     449.84     4.74866     3.56517
25     20     38     242.6     2.65221     2.72355
26     12     36     616.2     3.0266     3.87974
27     22     30     257.32     3.72303     2.83059
28     24     38     202.08     3.87823     3.02881
29     9     15     307.92     2.72175     3.45096
30     15     20     243.96     2.73798     4.63385
31     45     24     293.04     1.54219     3.89599
32     11     24     424.4     4.07958     4.50896
33     38     30     597.68     4.50694     4.83459
34     42     39     658.92     4.36669     4.69398
35     29     15     537.8     2.41209     4.98299
36     45     19     674.64     1.69269     2.80061
37     29     40     563.24     4.26063     3.10633
38     36     34     214.08     4.10596     4.17035
39     46     8     542.08     4.68116     2.8338
40     40     38     377.08     1.62358     4.34492
41     30     2     583.32     2.536     2.78458
42     47     3     371.36     3.43324     4.34996
43     19     39     400.6     4.21619     4.50835
44     19     5     604.12     3.78092     3.79048
45     27     34     281.4     4.62337     3.23611
46     36     23     538.44     2.54785     4.25909
47     44     18     56.72     1.8401     3.94597
48     18     12     202.44     3.51367     3.05658
49     28     12     447.76     3.48761     2.73888
50     35     26     569.24     4.30805     4.72571
51     18     30     418.68     3.76981     3.52886
52     11     2     309.92     2.54892     2.89583
53     35     5     92.24     4.70637     2.54448
54     31     26     641.56     4.16909     4.94217
55     31     8     100.96     4.55255     3.14371
56     33     35     52.08     2.42918     4.45585
57     25     19     330.28     2.40643     3.44066
58     15     11     231.24     4.62006     4.02745
59     34     29     371.08     1.50438     4.24497
60     36     28     93.24     4.9499     3.34246
61     38     10     38     4.20273     4.81384
62     38     19     235.16     1.62177     2.5898
63     29     33     200.72     2.14794     3.91652
64     14     17     153.92     2.09667     3.68221
65     36     15     233.16     3.63427     3.71136
66     27     14     599.4     2.54465     4.28945
67     9     2     117.12     3.64869     3.93498
68     46     1     414.88     4.48355     4.68429
69     43     39     361     1.60276     3.90446
70     31     33     228.16     2.10521     4.90059
71     24     29     418.32     3.75336     4.83177
72     32     16     362.72     3.28947     4.70367
73     21     40     599.76     3.30955     4.95048
74     45     35     560.16     3.80464     3.87417
75     33     14     39.36     4.72762     4.9556
76     18     19     297.84     2.19665     2.80313
77     42     13     131.04     4.69344     3.75515
78     21     30     485.28     2.86531     3.40068
79     31     36     590.68     3.29257     4.53513
80     39     23     198     3.8276     2.81617
81     12     30     24.72     3.36776     3.63567
82     39     34     77.16     4.16919     4.97215
83     26     10     165.92     1.56334     4.74143
84     31     17     298.12     3.18287     4.90921
85     28     5     231.52     2.55843     3.3826
86     45     25     515.64     1.69472     3.44485
87     27     30     573.96     3.98601     4.25031
88     35     13     531.08     2.0783     4.64408
89     42     1     162.84     4.54112     3.82275
90     8     3     294.2     3.45482     3.60202
91     42     5     54.72     3.77515     3.30523
92     13     34     102.04     2.58267     4.54062
93     16     29     149.56     4.07862     4.38162
94     33     10     624.48     3.93356     4.21598
95     10     35     347.08     4.35131     2.77924
96     29     20     397.88     3.95546     3.13936
97     22     25     416.32     2.85879     4.64568
98     25     14     336.64     2.02446     4.61074
99     11     22     163.64     2.27857     3.23801
100     21     16     561.6     3.08353     4.06377
101     46     23     205     2.93164     3.42517
102     16     17     365.8     4.96806     3.72463
103     39     11     108.96     1.70252     4.00197
104     45     35     375.72     1.91978     2.58255
105     9     14     358.8     3.64698     2.8164
106     8     35     281.48     4.2884     4.17302
107     29     15     455.12     4.2868     4.70893
108     30     2     646.92     4.41968     4.67307
109     47     34     301.4     2.09186     4.7644
110     19     7     508.72     4.23179     3.81008
111     23     6     601.76     2.65104     4.37658
112     25     18     578.32     2.97906     3.58234
113     25     40     292.12     4.02852     2.62513
114     32     18     502.64     4.70338     4.79202
115     38     39     419.6     1.80902     2.96503
116     40     16     586.96     3.37214     3.89103
117     26     38     108.68     3.33091     2.72843
118     8     34     599.48     1.70508     2.63924
119     28     13     110.68     2.105     2.93931
120     11     33     322.64     4.18799     3.07512
121     40     31     319.84     3.42309     3.4402
122     30     3     36.36     1.77313     2.79893
123     8     29     561.32     3.1521     3.33178
124     11     34     303.56     4.26896     3.06848
125     31     10     450.76     3.71673     4.22483
126     25     19     56.8     4.9154     4.70748
127     29     38     614.12     4.26939     3.80459
128     42     32     296.4     3.14772     4.32577
129     30     20     239.88     3.54764     4.70794
130     28     30     307.84     1.54849     3.35299
131     42     35     620.76     4.91935     3.71242
132     40     16     313.48     4.98515     4.88434
133     38     40     375.08     2.6144     3.73882
134     46     2     618.4     4.43645     3.33804
135     26     34     274.04     1.6457     3.66489
136     23     23     404.6     1.50684     4.42717
137     26     29     534.8     4.91551     3.45286
138     41     12     645.2     3.6269     2.94176
139     45     8     394.8     2.51079     4.58876
140     46     18     255.88     3.94221     3.34529
141     24     31     259.32     1.68618     3.33407
142     21     32     110.04     1.88934     3.18255
143     44     10     451.04     3.03301     4.29083
144     8     30     128.84     4.96048     4.30029
145     44     4     444.68     3.33711     4.2777
146     29     35     595.04     4.65275     4.3807
147     8     36     624.92     4.12401     4.02028
148     38     24     445.04     3.60895     3.78666
149     12     31     285.48     4.89084     2.65244
150     24     11     450.12     2.94221     2.7205
