1     33     18     600.94     3.35078     4.22658
2     12     30     541.04     1.79897     4.1052
3     8     16     583.72     3.63736     3.27219
4     11     17     438.9     4.78295     2.53876
5     36     27     751.76     3.26778     3.12494
6     21     20     526.7     2.31585     2.87927
7     45     22     465.12     2.29748     3.83183
8     35     27     252.84     1.7962     2.72027
9     37     18     737.2     1.77206     4.88105
10     18     26     282.52     1.5565     3.14425
11     36     27     253.84     1.66236     4.62569
12     18     21     585.94     2.14324     4.55306
13     28     29     557.04     4.48804     2.52045
14     25     21     242.84     2.28285     2.80992
15     14     25     21.78     3.62743     4.17035
16     40     16     646.84     4.03674     3.19544
17     12     31     152.04     1.81628     4.19149
18     12     34     136.48     2.64238     4.67406
19     21     19     518.92     3.83305     4.38574
20     39     28     357.98     3.04347     4.47501
21     12     22     649.96     4.37161     4.72648
22     13     23     479.8     3.60596     2.98433
23     25     27     499.58     2.60233     4.65766
24     40     22     110.02     3.02254     3.95047
25     39     19     676.96     4.91989     4.70511
26     20     18     315.64     2.40493     2.50122
27     36     24     705.08     1.87855     3.40014
28     11     23     765.66     2.56249     3.47461
29     12     20     167.6     3.31585     4.51651
30     10     30     251.18     3.46934     2.56066
31     15     28     738.54     2.16257     4.61821
32     34     26     446.34     2.41871     2.75681
33     22     34     107.58     3.44104     3.42189
34     32     22     172.04     4.86477     3.63582
35     41     16     118.8     2.95033     4.46997
36     22     22     387.66     2.45129     3.42524
37     20     31     416.78     3.14014     3.61713
38     24     29     794.22     2.22965     3.90049
39     45     26     185.04     3.17048     2.82937
40     23     22     684.3     2.06195     3.08946
41     40     28     273.4     1.65979     4.2951
42     41     17     624.5     3.21374     3.29081
43     20     17     642.4     1.62145     4.84901
44     15     22     30.56     4.13245     4.40313
45     28     22     191.38     3.58545     3.20826
46     46     35     84.9     3.41487     2.56829
47     38     30     675.96     4.40985     2.52182
48     47     31     124.8     4.96112     4.12618
49     39     32     202.38     1.77857     3.23115
50     39     26     801.44     4.31639     4.88227
51     29     34     153.48     4.38699     3.74447
52     16     27     140.48     1.7007     4.68764
53     35     20     237.28     2.31478     3.92285
54     14     23     146.26     3.22517     4.83192
55     25     29     312.86     2.58684     3.87928
56     18     34     259.18     3.29641     3.24786
57     41     30     313.3     3.92096     3.08954
58     10     18     414.56     4.20861     2.52937
59     35     35     735.2     1.66353     4.81681
60     15     30     279.52     2.92245     3.26136
61     10     24     749.1     1.91284     3.34696
62     14     33     659.74     4.53247     2.66205
63     45     30     784.1     2.8291     4.03844
64     16     17     599.5     2.92042     3.53877
65     39     25     404.66     2.63277     3.6829
66     18     35     757.1     2.09806     3.5548
67     16     17     311.64     2.79022     3.67916
68     37     20     511.58     4.73617     4.80995
69     33     22     484.24     2.88656     3.5197
70     31     31     567.82     2.88047     3.73272
71     35     33     89.46     4.6865     4.58945
72     40     20     397.88     2.3574     3.78597
73     25     21     281.74     4.38176     4.27694
74     46     21     139.36     3.86499     3.48376
75     18     16     687.08     4.52745     2.89827
76     18     30     88.02     3.75187     4.72213
77     8     19     124.7     3.66449     3.43348
78     33     32     56.34     3.98515     3.92102
79     35     28     58.34     2.13031     4.07537
80     36     16     635.06     3.30367     3.47987
81     15     19     108.36     3.05736     3.5905
82     16     30     288.3     4.56056     3.54511
83     18     27     694.86     1.55757     4.4937
84     38     23     139.14     3.25176     4.08986
85     39     28     505.8     4.09688     4.03371
86     44     18     82.9     2.73382     4.80705
87     45     24     519.58     4.55437     2.99226
88     42     33     112.02     3.62711     2.81396
89     40     34     94.46     4.47095     4.79568
90     46     30     722.86     2.40835     3.17042
91     23     33     147.48     3.98537     4.93828
92     24     22     55.12     2.68992     4.70832
93     21     34     697.86     1.95621     3.21879
94     23     33     466.46     4.18607     3.6742
95     33     22     406.44     1.77345     3.78964
96     11     23     750.1     4.36766     2.68494
97     38     29     232.5     1.85591     3.01744
98     9     15     740.32     2.30399     4.99481
99     35     30     462.9     2.33668     2.65778
100     10     30     717.98     4.69216     4.07544
101     27     20     766.1     3.43677     3.34063
102     27     28     447.12     2.57317     3.50894
103     30     23     317.86     2.52521     3.36985
104     14     25     659.74     2.73713     4.69245
105     31     20     567.82     3.86734     2.83425
106     40     22     553.48     1.81468     4.85611
107     28     23     634.84     2.55982     3.03133
108     10     23     453.46     4.55608     2.89262
109     41     32     710.08     2.15456     3.70396
110     24     32     568.6     2.29833     3.00073
111     30     31     364.54     2.9686     3.08855
112     29     21     316.86     2.61921     3.63933
113     44     23     121.8     3.08225     3.27731
114     13     27     223.06     1.67934     4.2954
115     35     32     587.38     1.52478     3.39114
116     41     32     235.5     4.25144     2.56439
117     31     35     326.64     3.64762     3.06665
118     30     32     286.74     3.93666     4.04248
119     15     30     295.08     4.18447     3.75454
120     22     35     325.42     4.06943     2.53151
121     13     20     759.88     3.99957     2.83113
122     38     16     427     2.30923     3.05712
123     32     15     63.12     4.5235     3.0224
124     39     21     474.68     1.91957     2.69822
125     21     24     666.74     4.37567     4.63988
126     37     18     659.4     4.23499     4.22987
127     10     28     235.62     1.6755     3.12944
128     43     25     680.96     3.31521     2.57828
129     33     17     600.94     2.03995     4.4335
130     36     29     471.68     3.78712     4.08864
131     11     19     322.2     4.26949     3.16355
132     19     30     765.88     2.37396     3.60469
133     27     31     641.62     2.22047     3.58768
134     21     30     231.06     3.11226     4.36186
135     22     33     434.34     2.86659     3.42845
136     42     26     726.64     3.25582     3.19178
137     42     31     228.72     4.54636     2.97487
138     15     29     240.62     2.36776     3.54038
139     20     34     20     1.89842     4.50613
140     39     24     365.76     3.09987     3.79772
141     24     17     599.72     3.48558     4.5275
142     21     27     386.66     3.65915     3.4405
143     45     17     620.72     2.60425     3.81947
144     43     17     782.1     2.9624     4.48729
145     14     17     185.16     2.78295     2.79939
146     23     15     124.14     4.47789     3.26601
147     18     32     18     3.46806     4.69474
148     33     17     383.1     4.75433     4.9942
149     21     35     98.8     1.8966     4.02966
150     46     23     53.78     1.63822     3.67107
