1     44     6     177.375     3.38881     3.65909
2     19     8     146.875     1.92299     3.6684
3     32     2     111.75     1.51004     3.31675
4     41     1     112.5     2.57178     3.65528
5     39     6     122.875     2.74856     3.04186
6     38     10     108.125     4.66994     3.30439
7     44     13     100.375     3.03055     2.74545
8     24     4     46     3.58567     3.25312
9     40     13     125.25     2.42021     2.53395
10     16     1     130.125     2.60585     3.73394
11     39     2     143.5     3.60211     3.46171
12     20     10     53     2.01164     2.98235
13     41     14     148.25     2.05084     3.59462
14     15     8     94.75     4.34202     3.4582
15     19     4     64.375     2.88902     4.38795
16     15     4     90.625     4.34512     3.37809
17     27     13     97.125     4.93143     4.87518
18     30     3     91.875     2.11686     3.56174
19     24     1     114.75     4.41797     3.67023
20     18     14     44.125     4.42758     4.58968
21     32     14     60.875     4.43356     3.78201
22     37     14     43.875     3.73478     4.27427
23     24     5     44.625     2.01527     2.74094
24     30     4     151     4.88517     2.94298
25     23     9     116.5     1.94766     3.03896
26     46     15     110.625     1.50267     4.03378
27     19     10     27.25     4.74471     2.88095
28     27     1     113.625     3.56537     2.50351
29     35     12     88.625     3.82023     4.74975
30     40     9     122.5     4.16834     3.54862
31     11     3     75.625     2.34469     4.28236
32     11     15     133.375     4.47522     4.13831
33     44     1     167.75     4.29118     4.4602
34     30     12     162     2.35687     4.8603
35     9     4     112.125     4.1662     2.61063
36     16     1     130.125     4.21801     4.57877
37     19     8     112.5     3.43142     2.72141
38     41     3     166.125     4.00961     2.90544
39     45     12     65.625     4.60981     3.06772
40     25     4     52.5     2.93142     2.98273
41     16     12     65.5     4.08075     4.15166
42     33     1     82.5     3.32002     4.5793
43     25     4     147.375     4.56323     4.4541
44     39     7     73.375     4.72506     4.99794
45     14     4     96.5     1.78466     3.99915
46     47     3     163.875     2.17261     2.79695
47     45     2     98.625     4.83946     3.23115
48     29     3     30.375     4.11718     4.32318
49     13     1     65.25     2.73254     4.70435
50     12     11     47.75     3.57958     3.05712
51     11     2     59.125     3.11333     2.58423
52     35     9     58.375     3.97319     4.27198
53     14     4     110.25     3.1944     4.96277
54     26     7     126.375     1.61824     2.50359
55     20     4     44.75     4.85986     3.98465
56     33     6     149.875     1.94243     4.33439
57     43     10     104.875     3.9592     3.78719
58     9     2     88.75     2.86947     3.98839
59     16     11     152.125     2.79096     3.75225
60     33     10     48.125     4.89596     4.23986
61     43     8     115.875     3.77174     4.57045
62     27     12     71     2.3542     2.63382
63     40     8     119.75     1.79385     4.61829
64     12     11     76.625     4.86413     3.0195
65     24     11     74.875     3.27046     4.14754
66     47     8     52.5     4.97127     4.89555
67     15     12     56.25     1.86755     4.78736
68     35     5     96.875     3.97362     3.06871
69     44     2     46.75     1.9247     4.3585
70     24     5     118.875     4.93495     2.62436
71     35     5     57     2.06131     4.50041
72     30     2     160.625     4.38582     4.20972
73     38     3     165.875     1.97266     3.61057
74     47     7     161.125     3.71256     4.62943
75     24     13     102.375     4.41145     2.59682
76     16     10     62.75     1.73339     2.75376
77     33     10     130.625     1.85826     3.44119
78     36     2     157     3.46197     3.23992
79     13     4     129.875     3.87909     3.07733
80     32     3     45.75     3.05843     3.06429
81     28     15     32.125     3.66941     2.57981
82     24     7     72.125     3.9686     3.36863
83     35     7     96.875     2.78755     4.16623
84     24     7     106.5     2.74941     4.11847
85     18     9     121.125     3.07445     3.51115
86     36     10     67.625     3.08353     4.07346
87     13     7     43.25     4.26041     4.87381
88     33     8     148.5     3.97938     3.57067
89     27     14     145.25     3.76073     4.03691
90     26     14     97.5     4.16086     2.62032
91     41     8     89.125     2.15798     4.05904
92     44     9     81.125     1.6427     4.31425
93     8     13     52     3.87172     3.83892
94     10     4     65     2.49487     3.54595
95     11     5     57.75     2.51581     4.49225
96     34     4     148.125     3.7931     3.54442
97     10     12     51.25     3.44403     3.54137
98     13     10     14.375     3.25806     2.71958
99     25     6     64.875     2.98152     4.4171
100     35     12     128.5     4.08107     4.32066
101     18     2     55.125     4.84576     3.77331
102     21     2     143.375     4.43815     3.90652
103     15     4     50.75     3.75272     4.11359
104     9     2     120.375     3.19098     4.6292
105     41     7     89.125     2.7131     4.23109
106     10     12     133.75     4.27569     2.8296
107     20     1     134.125     4.51399     4.96025
108     45     1     126.125     2.27911     3.94551
109     16     9     126     1.88881     2.7411
110     37     6     116.75     1.70199     3.73241
111     33     15     49.5     4.87513     3.49673
112     40     8     57.875     3.41092     4.79682
113     40     10     147.25     3.859     4.32211
114     32     15     89.75     3.77622     3.44157
115     33     13     108.625     4.80805     2.98631
116     35     14     118.875     2.9985     4.32463
117     35     12     165.625     3.69066     2.74743
118     19     10     67.125     1.62262     2.92917
119     10     3     88.375     1.58417     4.97871
120     30     8     71.25     2.7382     3.34719
121     40     7     154.125     4.46945     4.60829
122     47     1     75.875     2.36872     3.87516
123     32     7     62.25     4.21288     3.37161
124     28     4     48.625     3.04785     2.92199
125     26     2     147     3.73713     3.37535
126     38     2     43.5     1.58246     2.73011
127     10     4     70.5     2.3778     3.47453
128     36     12     55.25     3.50459     3.40838
129     16     5     116.375     4.42907     3.46202
130     40     6     44.125     4.70968     4.77783
131     9     13     125.875     1.87513     3.57028
132     24     11     79     3.28231     3.52985
133     45     7     45     4.81147     4.28617
134     22     12     114.125     3.01122     3.19712
135     31     12     50.25     4.05084     3.97771
136     25     3     108.875     1.58898     4.43663
137     25     4     75.875     2.41925     4.33348
138     42     5     64     2.0015     3.12517
139     37     4     98.875     2.73809     3.61461
140     16     9     64.125     1.60425     3.76827
141     12     1     31.25     4.99359     2.7192
142     28     3     40.375     4.38528     3.21978
143     43     7     60.875     2.19483     4.05957
144     13     2     79     3.917     4.7161
145     9     7     14.5     2.91871     3.25121
146     45     13     152.25     3.49466     4.72137
147     19     6     61.625     3.54166     3.61507
148     43     13     162.625     3.46261     2.5856
149     32     13     58.125     4.66033     3.492
150     39     15     84.375     4.72794     3.01599
