1     35     13     384.35     4.66727     3.03949
2     31     12     409.12     1.88325     3.05452
3     13     6     107.53     4.49081     4.93355
4     35     14     289.82     2.17496     4.46219
5     24     5     32.22     2.58855     3.55419
6     41     7     291.71     2.34672     2.71538
7     33     10     287.82     1.917     4.45143
8     23     11     207.95     2.38571     3.00775
9     18     4     256.38     4.33753     4.58396
10     16     15     353.02     2.83145     3.41136
11     32     10     381.35     2.20797     2.83692
12     28     13     151.3     2.71149     4.30105
13     28     3     291.04     3.66268     3.35246
14     46     11     156.97     3.16471     3.09023
15     10     8     326.47     4.07862     4.1718
16     22     10     289.15     2.75101     4.28037
17     37     7     353.47     1.72976     3.6903
18     29     1     242.72     1.95033     4.82185
19     24     5     184.29     1.62935     4.92553
20     11     13     130.19     2.84779     4.78767
21     14     12     334.58     4.05896     2.59659
22     20     14     106.31     4.0063     3.36039
23     12     8     381.9     2.28455     3.01767
24     22     12     387.79     4.52799     2.63047
25     34     14     46.33     3.46219     4.30212
26     21     7     403.23     3.30154     4.20774
27     29     10     82.43     2.72858     4.38078
28     24     4     385.68     3.93805     3.6449
29     24     12     315.81     4.9812     4.33157
30     33     8     308.37     4.39404     2.67457
31     22     2     71.32     3.34448     4.52239
32     9     3     284.37     2.78188     4.25764
33     42     8     58.44     1.8245     3.56601
34     10     12     363.46     1.86808     2.94427
35     23     9     51.77     1.65082     2.58774
36     42     11     132.42     1.7586     3.04865
37     24     10     65.1     3.80538     4.8056
38     15     4     290.37     1.77195     4.63446
39     34     4     50.44     3.23969     2.92238
40     13     4     325.36     4.5     4.81407
41     12     6     320.25     2.77879     4.33164
42     26     11     239.72     4.55533     4.3598
43     30     5     124.53     4.71352     4.13442
44     19     1     273.82     4.00769     4.62798
45     47     11     301.82     4.57936     3.4698
46     44     2     89.21     2.00641     4.79476
47     38     14     259.94     4.62326     3.15729
48     44     11     122.09     4.09133     4.40542
49     10     14     371.68     4.95856     2.65191
50     30     13     95.76     2.19013     3.73554
51     18     7     239.94     3.90568     4.31196
52     9     2     161.07     2.30517     4.46486
53     13     1     234.94     4.02243     2.97884
54     33     5     111.09     1.88517     3.1634
55     19     5     175.18     2.82044     3.3697
56     28     15     402.01     4.38667     2.59041
57     34     11     50.44     3.16919     2.78275
58     22     4     354.91     4.52158     3.30615
59     10     4     34.66     4.88838     4.11458
60     45     12     118.98     3.69301     3.09473
61     34     12     399.79     2.02628     4.19011
62     21     8     156.63     3.11814     4.20148
63     40     11     241.39     3.32803     4.90562
64     46     12     210.4     2.63897     3.38107
65     22     13     404.23     2.38838     4.68345
66     9     3     378.9     1.72025     4.75913
67     23     11     101.09     2.49434     2.73965
68     31     5     273.49     2.6348     3.006
69     38     2     444.89     1.65424     3.66436
70     10     5     351.13     1.837     4.32325
71     15     14     352.02     4.315     4.81384
72     17     9     255.38     4.52307     2.74209
73     36     11     114.09     3.76533     4.01601
74     9     4     358.35     2.87887     4.23528
75     33     3     37.11     1.72848     2.58774
76     22     9     346.69     2.01624     3.64017
77     8     4     349.13     2.14164     3.66535
78     38     6     218.84     2.59528     4.39596
79     46     6     432.34     3.62188     3.34643
80     31     10     150.19     3.13512     3.5918
81     28     2     143.08     4.62113     4.64583
82     28     10     426.67     4.51207     4.82841
83     8     5     90.2     3.76757     4.26252
84     36     1     356.58     2.64495     3.89187
85     25     13     251.05     2.39543     4.65995
86     18     15     392.01     4.36872     4.74013
87     30     3     62.88     2.26138     3.95871
88     38     1     103.76     3.49391     3.30126
89     24     7     155.52     1.94873     3.64147
90     27     9     162.63     4.55618     4.08559
91     43     12     408.79     2.45984     4.07064
92     15     7     224.61     3.25016     4.60898
93     33     3     341.25     4.49466     2.81823
94     14     5     59.21     4.05426     2.62909
95     39     6     322.59     4.41797     3.30889
96     39     14     178.74     1.53963     3.6948
97     30     15     334.14     2.91337     3.77453
98     22     12     83.65     2.36926     4.00693
99     36     14     93.54     1.82589     4.02203
100     24     14     430.89     3.98323     3.59218
101     32     7     385.46     3.19013     2.51343
102     34     1     235.39     3.47137     4.7898
103     9     11     156.96     3.44777     3.75858
104     34     6     149.08     1.63437     3.54999
105     40     3     93.43     3.85163     3.5197
106     20     8     307.7     2.23179     3.54564
107     33     6     234.39     2.05779     4.32974
108     23     3     265.49     2.91711     3.09564
109     46     8     62.44     3.40461     3.82183
110     14     15     104.42     2.36103     4.90188
111     36     4     442.89     2.87909     3.37214
112     15     12     31.44     2.56238     3.59737
113     28     12     208.84     4.27227     4.55489
114     39     7     252.72     2.84565     3.60805
115     35     14     137.75     3.01987     3.40991
116     44     11     397.46     3.04689     4.82658
117     26     15     198.62     2.73264     2.52274
118     33     5     90.54     1.88624     3.59836
119     23     10     421.67     2.41209     3.41739
120     14     2     141.41     4.52948     4.02066
121     11     14     187.73     3.35569     4.26099
122     29     13     427.67     4.33486     4.55382
123     18     7     149.52     4.24813     2.88171
124     46     1     313.15     1.78936     4.94522
125     38     12     305.15     1.94072     2.5988
126     36     6     373.02     4.63202     3.46522
127     19     1     97.09     4.91871     3.36512
128     22     12     26.11     2.16343     4.45669
129     12     5     209.28     3.45439     3.22214
130     31     2     433.78     4.74503     3.69541
131     29     2     341.36     4.95033     2.5676
132     46     2     378.91     4.98355     4.06484
133     32     1     81.32     4.96742     3.73569
134     47     7     371.69     4.10479     4.0418
135     8     4     234.05     2.44253     3.38939
136     40     6     105.76     2.01399     3.99541
137     41     15     250.61     3.09261     2.72568
138     13     13     91.09     3.54379     2.79862
139     30     13     239.61     4.0062     2.99318
140     21     6     316.92     2.38966     4.75219
141     25     5     111.31     4.92267     3.82221
142     18     5     346.8     2.23318     4.3202
143     38     11     280.49     4.19964     4.36712
144     12     10     65.43     1.55266     3.67992
145     24     12     93.87     3.96667     4.76188
146     15     9     413.67     1.6207     3.08237
147     19     14     224.5     3.46742     2.8869
148     8     14     320.36     2.69045     4.02669
149     8     11     398.45     1.58855     3.95016
150     45     12     209.4     2.36787     2.74598
