1     11     27     311.943     4.55191     4.83489
2     34     3     61.9225     3.08492     3.91949
3     46     6     129.768     2.21     2.74522
4     23     15     311.533     3.12914     4.8413
5     41     4     152.69     2.66321     4.00365
6     32     3     277.098     3.37642     2.91246
7     8     38     163.125     2.40696     4.87938
8     13     18     251.893     1.98793     4.11458
9     46     34     247.663     2.39276     3.65619
10     24     25     141.895     2.79054     3.85052
11     16     24     130.793     2.24418     3.02499
12     40     28     334.738     1.83721     3.24412
13     14     35     119.485     3.66204     2.78886
14     41     17     134.075     4.15563     3.25076
15     46     30     67.7175     2.01559     2.88034
16     10     3     112.383     4.18276     4.08162
17     33     5     212.945     4.62209     4.19202
18     22     40     201.945     3.38891     4.93988
19     27     31     293.815     2.21342     4.71854
20     19     11     208.253     2.08769     4.06941
21     31     11     310.225     2.09069     3.5123
22     46     27     77.025     3.93431     4.11649
23     8     8     144.51     3.96582     4.95048
24     21     18     225.765     1.61066     2.80313
25     25     3     310.43     2.4906     3.31545
26     11     7     237.483     3.19932     3.914
27     47     36     102.845     2.47394     2.68723
28     40     5     204.433     4.7429     3.59447
29     34     33     269.79     4.78605     4.64866
30     47     9     87.3325     3.49284     4.4628
31     32     18     298.815     4.95001     3.80261
32     22     16     180.228     2.84512     2.53319
33     25     36     40.5125     4.42106     3.60286
34     25     23     325.943     1.96272     4.45288
35     27     15     141.793     3.05394     4.99573
36     15     17     42.9225     1.58652     2.55005
37     40     16     319.225     4.25668     2.87568
38     35     20     128.075     1.53311     2.69616
39     36     15     156.997     4.83219     2.85302
40     21     28     145.1     3.8809     4.97909
41     39     25     293.405     4.50822     3.33361
42     14     39     63.64     4.34223     4.6894
43     9     31     266.508     3.6536     2.91154
44     16     39     99.7675     3.32482     3.61988
45     25     6     90.1525     3.18308     3.07451
46     43     4     126.768     1.67924     4.17615
47     36     13     268.688     3.14837     3.72089
48     41     23     130.973     2.13491     3.80078
49     13     18     273.61     3.51827     3.9903
50     12     40     117.485     2.42256     4.70969
51     39     5     231.355     3.64473     3.40571
52     10     17     118.588     4.58545     3.9407
53     12     35     167.125     3.91775     3.32919
54     8     24     302.738     1.97682     3.71525
55     34     21     127.075     2.6066     3.7286
56     11     9     42.025     3.44584     4.61196
57     9     38     316.148     1.88977     2.75849
58     33     10     185.023     3.71053     4.05278
59     14     16     131.895     2.07125     4.1522
60     14     37     125.69     4.91818     2.60247
61     43     24     195.023     4.98494     4.92698
62     39     1     203.433     1.89351     3.07924
63     44     22     68.82     2.08652     3.40175
64     19     25     208.253     4.57445     4.97894
65     12     14     229.175     3.23296     2.52709
66     37     20     92.845     3.13459     4.21117
67     22     1     146.1     4.64879     3.52786
68     20     3     131.69     1.79438     3.14837
69     28     29     133.485     4.58086     4.85817
70     43     38     316.02     2.31884     3.48704
71     12     24     67.845     3.63982     3.96886
72     41     24     112.358     3.70316     4.42152
73     45     33     234.253     3.82984     4.38803
74     34     38     266.688     4.0454     3.63018
75     47     40     329.328     2.7649     3.11312
76     20     12     240.278     4.60788     3.57456
77     8     17     253.098     4.07349     3.31629
78     11     24     262.303     2.0643     3.1106
79     40     21     219.945     1.98996     4.86183
80     37     13     95.9475     3.93623     4.41237
81     46     24     176.305     3.13448     2.63627
82     22     9     43.7175     4.21513     2.70829
83     16     36     177.33     4.97917     2.6912
84     46     24     281.79     3.17357     3.83038
85     47     5     192.818     4.50278     3.69793
86     30     39     275.098     4.86317     4.57511
87     33     27     64.025     2.03236     3.7154
88     15     33     266.303     2.80004     3.37748
89     13     35     189.843     3.7727     4.77004
90     11     21     221.97     2.83796     3.79742
91     18     38     253.79     2.02275     2.7485
92     33     14     327.738     2.7288     3.31835
93     25     8     180.125     3.08054     2.60277
94     21     2     275.405     1.87043     4.9588
95     46     34     135.973     4.83433     3.86761
96     30     35     240.97     2.74268     4.19591
97     27     25     225.56     4.54219     3.9906
98     31     9     183.023     4.03023     3.7022
99     29     5     44.5125     1.79897     4.47478
100     22     23     158.51     2.9326     3.39396
101     30     19     150.997     3.69045     4.8339
102     24     9     309.43     3.16321     3.29287
103     17     3     66.64     4.13491     4.35972
104     35     12     84.64     4.13427     4.19973
105     32     26     305.02     3.91263     4.20232
106     11     22     259.2     2.82963     3.68061
107     9     18     74.1525     4.88293     4.76257
108     29     2     50.7175     4.86605     4.86602
109     37     13     325.533     2.88795     3.39702
110     31     37     40.3075     2.74044     3.062
111     8     14     215.868     3.84512     4.93591
112     46     36     185.613     1.7664     2.67418
113     44     40     121.563     3.52542     2.51282
114     22     36     214.355     2.69611     4.44372
115     46     12     337.635     4.52147     3.70769
116     38     40     329.635     4.03172     2.99631
117     47     23     341.738     3.90066     4.50133
118     18     14     135.895     3.02297     4.70389
119     36     18     262.483     4.04785     3.5435
120     15     10     232.175     2.35302     3.3578
121     47     24     214.535     4.69398     4.23284
122     34     26     213.945     1.51132     3.65566
123     28     36     248.278     4.13341     4.60921
124     25     16     245.278     4.35441     4.99985
125     20     17     82.05     2.62764     2.55905
126     40     3     136.178     4.35324     3.109
127     29     23     140.69     4.49786     3.83312
128     30     39     141.69     3.52969     4.44205
129     8     37     203.458     4.90355     2.87591
130     21     16     176.125     2.07904     3.43379
131     34     33     40.205     3.30944     3.96908
132     14     27     193.945     4.18073     2.54463
133     20     18     327.148     1.64014     2.68563
134     26     29     317.635     4.99594     2.62146
135     11     39     156.818     4.62188     2.65831
136     10     34     248.893     4.35398     3.5715
137     16     29     180.433     4.81115     2.65923
138     32     31     100.255     1.62455     2.84852
139     41     20     326.43     4.81222     3.99258
140     28     33     235.868     3.279     4.25199
141     31     26     114.768     3.18137     3.19941
142     40     4     192.023     4.63747     4.53825
143     22     7     326.045     3.51827     2.57591
144     28     28     192.433     1.80506     2.84402
145     15     24     303.533     4.74578     3.50276
146     19     31     149.305     2.29534     2.92344
147     33     21     206.74     4.07616     2.58797
148     44     25     112.255     2.83956     3.1962
149     20     19     317.84     2.16599     3.12212
150     10     7     289.225     4.38592     4.60929
