1     10     9     40.1     3.87342     2.56264
2     33     2     150.39     2.37204     3.47812
3     44     12     134.3     4.27334     3.68831
4     32     4     167.45     1.50769     2.68334
5     32     10     104.24     2.03343     3.9877
6     46     14     169.41     3.15606     2.64397
7     10     9     223.71     2.17902     2.70257
8     16     4     34.06     3.37075     2.60666
9     21     8     219.66     2.97971     2.61269
10     10     14     226.72     2.28552     4.63851
11     44     12     86.14     2.41711     3.67817
12     19     10     283.88     2.9247     3.67527
13     17     5     92.25     3.3386     4.49461
14     46     14     103.19     1.70038     2.88308
15     10     5     94.28     3.29929     4.06087
16     26     14     305.93     2.09923     4.33241
17     15     4     18.01     4.09133     3.85914
18     19     4     64.15     2.55437     4.98383
19     37     13     82.15     2.46037     2.74705
20     31     6     115.28     4.00662     2.9873
21     46     5     121.25     4.01079     4.66361
22     17     7     191.58     2.15232     4.29357
23     30     9     42.04     4.29609     4.14579
24     42     3     69.09     2.87909     4.57762
25     8     11     110.34     3.59955     4.65934
26     43     4     151.36     4.88838     3.97511
27     39     5     39     2.90013     4.74105
28     37     10     160.41     2.00652     4.63149
29     29     4     32.01     2.02713     4.45395
30     33     4     174.47     1.68255     3.56304
31     39     7     222.61     3.50214     4.65476
32     40     5     163.41     3.67389     3.33071
33     15     11     75.2     4.56783     4.07407
34     12     3     90.26     1.91914     3.0266
35     41     15     107.22     1.90504     4.20888
36     36     7     123.29     2.59891     4.57274
37     39     9     264.75     2.03728     4.5278
38     12     7     291.93     2.38357     4.33218
39     13     4     40.09     2.42235     2.98822
40     11     4     143.44     3.86937     2.53327
41     21     5     150.43     2.73136     4.36712
42     28     11     169.47     1.70038     3.00562
43     29     12     281.84     4.31596     3.90271
44     30     15     96.22     2.38037     3.22909
45     12     1     282.9     4.86242     3.75042
46     28     4     181.51     4.27013     4.69497
47     40     7     166.42     2.23328     4.74998
48     37     12     223.62     4.2728     3.57997
49     19     7     151.44     3.99733     3.50528
50     20     7     83.21     3.20754     4.23261
51     25     5     265.8     4.14527     4.77775
52     25     14     127.34     2.86947     2.97174
53     43     10     241.66     3.99519     4.1905
54     31     5     283.84     1.77847     4.69832
55     24     8     192.56     3.78349     3.7466
56     36     13     213.59     3.61386     4.81857
57     39     7     174.45     3.44456     2.65877
58     12     2     204.64     3.33786     3.98106
59     46     9     178.44     2.07755     3.49223
60     14     4     149.45     3.50652     3.12517
61     14     15     29.05     3.10083     3.6195
62     22     7     292.9     4.76693     3.84228
63     44     15     47.01     4.09325     4.48813
64     17     6     302.95     2.04347     4.04988
65     42     8     219.59     2.82397     3.70075
66     44     9     131.29     3.9107     3.97778
67     44     14     230.62     1.96913     4.90783
68     29     5     218.63     1.65339     4.96681
69     11     3     35.08     2.01602     3.01218
70     32     13     200.56     3.51559     3.58028
71     37     12     133.32     3.35495     4.68749
72     28     12     175.49     4.63512     3.52809
73     43     8     85.14     3.55843     4.20743
74     19     6     46.09     4.66706     2.90239
75     26     5     122.32     3.84832     4.58884
76     30     10     210.6     3.09453     4.22704
77     11     14     107.32     3.74963     4.04645
78     39     3     51.04     3.72655     4.81864
79     11     1     56.15     4.93271     2.76086
80     21     7     105.28     3.88347     4.96025
81     12     8     75.21     3.24236     4.95827
82     43     7     235.64     3.26981     3.88798
83     18     15     54.12     3.91487     3.80306
84     17     9     179.54     4.53568     3.58982
85     38     12     41.01     3.98184     4.10321
86     9     13     36.09     2.02371     2.91673
87     14     10     227.71     4.86253     2.82746
88     35     7     146.37     4.20551     4.50659
89     27     7     72.15     2.64238     4.93576
90     34     7     283.83     2.30399     4.52063
91     26     15     233.69     1.54091     4.52147
92     45     11     171.42     4.10468     2.69189
93     36     9     306.9     1.56537     3.76659
94     31     15     229.66     3.45289     2.68731
95     14     11     134.4     2.35206     4.70977
96     47     3     104.19     4.44008     2.78062
97     25     10     286.87     2.19675     3.82557
98     17     10     131.38     2.27622     4.33935
99     43     10     283.8     2.77046     4.41778
100     43     13     64.07     4.85121     3.12326
101     44     12     122.26     2.02435     4.32394
102     25     8     220.65     3.98163     3.3961
103     10     13     259.83     3.28146     3.93323
104     33     2     288.85     4.84768     4.84886
105     46     12     205.53     2.0157     4.51666
106     16     7     133.39     1.61504     4.83665
107     29     8     164.45     2.81895     4.36918
108     43     10     253.7     4.24674     3.427
109     47     11     242.65     3.55512     2.76536
110     15     2     282.89     4.49947     3.76194
111     11     1     125.38     2.7022     4.22643
112     33     5     246.71     3.61077     2.73087
113     42     13     264.74     1.88133     3.10068
114     14     10     245.77     3.67112     4.45776
115     47     15     275.76     3.57392     3.45592
116     13     8     193.6     4.68479     4.09932
117     46     9     181.45     4.02553     4.28457
118     24     4     51.09     3.81788     4.45685
119     17     15     62.15     2.33764     2.52121
120     23     11     41.06     3.8339     2.89956
121     36     2     84.16     4.74781     3.87288
122     29     8     239.7     2.71651     3.60141
123     19     9     43.08     3.09507     3.9613
124     9     10     198.63     2.98067     2.58957
125     30     10     324.98     4.47554     4.77813
126     22     10     244.74     2.17005     3.10587
127     28     4     154.42     3.58342     3.95253
128     11     14     152.47     3.04315     3.78071
129     13     13     298.95     2.74065     4.33142
130     19     7     310.97     4.94563     4.61928
131     39     11     156.39     2.61344     3.87165
132     30     12     45.05     4.37161     3.3002
133     34     9     208.58     2.11696     3.34559
134     15     12     222.69     4.71139     4.28739
135     12     5     162.5     4.00662     4.3582
136     36     8     168.44     3.68671     3.25343
137     22     2     316.98     1.65777     2.67739
138     33     5     57.08     3.97447     4.316
139     36     8     237.67     3.03247     4.37674
140     45     5     54.03     1.51656     2.58675
141     41     4     215.58     4.33358     4.79003
142     36     7     309.91     4.01848     4.53276
143     33     9     81.16     4.34651     2.77947
144     27     14     159.44     2.63448     3.64986
145     13     3     157.48     3.46892     2.81549
146     47     15     95.16     1.84095     3.94971
147     26     12     308.94     4.92726     4.86915
148     22     8     226.68     2.49648     3.75813
149     42     4     51.03     4.18073     4.61737
150     44     1     341.99     4.59058     4.82635
