1     29     32     879.815     3.6912     4.27534
2     42     25     1021.02     2.13619     4.74067
3     16     30     738.61     2.53781     2.87477
4     26     18     259.1     2.26308     3.53954
5     35     25     454.58     3.99391     2.80557
6     32     30     731.3     2.63288     3.82382
7     41     34     483.89     4.45492     3.59844
8     11     22     885.125     1.61248     2.93069
9     33     31     650.715     1.85633     3.04598
10     45     28     1047.33     1.57701     3.67145
11     33     18     1151.88     2.03162     3.5799
12     27     33     586.44     2.3605     3.36436
13     33     17     790.575     2.75668     3.96039
14     8     18     753.92     3.895     3.18056
15     28     26     552.475     4.48227     3.77781
16     43     31     182.86     4.03632     2.80221
17     18     15     589.095     2.25411     3.26769
18     37     27     223.48     2.0783     2.89346
19     33     16     499.2     4.32066     3.43699
20     44     33     801.575     4.45343     2.88301
21     47     34     606.44     3.92683     4.00426
22     10     25     1105.57     4.62166     4.06049
23     33     21     685.68     2.2978     4.1509
24     46     26     1164.88     3.64687     2.98441
25     23     21     500.855     2.30837     3.58608
26     18     15     437.58     4.96016     2.70264
27     38     21     177.86     4.3401     3.92384
28     11     28     1164.85     4.31115     4.28602
29     37     17     1085.95     4.32653     2.87187
30     29     28     227.135     2.90664     3.67374
31     17     34     1019.33     4.48558     3.73417
32     37     21     1027.68     1.73702     3.83168
33     41     24     903.47     1.73948     2.725
34     20     24     521.165     1.58962     4.7232
35     42     27     706.335     2.82247     4.09619
36     27     33     155.205     1.74984     3.59203
37     28     30     995.365     3.07477     3.07619
38     33     17     1081.95     4.39041     3.05841
39     11     35     185.825     2.42608     4.12267
40     22     16     1059.3     3.64655     4.52689
41     39     18     260.445     2.56516     4.4863
42     20     31     194.825     4.88079     4.40733
43     44     26     1197.85     2.79684     3.08786
44     25     15     94.93     4.13309     3.14791
45     27     21     1145.88     1.58737     4.70817
46     39     34     481.89     4.76031     4.5809
47     39     20     621.75     3.79716     4.48935
48     20     32     357.995     4.76202     3.08084
49     33     35     44.655     2.09944     2.74979
50     42     25     391.65     3.79427     3.53549
51     12     20     909.435     2.5893     2.61093
52     47     17     233.48     1.87043     4.12854
53     34     27     360.34     3.57744     2.93664
54     30     21     333.03     3.75059     4.43564
55     13     22     316.03     4.57306     4.08528
56     36     21     420.615     4.51688     3.83267
57     47     35     757.955     3.45375     3.97389
58     20     17     1057.3     1.83775     2.71615
59     43     27     346.03     2.82269     4.4557
60     20     16     509.51     3.41914     4.03691
61     10     17     569.44     4.55426     3.00905
62     30     20     892.47     1.64238     2.64512
63     30     33     426.27     3.02521     4.7396
64     16     32     307.375     2.89148     4.94934
65     10     29     347.995     1.53589     4.69474
66     36     25     898.47     3.06612     3.88607
67     8     22     392.615     2.917     2.99028
68     16     26     400.615     3.78274     4.20431
69     41     20     483.89     2.3244     2.75056
70     47     20     163.55     2.76373     3.06032
71     18     15     542.475     3.22196     3.35978
72     47     33     268.445     3.91316     3.42601
73     17     18     226.79     4.05127     4.02661
74     25     25     1132.23     1.58043     2.80984
75     20     28     136.55     4.58887     2.66114
76     28     16     867.16     2.01207     4.79003
77     26     21     84.275     3.99145     2.5647
78     18     31     519.165     4.98953     3.35978
79     23     30     757.265     4.52841     4.43129
80     33     28     336.03     1.65584     2.58621
81     36     23     1119.92     3.50128     3.66207
82     28     29     692.335     2.52927     4.08055
83     37     21     992.71     4.85163     2.99287
84     47     15     757.955     4.70466     4.78149
85     34     27     441.925     4.95556     2.93306
86     30     28     274.755     3.24151     2.55058
87     31     16     893.47     1.60639     2.51762
88     39     29     132.24     4.74065     4.58151
89     12     31     151.86     1.68479     2.87187
90     43     28     1045.33     4.60778     3.61911
91     45     18     592.785     3.01581     3.58806
92     18     23     1101.92     1.50481     4.49408
93     11     33     360.65     2.91369     4.41527
94     36     28     956.745     3.48814     3.46789
95     17     17     1065.95     1.91487     4.76066
96     24     29     921.435     4.83529     2.89125
97     8     34     404.27     2.6975     3.50459
98     40     29     960.745     3.55789     3.67466
99     12     16     956.055     4.18885     4.12755
100     35     18     1095.61     3.60393     3.07169
101     12     24     757.92     4.86018     2.64901
102     34     30     360.34     1.74514     2.77482
103     38     20     1086.95     4.70968     3.38
104     20     15     89.93     4.65456     4.82345
105     32     34     463.235     2.43175     4.98733
106     43     20     252.79     2.66866     2.82441
107     16     34     50.965     1.77462     4.37025
108     36     21     607.095     1.73991     3.48605
109     38     23     877.16     2.58577     3.35047
110     19     19     30.655     1.57488     3.46263
111     28     34     1053.64     4.54326     3.17392
112     44     33     685.025     3.96005     4.01372
113     29     17     704.99     2.5768     4.32485
114     11     15     582.095     2.2758     3.474
115     11     19     803.54     1.97458     4.15311
116     36     33     1061.64     4.69825     2.537
117     47     22     1142.57     4.17817     4.81368
118     12     30     1142.54     3.58652     4.85099
119     30     20     461.235     1.76511     4.01837
120     39     15     108.93     3.06014     2.92619
121     46     35     943.435     3.61899     3.60034
122     32     20     661.37     3.26223     4.35667
123     12     16     967.71     2.78637     3.39137
124     20     27     194.825     4.31051     3.35284
125     41     25     810.23     2.52211     2.91063
126     39     24     924.78     1.93612     2.58721
127     9     26     964.71     2.52179     3.36749
128     37     16     992.71     2.8103     2.85295
129     35     15     804.23     4.84149     4.9752
130     26     27     1051.64     3.55725     3.03423
131     28     26     808.885     4.50491     4.57831
132     19     17     1091.26     3.45546     2.88942
133     12     32     175.17     3.29919     3.59188
134     11     27     850.16     1.82685     3.64727
135     47     15     373.34     4.75646     3.75378
136     31     15     881.815     4.6129     3.9143
137     21     19     918.435     4.32397     3.18865
138     34     21     185.515     1.63736     3.3964
139     10     31     639.37     2.72175     2.78527
140     41     18     437.27     2.05886     4.43136
141     23     23     430.925     3.98761     2.88575
142     40     16     960.745     2.00855     3.8348
143     47     32     198.515     1.70893     2.78764
144     28     19     517.51     3.41668     2.55852
145     19     26     555.13     2.44328     3.05826
146     39     35     248.79     3.52596     3.16103
147     30     35     204.825     2.32557     3.16187
148     47     18     932.78     4.09336     2.59072
149     26     29     305.72     4.36274     4.39886
150     15     30     1028.99     1.77793     2.78176
