1     35     6     119.93     2.23713     4.09581
2     33     12     238.62     1.75454     2.70882
3     11     5     33.35     4.14666     2.6677
4     13     10     352.72     3.78178     4.32279
5     10     9     385.48     3.68575     4.5703
6     9     12     183.33     3.86969     4.6765
7     30     1     74.7     2.6536     2.75445
8     18     5     250.44     4.09368     3.16042
9     13     7     415.3     1.87407     3.82412
10     43     2     253.09     2.77152     3.77972
11     29     10     158.63     4.05309     4.41259
12     34     1     360.31     1.91476     4.18714
13     22     4     80.11     4.82344     2.87217
14     17     6     361.19     2.86702     2.52884
15     34     6     118.93     3.47725     3.77644
16     46     1     104.11     4.1301     4.60295
17     12     14     396.42     1.88592     2.73415
18     35     15     182.51     4.87812     3.82954
19     38     7     400.07     2.10778     4.01669
20     22     12     97.99     3.6583     4.03462
21     17     8     52.76     2.68265     3.49712
22     42     15     211.86     2.77985     2.54532
23     17     10     43.82     4.11418     4.40252
24     13     6     129.22     4.39009     3.59836
25     39     3     159.69     2.54027     3.37794
26     40     10     89.17     1.73788     4.56053
27     21     14     347.31     3.09015     4.36407
28     42     12     252.09     4.12529     4.962
29     37     8     466.12     3.9294     2.78596
30     29     12     283.79     4.54572     3.34216
31     27     12     138.75     3.4922     2.55539
32     31     13     142.75     2.01025     4.40771
33     30     13     271.38     2.90141     3.38542
34     18     2     250.44     1.56195     4.00311
35     43     7     159.22     3.57616     3.4167
36     29     13     154.16     2.47586     4.39421
37     9     4     152.04     3.52649     4.65781
38     25     5     302.14     2.64869     4.86389
39     38     10     181.04     2.83561     3.73653
40     36     15     362.31     1.67421     2.61979
41     17     15     437.18     4.33059     2.96464
42     10     2     331.84     2.60788     4.01578
43     22     2     142.69     2.43869     4.21476
44     23     2     380.6     1.917     3.58432
45     38     2     145.28     2.23339     3.10976
46     46     2     206.92     2.61995     3.38298
47     20     5     167.51     2.16588     3.52489
48     13     3     173.92     1.61226     2.65191
49     17     14     249.44     3.48579     4.90196
50     47     15     377.78     3.68041     2.7852
51     8     9     115.28     4.34768     4.87655
52     32     4     107.99     2.70252     2.61345
53     27     4     241.56     3.10681     4.71725
54     28     7     363.25     3.53771     4.00021
55     36     10     362.31     3.80132     2.57782
56     25     4     333.43     4.10169     2.74918
57     21     3     181.92     2.82194     4.56168
58     17     15     280.73     4.13074     4.8262
59     9     9     31.35     2.26949     3.59836
60     25     3     445.18     2.13288     2.89102
61     24     8     135.75     4.50011     3.63361
62     44     10     231.74     1.52649     3.14432
63     31     7     75.7     1.85687     4.13099
64     33     11     260.97     4.96635     4.98512
65     21     14     190.86     3.59101     4.88639
66     40     13     138.34     3.8574     3.48155
67     15     9     162.51     1.96796     3.6549
68     17     11     57.23     1.55586     4.65438
69     22     12     173.98     3.56345     4.09055
70     45     5     433.89     3.75838     3.5725
71     20     4     391.01     3.24471     3.99785
72     43     11     311.2     4.07744     2.76101
73     42     11     283.38     2.3417     3.8966
74     45     11     451.77     3.30538     3.42235
75     20     12     73.64     4.50363     3.39869
76     8     10     213.62     2.86573     4.46905
77     43     2     387.19     3.24396     2.89758
78     8     15     392.42     3.95183     4.36956
79     27     3     165.57     3.17347     3.07009
80     25     4     324.49     1.8526     3.3066
81     35     9     289.79     4.91946     4.69123
82     47     15     409.07     3.46678     3.14776
83     16     4     315.49     2.73328     3.76064
84     39     10     155.22     1.50374     2.72874
85     42     11     252.09     1.78573     4.44266
86     28     9     305.14     3.37236     3.4489
87     36     1     62.82     2.64911     4.81773
88     43     8     360.37     2.75678     2.6796
89     32     7     58.82     1.96678     2.94694
90     14     15     402.89     2.38069     4.98512
91     25     8     96.52     2.31158     3.24961
92     29     10     391.07     3.95824     3.65528
93     24     14     162.57     3.22987     3.19163
94     41     8     380.72     3.8323     2.55173
95     40     5     424.42     4.97415     2.78848
96     47     6     127.46     4.80143     3.26586
97     10     9     50.23     3.9232     4.419
98     19     9     45.82     2.13277     2.58957
99     17     15     52.76     4.18949     2.95259
100     34     3     463.12     3.26405     2.79847
101     15     12     122.28     3.41369     3.6887
102     15     5     184.86     4.19109     4.74761
103     22     9     232.09     1.74792     3.10869
104     47     6     449.3     3.04508     3.77941
105     24     4     162.57     2.52457     4.94041
106     21     14     383.07     1.85591     3.44493
107     32     12     85.64     4.61472     4.03478
108     47     8     221.33     3.5031     4.53658
109     14     5     255.38     3.97223     3.05589
110     15     11     144.63     3.85462     4.43403
111     31     9     339.43     4.36702     4.48248
112     42     15     144.81     3.59304     4.26229
113     42     13     381.72     2.30421     2.9223
114     36     7     250.56     4.72955     3.86265
115     12     12     369.6     2.13213     2.73949
116     19     4     19     2.30421     4.57564
117     45     5     353.43     1.83679     3.49368
118     24     2     24     2.77601     4.8368
119     41     9     331.55     2.02457     3.19216
120     17     3     370.13     2.59763     3.58478
121     41     7     130.4     3.09207     4.35423
122     25     3     337.9     3.98003     3.98259
123     15     14     41.82     4.58364     2.88804
124     30     10     204.33     4.8432     4.94995
125     45     12     255.09     3.23585     4.7805
126     26     15     249.5     4.95524     3.00958
127     22     10     53.29     3.71075     3.09832
128     35     3     164.63     3.75785     4.44533
129     43     6     266.5     3.51495     2.80366
130     19     6     390.01     3.88069     2.77261
131     40     4     361.84     4.60756     3.38015
132     9     9     98.4     2.84234     4.02196
133     29     2     158.63     2.69462     4.27267
134     38     7     449.24     4.4388     4.83459
135     46     15     323.14     3.21245     3.13944
136     24     4     395.01     4.31959     3.37024
137     35     7     178.04     4.49648     4.41618
138     10     13     94.93     2.25187     3.02873
139     8     7     124.22     4.13929     3.19323
140     26     7     119.87     2.57125     3.98228
141     21     9     351.78     4.03536     4.40519
142     27     5     80.64     2.82055     2.52159
143     31     11     147.22     3.61365     4.83238
144     9     13     272.73     2.07584     3.21429
145     22     3     455.59     2.25732     2.91559
146     47     2     64.88     4.46059     3.87509
147     14     6     18.47     3.91124     3.88333
148     20     8     239.03     3.84608     3.34948
149     14     1     349.25     2.87695     2.69066
150     25     9     181.45     2.24087     4.60913
