1     41     17     530.45     1.97842     3.14089
2     26     34     221.78     2.1568     2.57584
3     30     16     263.43     4.92427     3.02141
4     39     19     234.78     2.52542     3.59729
5     46     33     271.9     3.59741     3.3945
6     15     15     692.7     3.28648     3.32263
7     13     35     397.03     3.9859     4.48546
8     41     19     236.78     2.80186     2.85012
9     21     24     103.83     3.61013     3.72677
10     21     24     721.29     4.80869     3.32224
11     8     26     60.71     3.13031     3.38549
12     27     16     418.56     3.12017     3.70891
13     30     23     647.46     2.64132     3.50215
14     20     24     667.58     3.51485     3.90324
15     13     24     690.7     3.65552     2.64313
16     30     19     286.02     2.31233     3.1296
17     44     27     119.3     2.77206     3.96496
18     29     19     126.89     2.13694     3.66459
19     40     34     175.54     1.53461     4.09116
20     45     32     240.78     1.86937     4.86999
21     23     27     324.2     4.4765     4.80186
22     33     25     657.99     2.78487     2.53838
23     23     34     301.61     1.8526     2.53563
24     39     15     543.51     2.87951     3.55182
25     16     31     384.97     3.56003     3.20429
26     42     26     215.19     3.88389     3.35208
27     30     26     218.25     1.7445     4.81925
28     31     32     535.51     2.96443     3.72402
29     24     17     310.14     2.09656     2.9313
30     40     17     386.38     4.11216     3.39129
31     12     26     561.69     4.83283     3.88279
32     36     15     638.4     3.71822     3.92453
33     17     20     544.1     1.86627     3.37161
34     20     20     276.02     2.83828     3.46202
35     43     27     562.57     4.16439     2.82853
36     24     16     505.92     4.14345     3.24297
37     42     21     426.03     4.79278     3.60652
38     8     22     504.98     4.05886     4.45334
39     11     22     432.68     3.64869     3.98244
40     35     15     509.39     4.58994     2.88347
41     21     32     201.72     2.88047     3.97198
42     44     15     593.69     2.83593     3.89973
43     30     22     142.95     4.49509     2.95633
44     8     20     120.95     3.69141     2.72675
45     20     34     539.57     3.15264     2.62154
46     41     17     221.72     3.23446     2.54387
47     44     25     563.57     2.14975     2.71073
48     46     18     407.44     2.30325     2.89277
49     30     25     594.75     3.58855     4.58853
50     33     17     371.85     4.75967     3.39877
51     15     22     504.45     4.23446     2.6175
52     39     22     151.95     3.94018     2.80335
53     30     28     255.9     4.06099     3.34857
54     20     21     148.01     2.79492     3.31057
55     39     28     129.36     2.98248     2.52197
56     28     16     502.39     4.71352     2.74453
57     43     29     675.52     3.27366     4.88243
58     27     31     147.48     3.03888     4.52078
59     46     15     738.76     3.67742     4.30555
60     46     18     783.94     4.26875     2.92901
61     32     35     626.87     2.69921     4.23795
62     40     15     401.44     4.44339     3.72906
63     45     28     790.47     4.08994     3.44844
64     14     30     21.53     2.72282     2.5589
65     37     22     262.9     3.51581     4.59304
66     43     29     306.55     3.15018     3.65551
67     36     17     638.4     1.91562     3.09175
68     13     35     336.79     4.60254     3.88798
69     27     19     267.96     3.54572     3.81802
70     45     34     82.65     3.42961     4.60326
71     45     28     429.03     2.21235     3.10053
72     19     17     741.88     1.78039     3.7843
73     35     25     411.5     4.69184     3.53801
74     32     31     431.09     4.11686     3.52092
75     8     32     90.83     3.83775     4.12572
76     42     27     591.69     1.91412     2.79267
77     46     24     753.82     2.87577     3.19544
78     44     20     360.26     2.55031     3.06505
79     15     29     594.81     3.38667     4.167
80     11     19     86.3     4.38229     4.19721
81     21     20     254.43     2.47533     4.11283
82     10     29     205.78     2.00897     3.16294
83     11     33     297.14     2.62893     2.63504
84     31     29     166.54     4.22303     3.08367
85     17     19     310.67     2.76159     3.55495
86     20     30     215.78     1.64933     2.57454
87     12     29     441.21     1.9467     4.4145
88     15     35     361.38     3.07114     2.90223
89     43     15     58.06     1.83689     3.79139
90     10     25     228.37     3.94371     2.95572
91     12     31     719.82     4.27184     3.92567
92     11     23     131.48     2.59549     4.52971
93     21     26     758.94     4.07221     3.65925
94     45     32     293.49     4.61707     2.92001
95     27     15     222.78     1.52318     4.18783
96     21     30     668.58     4.93677     2.83212
97     30     21     361.32     3.04411     2.62543
98     47     15     717.17     3.58492     4.60166
99     35     22     667.52     3.04529     3.3813
100     15     22     195.72     2.64463     3.22748
101     17     35     408.56     2.9734     4.84931
102     24     22     701.7     1.89073     2.71775
103     44     21     608.75     4.54401     3.91003
104     8     26     271.55     3.61579     3.24778
105     21     25     374.91     1.66118     3.24503
106     41     32     402.44     2.14345     3.63102
107     32     24     250.37     2.52553     3.96405
108     25     18     130.42     3.53055     4.10199
109     21     26     683.64     4.92801     3.54427
110     35     20     283.49     1.95482     4.41221
111     40     20     732.76     1.73318     4.08216
112     45     16     587.16     3.7916     4.73815
113     25     17     665.05     2.54946     3.35833
114     16     32     219.31     4.87716     4.40237
115     36     27     600.75     1.58535     3.7141
116     28     31     351.79     4.96016     3.40625
117     10     23     371.44     3.69558     3.74119
118     25     17     273.49     3.34031     4.27587
119     14     19     398.03     3.61258     2.78344
120     46     21     279.43     3.69451     4.22033
121     25     33     401.5     2.36691     3.25159
122     13     16     615.4     3.59026     2.60231
123     14     15     751.94     4.89489     3.24976
124     29     31     51.59     3.68714     3.72143
125     23     16     331.73     2.33273     4.51559
126     47     35     431.03     1.62529     4.90959
127     30     20     210.72     2     3.17133
128     34     16     101.77     2.1019     4.93965
129     21     17     713.76     3.56847     3.28913
130     23     19     151.01     4.63459     2.74567
131     22     25     82.24     1.92032     3.26739
132     14     32     458.27     4.01228     3.95688
133     36     22     179.07     2.69291     2.52068
134     15     30     436.68     3.43463     2.74209
135     41     35     688.58     1.51068     3.48117
136     9     35     490.92     1.83786     3.96931
137     29     33     435.62     3.90611     3.91346
138     39     31     626.34     4.40814     3.17537
139     45     35     602.22     1.92566     4.54161
140     30     20     142.95     3.78295     4.34996
141     33     25     115.83     1.9263     4.4882
142     8     23     542.63     1.93997     3.03041
143     13     27     125.95     2.05683     4.52658
144     12     23     704.76     2.77323     4.71091
145     34     30     681.58     3.42833     3.14531
146     20     16     426.62     3.35623     3.56243
147     42     29     200.13     2.47105     2.92497
148     37     22     646.93     4.89372     3.96626
149     23     34     233.84     2.98003     4.72778
150     26     19     123.89     4.86018     4.85969
