1     23     25     326.68     4.51837     3.19208
2     46     4     209.52     1.67785     4.02692
3     19     9     515.4     1.80699     3.90187
4     24     21     356.88     2.70583     2.64977
5     25     10     334.52     4.26501     2.59629
6     33     29     167.32     3.45172     4.61592
7     31     26     445.64     2.94809     4.93515
8     43     30     346.68     2.04924     4.94881
9     36     6     497.36     3.18159     2.56424
10     20     30     545.6     2.65072     4.83963
11     38     13     178.16     2.47874     2.93115
12     14     7     504.56     4.93922     4.11725
13     10     10     553.12     2.14943     4.41115
14     40     29     250.24     2.8307     4.03195
15     8     22     25.52     3.5941     4.2468
16     43     27     107.24     2.86232     2.85073
17     36     28     246.24     3.2868     4.30044
18     13     39     223.24     2.76885     4.26603
19     13     35     334.2     3.9451     4.61829
20     26     33     388.08     3.74599     3.61568
21     10     31     185.2     3.38699     4.80728
22     38     15     423.44     3.90184     4.41679
23     32     9     189.68     3.07648     3.22459
24     36     36     450.64     4.39532     2.71111
25     13     26     567.8     4.85559     3.97984
26     34     13     606.32     3.76266     4.22338
27     9     20     441.16     2.86402     4.2494
28     42     11     170.48     4.93089     4.33187
29     24     2     584.64     2.14751     4.40298
30     35     20     309.48     3.41871     3.3517
31     17     10     495.88     4.45193     3.44378
32     38     33     516.88     2.22602     4.63057
33     42     34     53.68     3.20583     4.7599
34     42     17     456.64     4.40931     2.95686
35     25     8     515.56     1.69045     4.68886
36     9     13     569.64     4.34512     3.28043
37     44     25     143.28     1.89756     3.89485
38     40     18     372.88     2.18223     4.74586
39     34     19     425.28     2.5737     4.05789
40     42     34     456.64     2.97971     2.53784
41     32     3     499.2     2.95279     4.87594
42     29     11     350.2     4.03279     2.53983
43     38     16     84.72     1.67646     3.87921
44     36     7     526.56     1.8871     3.80444
45     31     13     556.6     4.90098     4.05728
46     44     26     166.64     1.53974     3.83679
47     20     19     265.28     1.59218     4.29838
48     31     31     54.36     3.32781     4.19004
49     17     37     349.88     4.00865     2.64161
50     44     4     306.8     2.50417     3.87379
51     38     34     67.2     2.87054     4.84107
52     45     1     459.64     1.50214     3.07482
53     40     23     349.52     1.71769     3.2429
54     23     21     75.56     3.38592     4.68993
55     22     18     378.24     4.4545     3.47499
56     38     33     341.68     3.9891     3.67214
57     44     40     260.08     1.58193     3.94871
58     14     18     586.32     3.7414     4.18836
59     35     16     332.84     4.11824     3.17316
60     11     3     419.8     4.18233     4.59075
61     15     37     143.48     2.7053     4.88266
62     26     33     154.48     3.16172     2.69906
63     32     32     470     2.40461     3.4756
64     13     22     369.24     2.7289     3.89737
65     18     4     461.84     3.67881     4.76699
66     43     15     352.52     1.70904     4.54131
67     37     24     223.88     3.06217     4.55245
68     30     22     65.04     4.46646     3.17934
69     21     25     289.64     3.01805     4.98527
70     12     24     122.96     3.85537     4.58602
71     26     21     399.76     2.98344     3.76606
72     38     31     429.28     4.85997     4.1071
73     25     9     486.36     3.10147     3.64452
74     12     17     508.4     4.91893     4.81841
75     10     12     156     3.14164     4.73388
76     23     32     268.28     4.44029     4.99626
77     25     18     36.68     3.60692     4.6379
78     45     32     418.76     2.00203     3.4006
79     21     26     499.88     2.02873     3.8905
80     17     37     127.96     2.24108     4.87075
81     44     23     265.92     1.94958     4.20736
82     40     10     542.24     4.92929     3.73371
83     20     3     498.88     3.09272     4.55054
84     13     34     573.64     3.23659     2.5248
85     19     23     334.36     4.21972     2.50565
86     30     3     76.72     1.68361     3.52092
87     24     29     175.84     4.67518     3.47102
88     44     14     49.84     4.77879     3.08588
89     8     15     288.32     4.61953     2.65961
90     47     25     303.96     4.34544     3.82939
91     26     5     37.68     3.94862     4.91378
92     16     5     553.28     4.03504     4.57686
93     44     26     598.8     3.4013     4.83192
94     30     16     193.52     4.02884     3.1531
95     12     15     414.96     4.3543     4.70809
96     41     4     613.32     1.92576     4.47836
97     39     7     126.6     3.80453     2.78382
98     26     14     107.76     2.8197     3.97557
99     13     17     246.6     2.0392     4.31295
100     41     31     222.04     3.56195     3.79185
101     18     18     391.76     1.99338     2.93794
102     21     23     26.84     3.71331     4.33164
103     47     1     327.32     3.79438     4.87999
104     32     13     353.2     4.68223     3.60179
105     8     32     294.16     4.99466     3.44035
106     32     24     545.92     4.05127     4.37063
107     36     25     450.64     2.99145     3.8155
108     39     2     447.8     2.59069     4.138
109     40     7     518.88     3.13459     3.22337
110     11     16     232.92     2.95962     2.91864
111     19     1     421.96     4.52083     3.84335
112     39     35     179.16     3.59464     3.83831
113     11     35     431.48     1.97682     3.56792
114     17     33     373.24     1.78594     4.04111
115     39     28     564.6     4.22901     4.56717
116     42     5     485.84     2.44136     3.41113
117     11     1     34.36     1.76009     4.6659
118     17     10     268.12     4.53717     3.605
119     32     16     283.12     3.35569     4.03294
120     24     12     526.24     3.75668     4.89792
121     17     22     449.16     4.83518     4.68307
122     45     16     196.84     4.31681     3.34162
123     38     2     440.96     1.97223     2.79153
124     43     31     510.2     4.98131     3.23542
125     45     24     599.8     2.10254     3.82122
126     30     15     281.12     4.76234     4.90921
127     44     15     330.16     2.91807     2.96144
128     35     10     420.44     3.80891     2.81877
129     17     3     402.44     4.95022     3.38069
130     29     37     367.72     2.98323     3.95489
131     26     11     90.24     1.73884     4.79072
132     25     26     468.84     2.12401     4.06331
133     21     20     529.08     3.69088     4.8233
134     11     7     51.88     3.99808     4.17798
135     17     21     17     4.62391     3.21986
136     46     4     209.52     2.93869     4.96735
137     43     1     72.2     2.99957     3.83389
138     40     24     86.72     3.67208     3.8918
139     34     8     63.2     4.3432     4.44456
140     44     13     271.76     3.8307     2.67487
141     20     21     72.56     4.85121     4.38406
142     39     24     208.36     3.15456     2.58637
143     39     17     605.48     1.68564     4.97742
144     35     2     181     4.38037     2.53792
145     24     23     222.56     1.9577     2.79366
146     31     34     101.08     2.31671     4.9913
147     31     15     247.08     2.39628     3.21116
148     44     16     300.96     3.10884     4.67895
149     40     20     618.16     2.70626     4.2938
150     18     11     76.4     3.68874     2.63749
