1     13     10     48.04     4.79395     3.52359
2     35     3     389.78     3.75379     4.04401
3     19     13     294.94     3.41775     3.03384
4     41     4     238.1     1.91369     3.09015
5     43     10     248.86     2.01677     3.66817
6     27     3     298.56     3.27419     3.26815
7     23     14     79.94     2.91562     2.79862
8     32     10     180.92     4.78092     4.25726
9     32     4     316.7     2.25112     2.6194
10     47     6     68.9     4.41754     2.57561
11     31     15     324.46     4.97063     3.00813
12     39     1     463.86     1.54711     3.3475
13     21     14     152.4     3.51656     4.69962
14     31     13     372.64     2.942     4.88372
15     28     10     80.56     4.20103     2.77223
16     15     8     417.96     2.99979     3.57364
17     44     7     398.78     3.2649     2.94687
18     37     9     199.06     4.64815     4.09101
19     15     5     50.04     3.6269     3.19796
20     9     10     22.14     3.93666     4.91096
21     29     4     252.38     2.31831     3.17759
22     10     6     299.08     4.81585     4.14022
23     33     9     427.2     4.60692     3.95177
24     31     11     179.92     4.60404     3.15989
25     42     14     112.08     1.80656     3.04903
26     15     2     41.28     2.64185     3.08039
27     35     5     188.3     3.77622     4.82223
28     32     13     334.22     4.13384     4.00891
29     35     3     166.4     3.60468     3.62178
30     20     8     243.38     1.67763     4.62966
31     14     10     119.12     3.98387     4.78248
32     31     9     372.64     4.48131     4.59639
33     18     7     184.44     3.76981     3.42212
34     35     15     302.18     3.26672     4.73739
35     34     11     274.9     4.23008     3.55281
36     36     1     452.1     3.86232     2.57332
37     39     10     91.56     3.47971     2.50481
38     45     2     228.96     3.48173     3.14707
39     10     9     242.14     3.60414     3.16301
40     9     4     210.48     4.19109     2.66617
41     43     13     82.42     2.46966     4.01547
42     34     9     327.46     4.06259     4.95857
43     38     13     283.28     1.72153     4.51498
44     45     8     312.18     4.51741     3.23901
45     8     11     424.1     2.96988     3.25282
46     28     7     303.94     2.35366     4.69062
47     30     11     376.02     2.66193     3.94513
48     35     9     83.18     4.96454     2.856
49     15     13     299.7     3.14345     4.23154
50     12     1     309.84     2.24129     2.84349
51     29     10     160.4     4.90611     4.78698
52     35     3     394.16     3.66631     4.34408
53     40     15     197.68     4.52329     3.7447
54     26     9     179.3     4.09133     4.96162
55     26     9     415.82     1.77345     3.93353
56     22     11     385.54     4.20498     3.85533
57     12     5     244.14     1.95012     2.92596
58     32     12     159.02     1.6865     3.19529
59     24     7     229.86     2.86029     3.39999
60     37     7     133.36     2.04828     4.92958
61     45     7     373.5     1.50983     3.8126
62     23     12     211.34     3.66428     2.86431
63     14     14     324.98     2.97661     4.38612
64     34     1     432.58     2.4874     2.55676
65     43     8     200.68     3.47084     3.40739
66     8     13     12.38     2.45375     4.01975
67     47     2     51.38     3.58342     3.83869
68     13     12     315.22     3.57434     4.73975
69     40     3     70.66     2.72153     2.74171
70     35     8     451.1     2.71395     3.00653
71     42     9     361.74     2.73115     3.51405
72     15     11     404.82     3.55896     4.05629
73     28     5     133.12     3.20818     3.43776
74     34     12     419.44     4.27056     4.02608
75     25     9     95.08     2.49615     4.04073
76     33     14     379.02     4.82728     4.22201
77     17     5     257.9     4.37204     4.27068
78     29     10     256.76     2.55373     3.19872
79     21     2     353.88     2.41882     3.98152
80     36     11     290.04     3.83828     4.15265
81     15     1     41.28     1.58684     2.73186
82     31     4     429.58     3.036     2.62642
83     24     4     260.52     3.44104     3.89668
84     26     8     52.28     2.06174     4.52689
85     23     15     31.76     4.09688     4.09085
86     31     11     390.16     4.16898     4.45486
87     41     14     54.14     4.84341     2.90574
88     43     11     117.46     2.91604     4.34812
89     27     2     324.84     3.95364     2.95801
90     46     10     247.48     4.82141     4.93622
91     18     9     166.92     4.68276     2.75056
92     40     5     88.18     1.70466     2.50793
93     12     12     397.44     4.45375     4.84703
94     15     1     234     4.71662     3.4917
95     28     6     128.74     3.73008     4.35728
96     10     2     40.66     3.5549     4.34782
97     10     14     364.78     3.07669     2.73721
98     41     11     277.52     4.86979     4.27389
99     16     15     195.58     2.40761     4.39932
100     18     15     57.42     2.85441     3.22207
101     30     13     336.6     2.42181     3.63674
102     22     4     135.88     4.52564     2.72935
103     15     14     238.38     4.72645     4.35965
104     10     3     386.68     4.68938     4.56015
105     10     12     395.44     3.64644     2.64397
106     23     6     88.7     1.59592     4.66109
107     34     15     305.56     4.72388     4.59311
108     10     5     167.68     4.28146     4.92912
109     30     13     91.32     3.40259     4.51109
110     28     11     133.12     3.59699     2.79099
111     34     11     253     4.40141     3.38939
112     11     14     107.36     4.92566     3.59638
113     20     11     203.96     4.77516     2.70569
114     23     15     369.02     3.58684     3.32247
115     47     1     156.5     3.66172     3.53511
116     14     15     149.78     4.4279     4.092
117     44     15     363.74     3.71897     3.474
118     40     1     136.36     1.60318     2.5029
119     28     1     203.2     4.24642     3.87646
120     44     2     70.28     2.54198     3.2712
121     39     1     406.92     3.49669     4.90295
122     10     15     329.74     1.60094     3.18598
123     17     10     30.14     3.17315     3.38176
124     47     13     130.22     4.90793     2.8769
125     31     14     341.98     4.616     3.48277
126     36     10     110.46     4.88934     3.89454
127     38     15     55.52     3.67411     2.70379
128     39     11     336.84     2.48836     3.60233
129     13     13     196.96     1.76704     3.16942
130     8     10     336.5     3.56911     2.88255
131     38     4     436.58     1.63213     3.24252
132     37     2     115.84     3.50748     4.15326
133     33     13     216.96     1.76041     4.44754
134     14     3     285.56     1.97127     4.6984
135     41     9     448.34     3.51955     3.70739
136     26     9     78.56     2.38688     2.8106
137     28     7     41.14     2.96411     3.39206
138     32     1     334.22     3.09346     4.24635
139     31     1     96.7     2.33444     4.18004
140     39     11     406.92     4.68468     3.99319
141     32     15     224.72     2.74129     3.23168
142     31     8     118.6     2.03781     3.35009
143     43     5     222.58     2.53931     2.6764
144     38     11     462.86     3.0314     4.81994
145     14     14     162.92     4.88763     3.41075
146     20     15     72.56     3.94852     4.8146
147     20     6     164.54     2.99765     4.21003
148     39     4     380.64     2.069     4.17241
149     21     10     213.72     2.569     3.65192
150     31     14     451.48     3.44905     3.98854
