1     17     20     73.55     2.29139     2.66633
2     11     15     161.8     2.09912     2.53067
3     11     23     342.76     4.52008     3.07619
4     34     25     128.25     1.96817     3.34292
5     12     35     94.94     1.97874     2.72256
6     10     32     383.23     4.99818     3.86296
7     46     15     87.47     2.66225     4.17096
8     46     27     404.15     4.54572     3.80474
9     44     21     326.75     1.61707     4.29609
10     21     35     303.75     3.88539     3.19262
11     25     16     149.41     4.4702     3.86219
12     35     21     178.26     4.08214     3.3478
13     26     30     353.99     4.14612     4.91577
14     14     16     179.88     4.55255     3.18674
15     38     23     339.6     1.77131     3.49017
16     26     22     357.76     2.31222     3.33293
17     29     24     187.34     1.76597     2.62352
18     37     21     127.48     3.91177     3.04056
19     38     26     173.72     2.12305     3.1888
20     12     27     136.41     4.5596     4.9308
21     24     15     50.39     4.37545     2.53624
22     36     29     77.47     4.4326     2.54028
23     18     31     131.1     4.74973     3.44867
24     26     30     316.29     2.674     3.18354
25     42     31     260.66     1.50844     3.40876
26     44     28     55.31     4.07958     3.62545
27     42     15     185.26     4.47981     4.17928
28     13     34     258.05     3.46956     3.56853
29     46     21     234.5     4.77302     4.19576
30     12     32     366.38     3.75027     4.45128
31     8     29     19.31     2.68404     3.77132
32     21     15     111.48     4.6614     3.55976
33     45     25     237.27     2.7869     3.11472
34     47     30     325.98     4.21203     3.45134
35     29     26     157.18     4.21288     3.15981
36     45     21     116.63     2.30346     4.19095
37     14     30     21.54     3.61696     4.20858
38     46     17     306.13     3.03984     3.40007
39     33     34     357.22     3.83326     4.88594
40     21     30     92.63     1.72613     4.11794
41     44     33     96.78     3.71534     3.90759
42     33     17     353.45     2.05394     2.97525
43     14     25     266.59     4.16695     4.65995
44     14     25     32.85     3.97404     3.68099
45     46     16     257.12     2.35751     2.59247
46     18     32     70.78     4.25721     3.32049
47     29     34     360.76     2.12754     2.92337
48     40     16     288.82     2.74247     3.96756
49     47     34     416.46     2.07979     3.65665
50     9     26     12.77     3.77238     4.60761
51     39     30     91.78     3.35847     3.91209
52     22     26     263.28     2.31617     3.37458
53     16     35     140.41     2.11653     2.56844
54     23     17     366.07     3.78018     2.59934
55     44     20     394.61     1.66962     4.71801
56     31     35     396.69     4.00598     4.17127
57     24     16     152.18     2.33807     3.43417
58     30     21     293.9     2.95599     2.71172
59     38     26     147.33     3.97597     4.35202
60     22     17     316.06     3.08663     4.0611
61     10     15     239.97     3.68789     3.06024
62     38     31     396.15     2.90835     4.07666
63     21     33     356.53     2.73382     2.80671
64     18     32     165.03     3.23424     2.74476
65     13     35     242.97     1.62006     2.51572
66     17     22     216.81     1.61536     3.60424
67     12     34     34.62     4.37951     2.61841
68     38     33     71.93     2.9639     3.48262
69     13     24     235.43     4.03728     3.69503
70     39     33     129.48     4.36338     2.5454
71     10     21     55.24     1.76608     2.93008
72     41     17     131.48     3.06687     4.65705
73     24     32     46.62     3.72752     3.38008
74     42     31     64.62     3.18308     3.0546
75     8     29     128.64     2.60126     3.55342
76     45     15     158.1     3.5486     3.8348
77     24     27     167.26     3.30218     4.80308
78     26     30     93.86     1.78851     4.75196
79     25     26     28.77     1.88453     4.03157
80     11     30     308.83     4.06537     4.32997
81     15     25     135.64     1.63352     4.20888
82     41     29     184.26     2.01346     3.78582
83     12     30     61.01     3.34512     2.7018
84     13     20     356.07     4.36296     4.26603
85     21     35     299.98     4.79214     4.9176
86     47     32     390.07     4.24941     4.3955
87     43     24     65.62     2.37909     3.25777
88     26     30     255.97     4.71288     3.13868
89     35     21     351.68     1.98387     3.88691
90     21     32     345.22     4.38282     2.97357
91     46     23     234.5     3.98708     3.81191
92     12     30     64.78     2.8511     3.37809
93     18     16     36.85     4.48846     3.27494
94     29     16     258.97     4.73296     4.62859
95     23     23     381.15     2.2116     3.45836
96     44     24     194.8     4.91466     4.41153
97     35     23     340.37     4.09581     4.5024
98     31     24     268.51     3.9891     4.74715
99     15     30     373.15     1.57477     3.83503
100     43     29     295.59     4.8793     4.22582
101     16     27     253.51     1.54422     4.81498
102     29     25     300.44     4.64826     3.05681
103     23     31     200.19     3.5157     3.18629
104     18     32     232.89     2.49744     3.42982
105     25     29     51.39     3.45813     3.84632
106     16     24     242.2     2.95247     2.68845
107     15     20     331.68     3.32781     2.9255
108     34     15     37.77     3.73542     4.31707
109     31     19     117.71     1.78466     2.68014
110     31     23     336.37     3.32632     4.23887
111     9     28     20.31     4.59688     4.19744
112     36     16     307.44     3.71064     4.92805
113     27     34     91.09     2.23211     2.91299
114     14     28     206.27     4.81478     4.83299
115     14     27     47.93     2.13768     4.4409
116     16     33     68.78     4.62935     3.11289
117     31     31     404.23     3.70679     3.21642
118     11     25     176.88     1.51987     4.68665
119     30     25     37.54     3.4326     3.951
120     9     28     137.18     2.22452     3.09381
121     10     29     304.06     2.25059     3.39976
122     33     22     349.68     4.03963     3.66894
123     36     16     122.71     4.56793     4.94194
124     31     24     283.59     3.6928     4.52757
125     47     20     243.04     1.97917     3.4727
126     17     32     103.71     4.90376     2.86493
127     46     32     144.02     4.67219     3.10915
128     19     26     143.41     3.63213     4.06789
129     46     15     110.09     1.51837     2.70722
130     27     21     87.32     3.51271     3.63796
131     24     16     253.97     2.85334     4.19233
132     37     29     101.09     1.97928     4.42831
133     25     21     172.03     4.94275     3.70106
134     33     15     274.28     3.07434     4.1921
135     17     30     262.05     2.13662     3.0372
136     16     19     121.56     4.44766     3.44417
137     47     26     337.29     4.71213     3.93902
138     42     25     403.92     4.04166     3.63468
139     11     35     41.16     2.90141     2.65893
140     19     32     241.43     1.96432     3.13555
141     27     29     226.81     3.10981     4.85672
142     26     16     157.95     4.5502     3.53908
143     39     32     235.04     3.31916     3.30378
144     33     24     330.83     2.60778     3.76957
145     37     17     255.66     2.18009     3.4019
146     32     33     209.19     4.35569     4.5069
147     29     35     311.75     3.29096     4.01204
148     17     18     186.65     4.04529     2.92291
149     30     27     120.48     4.16514     3.5979
150     37     33     357.45     1.77142     2.73041
