1     35     33     70.3     1.78819     3.417
2     15     16     307.99     2.81831     3.47621
3     21     15     52.77     2.38133     3.25343
4     10     27     73.54     1.83743     3.60515
5     45     34     330.93     3.2116     3.12296
6     28     19     88.01     3.87225     4.84939
7     24     29     161.67     4.75219     3.97427
8     44     16     322.87     2.47031     2.52907
9     34     18     221.09     3.96486     3.3433
10     23     20     111.25     2.4953     4.27931
11     8     21     230.39     2.62593     2.51129
12     21     27     296.34     1.54614     4.86412
13     20     30     83.54     3.84042     3.97588
14     9     21     224.33     1.56484     3.80367
15     12     23     174.38     3.74215     4.23368
16     44     33     213.44     1.63117     3.31416
17     27     15     312.93     2.88368     4.37651
18     34     30     214.03     3.44531     4.05896
19     31     32     306.34     2.31158     3.49948
20     43     35     325.4     4.99754     3.71357
21     41     16     273.98     1.83048     4.92164
22     12     21     269.69     3.42587     3.34254
23     24     34     144.02     3.95428     2.71889
24     20     28     309.46     3.56088     4.08879
25     22     31     152.61     2.54465     3.57051
26     23     19     192.44     4.15819     4.17569
27     40     15     216.5     1.63715     3.91629
28     38     16     334.52     3.8182     3.7212
29     11     25     229.86     4.95524     4.92805
30     13     29     302.46     2.09368     4.86549
31     26     16     181.32     4.11109     2.79252
32     12     30     160.26     2.78466     4.70962
33     17     20     189.97     3.99445     4.30715
34     22     18     279.69     1.92096     3.568
35     38     25     186.26     4.84875     2.78809
36     29     28     141.96     2.43196     3.53259
37     42     23     91.42     4.03482     4.29121
38     28     34     363.35     3.00374     4.85015
39     12     31     43.77     3.48195     4.14502
40     28     29     31.53     3.12476     2.61124
41     14     22     232.86     1.82675     3.79666
42     24     16     246.39     3.31767     3.75263
43     30     18     330.05     2.73916     2.96968
44     17     33     348.82     4.05939     4.37147
45     15     16     149.14     4.43623     4.6353
46     18     17     32.12     3.38849     4.85237
47     37     35     284.1     1.88304     2.79504
48     45     19     186.2     3.70017     2.80656
49     12     35     121.43     1.68201     3.07703
50     36     30     265.45     3.2289     3.82458
51     18     18     367.47     4.14815     3.64368
52     40     25     75.3     3.7179     2.53967
53     16     20     181.91     1.57338     3.91247
54     14     33     186.97     2.77686     4.00594
55     30     27     354.76     3.17785     3.58951
56     29     31     247.86     2.42673     2.88652
57     20     17     136.49     2.7477     4.51491
58     34     22     48.12     2.3323     2.95656
59     33     22     304.81     4.4624     2.82098
60     13     28     302.46     2.22185     4.4174
61     32     25     353.23     1.90728     3.90324
62     25     26     296.81     2.99509     4.02295
63     29     27     46.65     4.77612     2.70318
64     31     20     193.38     3.0172     3.02011
65     37     21     135.84     4.75806     4.30448
66     43     25     46.53     3.60233     2.89995
67     20     19     164.73     3.11515     4.84062
68     21     25     35.12     2.68255     3.96252
69     12     34     26.12     1.94552     2.71599
70     41     17     164.55     4.66599     4.19362
71     13     18     274.22     4.6348     2.63924
72     32     34     197.91     4.48131     3.45462
73     39     26     377.88     4.49402     4.96841
74     46     18     53.06     1.8103     2.98379
75     25     22     180.32     3.58695     2.86958
76     42     31     253.8     3.50801     2.71134
77     30     18     231.21     2.24268     4.78759
78     33     28     234.21     3.70946     3.88623
79     43     27     180.67     4.75774     4.72884
80     26     25     57.77     4.62561     4.51529
81     42     16     342.05     2.78381     2.85737
82     19     23     220.21     4.52467     2.61544
83     10     33     310.05     2.90483     3.90324
84     19     16     241.39     1.90301     4.77844
85     13     29     277.75     3.90013     3.38252
86     14     32     155.2     1.84202     2.54707
87     33     20     40.06     4.19547     4.13121
88     44     22     153.43     3.55319     4.10558
89     47     19     308.22     4.50224     3.15035
90     42     21     151.43     4.11034     3.78048
91     39     17     183.73     2.14313     3.76492
92     8     32     318.64     4.36969     4.35614
93     10     24     299.46     1.56612     3.09389
94     10     29     211.21     3.07755     4.70092
95     22     31     247.92     2.54572     4.83383
96     47     16     269.39     3.66471     2.70699
97     37     34     213.5     4.57103     4.8542
98     20     34     101.19     2.22933     3.54244
99     15     20     18.53     2.92267     4.60616
100     34     20     171.67     2.20647     3.21505
101     43     20     159.49     4.43612     4.84275
102     44     20     54.59     3.22613     4.95025
103     34     23     55.18     3.45279     4.65224
104     26     15     266.04     2.65712     3.37939
105     29     20     237.27     1.95877     3.30393
106     8     19     82.13     2.84053     4.04302
107     10     32     101.78     3.91134     4.90646
108     8     31     223.33     3.00919     3.20406
109     35     31     366.82     4.75198     3.37802
110     44     23     234.62     3.89521     2.97578
111     30     20     61.77     4.10799     2.73003
112     29     20     60.77     4.02446     4.26054
113     38     17     186.26     3.18116     2.66282
114     15     29     82.07     1.69964     2.50206
115     24     31     172.26     4.32386     4.47363
116     10     24     45.3     2.67016     3.74996
117     15     27     226.8     2.30261     4.77714
118     27     23     175.26     1.98878     3.53656
119     9     18     241.98     2.24941     4.53925
120     24     17     260.51     3.05757     3.56624
121     8     34     279.81     4.80036     3.42227
122     32     15     268.51     3.85943     3.71761
123     42     22     352.64     3.92181     4.44349
124     33     20     202.44     2.87877     4.35781
125     41     27     136.31     4.42395     3.94551
126     8     22     29.18     3.70829     3.96962
127     35     22     257.39     3.16214     4.37963
128     36     22     240.74     4.34437     4.59075
129     11     35     166.32     3.92576     4.90173
130     11     17     148.67     2.66919     2.56569
131     38     19     292.16     3.01357     4.78011
132     28     35     186.85     4.12113     4.61074
133     40     21     177.67     4.99861     4.61653
134     43     31     247.74     3.55127     4.19011
135     13     35     154.2     2.17817     2.87919
136     40     29     294.16     4.26939     3.20605
137     16     29     196.03     1.71331     2.74857
138     40     33     209.44     4.27548     4.0006
139     31     27     59.24     2.45471     4.27557
140     11     22     251.04     2.1803     4.1699
141     12     33     297.93     1.9561     4.35202
142     36     22     251.33     1.81265     4.19126
143     14     27     38.71     2.17614     4.49431
144     21     25     193.97     1.51399     2.86264
145     22     29     127.9     3.36627     3.93872
146     32     18     254.39     3.12123     3.0546
147     34     30     259.92     3.6473     3.05002
148     14     15     352.88     2.1364     2.77474
149     22     23     336.17     4.27313     4.54154
150     36     27     328.99     4.58428     4.04454
