1     44     16     107.45     4.04614     4.08246
2     45     16     142.29     1.82878     2.76513
3     9     16     313.56     2.11419     4.44098
4     13     32     364.09     3.70775     2.96999
5     12     32     88.14     3.77558     4.72831
6     42     18     58.92     3.33486     4.65682
7     24     26     434.31     2.16781     4.97139
8     39     21     43.23     1.64559     4.42473
9     33     22     384.09     4.19536     4.76043
10     28     30     95.68     3.39521     4.75005
11     40     20     365.71     2.43249     3.45416
12     28     20     252.19     2.40696     3.09702
13     28     25     379.09     1.71651     3.19712
14     13     18     427.54     4.0079     3.8419
15     12     23     143.13     2.4263     4.74998
16     36     24     251.73     4.15136     3.00905
17     46     25     363.25     3.44894     3.63193
18     14     28     415.85     2.22816     3.31996
19     35     18     369.17     3.83444     4.0759
20     39     31     309.72     2.06441     4.55474
21     24     19     307.41     3.13747     3.296
22     39     31     415.47     4.60692     4.22544
23     39     34     445.08     3.94659     3.56784
24     32     35     433.85     2.7962     3.56273
25     12     34     384.24     2.60073     4.62088
26     41     19     442.85     3.12732     3.81489
27     33     30     45.69     3.09432     3.84342
28     30     22     414.93     3.89767     2.85875
29     42     24     371.94     1.66791     4.30052
30     22     19     174.28     3.6427     4.62378
31     33     29     316.41     1.58876     3.06383
32     27     18     403.47     4.75892     3.82817
33     43     21     119.14     2.11653     4.85435
34     14     26     162.05     1.81414     3.52786
35     25     33     359.17     3.65819     3.49712
36     25     20     139.21     3.54625     2.97807
37     8     21     172.97     4.6097     3.68931
38     11     24     307.1     4.54785     3.30668
39     34     34     93.22     3.88517     3.07993
40     31     32     119.83     4.63993     3.50063
41     43     27     461.77     2.13384     4.66262
42     45     33     49.23     2.43217     4.20522
43     36     32     226.35     1.6442     4.4805
44     39     25     457.77     1.57135     4.3347
45     11     24     387.47     4.93623     4.64415
46     13     16     334.48     1.67635     2.99684
47     33     18     396.78     1.53963     4.16105
48     19     16     213.58     1.96144     4.22887
49     43     21     381.4     2.46208     2.57889
50     38     24     236.81     3.54678     4.54611
51     26     31     347.48     3.34245     3.94017
52     26     28     288.26     3.45674     3.3037
53     11     23     345.17     2.29278     3.54976
54     30     27     330.33     4.80496     3.37031
55     16     15     180.97     2.42811     2.55539
56     14     28     284.72     4.66791     4.61447
57     44     29     124.37     2.58267     2.83967
58     32     30     108.14     1.64495     2.70302
59     27     20     183.51     4.21438     4.72579
60     40     35     264.19     2.10703     3.21329
61     32     23     421.16     2.9968     4.99443
62     36     33     437.85     4.13138     3.55602
63     45     21     49.23     3.59827     2.71424
64     25     31     359.17     4.62519     2.7121
65     30     21     97.68     1.64869     2.88461
66     36     33     433.62     1.63598     3.7817
67     22     33     203.89     2.89383     2.89026
68     34     30     279.34     2.3496     4.34492
69     17     18     287.72     2.53739     4.26908
70     25     24     278.8     1.7758     4.63614
71     41     18     328.64     1.76971     4.79217
72     12     26     117.75     2.12134     3.53
73     33     35     202.2     1.98526     3.35635
74     10     18     60.76     2.85057     4.84085
75     45     35     214.2     4.6865     2.68952
76     8     18     33.38     3.43324     3.93307
77     24     24     45.15     3.07552     4.86808
78     19     20     293.95     4.78018     4.64591
79     43     24     436.39     3.83401     4.64644
80     46     35     316.72     2.36637     4.02905
81     29     23     384.32     2.0893     3.10068
82     42     26     194.28     2.54166     4.89212
83     38     24     384.86     4.06943     4.08284
84     33     22     117.6     2.52863     3.66527
85     19     24     433.54     2.94403     3.48865
86     34     33     440.08     4.10799     3.57372
87     45     15     193.05     2.3543     3.83793
88     17     18     279.26     4.99178     3.12342
89     18     21     369.09     3.62978     4.16662
90     12     20     155.82     2.884     4.90066
91     26     17     72.53     2.19216     2.73225
92     39     32     39     1.72858     4.68246
93     35     19     407.24     3.64772     2.53151
94     24     29     193.2     2.64495     3.36116
95     45     25     91.53     3.56612     4.63042
96     35     24     369.17     4.05116     4.1805
97     47     21     148.52     4.44723     4.30616
98     31     21     85.99     3.97394     2.78436
99     33     16     257.19     3.37599     2.50313
100     8     22     181.43     4.54764     2.5782
101     31     30     335.56     2.86328     2.60025
102     35     21     187.28     4.69878     2.90284
103     37     25     58.15     2.87631     4.99069
104     45     26     209.97     2.01997     2.5206
105     45     33     286.11     2.05426     4.47455
106     37     19     375.4     3.83006     3.41472
107     42     21     439.62     4.61365     2.96411
108     21     28     37.92     1.92192     4.8999
109     25     20     50.38     4.93922     2.50168
110     21     33     126.75     1.9985     3.04659
111     43     29     334.87     2.36392     3.5889
112     15     26     188.43     2.79566     2.91749
113     44     27     56.69     4.13544     3.83007
114     44     32     175.13     1.89254     3.61591
115     47     16     338.87     2.57018     4.38673
116     22     17     115.06     3.7101     3.64734
117     23     26     285.26     3.39586     4.24558
118     20     18     371.09     1.69568     4.0933
119     31     16     43.69     3.77985     4.79827
120     9     35     283.95     4.6975     4.59769
121     44     35     128.6     4.04689     4.73426
122     37     19     121.6     2.52382     4.66536
123     46     28     282.88     4.08246     2.7456
124     18     27     26.46     3.69195     2.77383
125     43     17     419.47     1.92544     3.04491
126     17     19     287.72     1.86317     3.29691
127     11     20     171.74     1.54678     3.69495
128     27     33     141.21     3.96635     3.74096
129     21     18     135.21     1.81681     2.75155
130     24     23     425.85     4.5078     4.79377
131     32     15     285.8     1.65905     4.71877
132     27     32     98.91     4.06986     3.1859
133     43     21     432.16     3.89222     4.81597
134     35     29     166.13     1.99626     4.8648
135     30     29     80.76     3.75945     3.55846
136     44     26     255.5     1.76533     3.48033
137     30     35     347.25     4.14559     4.14991
138     20     33     413.39     4.55031     4.18477
139     13     16     29.92     4.98056     2.687
140     39     34     326.64     4.96742     2.74293
141     47     29     156.98     1.83198     3.67794
142     36     32     387.09     3.01154     4.95697
143     23     31     77.99     4.18426     3.3713
144     13     26     72.22     4.17923     3.90194
145     40     21     145.75     3.40483     3.39984
146     43     27     191.05     4.27932     4.97528
147     21     22     300.18     2.39938     4.73464
148     47     26     68.15     4.43057     3.75759
149     41     25     163.67     1.95289     4.45318
150     34     22     380.86     3.74792     4.18699
