1     44     19     526.16     4.18992     4.54382
2     38     26     443.627     3.79716     3.50856
3     23     30     68.92     3.36082     2.99013
4     15     19     106.84     1.66033     4.78469
5     21     19     541.427     2.69024     3.9864
6     16     31     207.333     1.5674     4.49767
7     29     15     748.414     3.34138     4.03455
8     36     29     487.547     4.81414     3.3964
9     43     29     647.613     4.2304     3.51344
10     39     23     146.147     3.94809     2.53754
11     40     29     392.053     4.44638     3.99396
12     21     22     403.667     3.78317     3.25655
13     40     31     782.374     4.35922     3.36558
14     43     25     395.053     2.59998     4.95056
15     35     20     494.2     1.91369     3.7759
16     11     35     569.693     3.53493     3.17415
17     44     16     373.093     1.61301     4.8825
18     44     18     464.933     3.65606     3.04788
19     21     32     564.387     4.68767     4.91752
20     24     16     774.027     2.72709     2.97861
21     25     22     285.213     4.95322     4.56465
22     13     19     181.373     3.6583     3.69282
23     33     35     117.187     4.35559     3.64849
24     36     26     227.333     4.64537     2.5824
25     40     25     736.453     2.70305     3.13639
26     29     30     465.24     3.99541     3.36276
27     39     20     77.2667     3.58631     4.95331
28     9     21     567.693     3.64068     3.54358
29     17     29     55.2667     4.9859     4.60814
30     38     26     788.027     4.3401     4.71191
31     31     30     107.533     2.56708     4.13381
32     38     35     351.787     3.06708     3.12807
33     22     28     649.573     2.16225     2.83883
34     16     21     712.453     3.08684     3.13372
35     12     20     708.453     2.94114     3.37184
36     38     33     696.187     1.71897     3.37245
37     39     24     337.48     3.76768     3.0987
38     22     17     144.453     4.78958     3.32331
39     14     29     588     4.74546     3.29157
40     18     21     660.88     4.76885     2.64626
41     38     27     696.187     3.9498     3.63147
42     47     18     490.893     3.09838     3.34033
43     30     15     98.88     3.34779     4.52208
44     9     33     276.867     3.20423     4.7145
45     27     31     72.92     2.9059     4.71717
46     14     15     52.2667     2.19803     3.67084
47     29     30     143.8     3.88475     4.2597
48     30     25     274.907     2.26597     2.80015
49     32     30     292.213     3.82109     2.73415
50     34     25     431.973     3.24471     3.79032
51     29     29     212.68     4.19868     2.83074
52     18     35     415.973     4.38528     3.64689
53     14     29     511.467     2.80474     4.22231
54     37     32     427.32     4.80389     3.72616
55     45     35     603.693     2.27569     2.75391
56     21     19     327.133     2.62102     4.08116
57     21     17     158.76     3.32888     4.94491
58     47     21     728.147     3.28744     3.11968
59     39     16     544.12     3.68297     2.80282
60     24     35     705.147     2.09774     2.575
61     31     15     168.76     2.66514     3.95131
62     27     15     386.707     3.8918     2.78916
63     13     18     372.707     4.5063     4.56854
64     36     25     541.12     2.94307     3.30859
65     44     19     365.44     2.82269     2.6397
66     8     25     222.293     3.53493     3.79231
67     14     34     710.453     2.28712     4.02165
68     11     23     194.68     4.22463     2.73247
69     14     31     649.227     3.98526     3.81932
70     9     18     736.067     1.79395     3.98816
71     21     27     265.907     3.46091     3.0755
72     21     30     556.733     4.38838     3.63018
73     22     32     687.84     4.94894     3.27288
74     37     29     274.253     4.84277     4.60028
75     33     28     492.2     2.79406     3.64826
76     43     25     295.56     1.69536     4.18088
77     12     24     578.347     3.5596     3.81954
78     46     29     359.787     4.88913     4.279
79     13     31     265.56     4.82141     4.22536
80     39     26     475.24     1.65979     4.52162
81     33     21     316.173     4.15061     4.37681
82     12     31     494.16     1.6128     3.16385
83     41     32     775.72     3.28381     3.92216
84     41     21     255.293     3.48633     3.30996
85     24     30     31.6533     3.98003     4.02348
86     42     20     799.68     2.60276     4.44617
87     14     23     190.027     2.5658     4.04637
88     10     24     32.96     4.00748     4.28663
89     39     18     643.613     4.16802     3.56189
90     23     25     428.627     2.79449     3.4315
91     13     31     365.053     4.13309     4.66079
92     44     31     434.32     1.62091     2.83761
93     34     34     608     3.13491     4.5806
94     21     15     671.534     2.40761     4.10207
95     23     27     191.373     3.46966     3.64521
96     30     16     749.414     3.72784     2.55722
97     16     27     459.893     4.03824     3.51672
98     29     23     702.493     3.88368     3.17957
99     21     15     28.6533     4.51581     3.25976
100     20     18     35.3067     2.66941     4.30998
101     10     29     507.467     4.71     3.21856
102     32     20     782.027     1.82301     4.18729
103     8     22     352.4     2.605     4.20659
104     36     25     280.907     4.16482     2.79351
105     42     34     730.8     1.59485     4.50804
106     39     34     230.333     4.42309     4.01273
107     25     21     644.92     2.40226     4.69291
108     41     34     232.333     3.24866     3.10106
109     33     34     744.76     4.18725     2.74316
110     42     25     103.227     2.41519     4.47043
111     10     34     339.093     4.34095     4.49324
112     12     24     111.493     2.20861     4.78378
113     39     17     467.587     3.96881     4.38078
114     28     28     624.96     4.50267     3.8638
115     26     31     385.707     1.56024     4.01204
116     12     25     19.6533     4.02275     3.41319
117     14     25     679.84     2.84597     3.53839
118     28     30     510.16     2.79748     3.54823
119     20     28     540.427     4.8433     3.34605
120     28     17     441.28     2.29684     4.64415
121     39     28     490.547     3.08769     3.5577
122     44     27     495.547     4.75881     4.49347
123     15     16     627.267     4.55394     3.84716
124     13     32     403.32     2.70241     3.27677
125     18     23     500.16     4.26234     3.56624
126     13     32     334.44     2.12967     3.84579
127     30     16     83.5733     2.57466     4.68436
128     14     32     442.587     2.41369     4.81925
129     40     20     185.413     3.67592     2.54013
130     15     25     198.68     2.87503     3.99091
131     41     26     178.76     2.24439     4.40649
132     10     24     155.413     4.5455     4.55031
133     43     27     349.133     3.80912     3.3668
134     29     17     625.96     3.61888     4.11611
135     9     29     636.573     1.79492     2.50496
136     25     31     231.64     4.59037     4.08162
137     12     34     685.493     2.25486     4.40725
138     46     28     535.813     4.08182     4.27313
139     30     17     718.8     1.78979     3.47621
140     21     18     617.96     4.85633     2.92039
141     12     28     379.36     2.65616     3.55846
142     12     19     73.2267     4.0188     4.44029
143     27     26     516.813     2.06067     3.38359
144     30     15     573.387     4.40461     2.53189
145     26     17     293.867     4.64292     4.81628
146     40     24     675.227     3.65627     3.58531
147     25     26     86.2267     2.14527     3.92071
148     37     33     779.374     2.98654     2.90185
149     34     16     225.333     4.27013     4.83757
150     43     29     188.413     4.12999     3.72768
