1     44     23     483.635     1.82984     4.18706
2     32     25     554.585     1.73264     3.66253
3     19     26     168.31     2.88069     4.74975
4     31     31     636.535     1.76511     2.69333
5     14     30     237.965     2.02809     2.98151
6     32     23     214.49     3.88047     4.33302
7     32     32     173.015     2.74268     4.42404
8     10     19     681.895     3.34021     4.99481
9     40     35     628.945     4.74076     4.22628
10     38     7     278.555     4.56484     3.02843
11     42     14     763.665     2.3573     3.13051
12     24     36     289.44     4.85067     3.6127
13     36     12     533.7     2.60714     3.77178
14     17     14     149.72     4.77366     3.96008
15     34     10     780.55     3.43207     4.78866
16     23     38     504.11     3.28178     3.83496
17     18     21     217.08     2.13704     2.74705
18     35     33     466.34     1.97404     3.88302
19     9     2     216.375     2.51303     4.37727
20     17     39     365.39     4.56751     4.27458
21     20     4     326.915     3.14772     4.12191
22     36     21     359.505     4.55084     3.65894
23     39     18     843.615     1.92299     4.49774
24     40     11     189.31     3.02713     3.43234
25     10     38     756.55     2.70145     4.26931
26     14     14     171.605     4.24268     4.81826
27     23     7     130.835     3.19846     4.43548
28     20     40     625.535     2.80346     3.75927
29     30     7     552.585     2.54326     4.52811
30     18     27     590.355     4.58043     3.62293
31     17     22     531.29     4.02713     4.22338
32     30     17     461.34     4.29994     3.21886
33     40     29     40     2.53824     2.76551
34     25     31     157.72     3.8244     2.62894
35     22     4     171.31     2.18575     3.70365
36     16     14     74.065     4.61814     4.35003
37     17     29     133.13     4.60927     4.93973
38     27     1     508.11     2.40194     4.74876
39     46     14     62.59     2.97746     4.0907
40     25     33     257.26     4.99541     3.32926
41     27     19     441.75     2.67379     4.16189
42     34     20     307.735     3.34512     4.81353
43     36     26     342.915     2.16919     4.53345
44     28     17     816.025     4.24247     4.0334
45     15     5     81.36     4.08267     4.75929
46     23     6     338.21     2.22752     3.63613
47     23     3     811.025     3.92929     3.67794
48     41     27     206.9     2.68073     4.60173
49     21     15     842.205     2.05618     3.83724
50     34     20     548.29     1.60254     4.5732
51     34     8     374.095     3.76501     3.72974
52     17     2     539.585     2.5799     3.99892
53     30     15     245.67     4.12262     2.84219
54     22     27     171.31     4.44072     2.58782
55     36     5     193.605     2.95962     4.51659
56     21     14     410.865     1.59528     3.57723
57     28     34     376.39     4.55533     4.12381
58     25     24     829.615     4.06655     3.31233
59     8     39     406.16     2.01079     2.55043
60     47     25     221.195     3.70551     3.63926
61     31     21     271.555     2.31008     4.99741
62     31     7     130.54     2.09688     4.61005
63     45     19     675.42     4.5674     2.59087
64     15     34     587.355     2.14997     2.50008
65     9     12     788.73     4.96315     4.30685
66     15     31     686.895     1.87823     3.13845
67     14     14     246.26     3.86691     4.20667
68     38     38     543.995     4.36627     3.05017
69     18     13     200.49     4.64794     3.98663
70     11     11     425.75     1.92373     3.41159
71     10     6     756.55     4.17336     3.33865
72     45     16     575.88     4.42769     4.31776
73     12     20     766.845     2.99327     3.12471
74     20     33     86.36     3.35121     4.36239
75     19     38     541.585     3.71459     3.8625
76     29     31     808.73     4.48088     3.03079
77     23     39     470.93     4.56067     4.52483
78     10     7     134.425     3.32034     3.40495
79     34     5     440.455     2.11995     4.15067
80     40     8     463.045     4.68308     2.68059
81     20     27     302.03     3.28156     3.76904
82     47     16     221.195     2.47052     2.99776
83     8     7     638.42     4.35772     3.63529
84     21     7     95.655     3.64003     2.58309
85     29     36     53.885     3.895     3.28013
86     36     10     658.125     1.85804     4.70542
87     14     9     304.325     3.67208     4.37063
88     23     1     728.075     2.34288     4.44243
89     19     40     126.835     4.88539     3.8844
90     41     18     389.39     3.39351     3.26151
91     37     24     460.045     3.02158     2.59545
92     39     4     536.7     4.60639     3.91232
93     14     11     354.095     2.41925     3.87371
94     8     12     522.29     3.27975     3.13135
95     46     1     842.32     1.51581     2.79565
96     36     28     716.19     3.50566     4.65987
97     23     12     387.98     4.78402     3.06856
98     10     7     831.205     2.94905     2.57378
99     34     10     539.995     1.85366     4.26664
100     17     22     216.08     2.81436     4.92683
101     32     21     645.83     4.82386     4.38002
102     8     39     447.635     2.50043     2.70447
103     10     22     184.195     3.75977     2.67586
104     21     16     510.405     3.44179     4.09284
105     9     14     714.075     4.87877     2.87248
106     42     8     91.77     4.6379     4.05774
107     47     28     55.295     4.42309     4.12549
108     19     39     682.6     3.87033     4.23788
109     20     2     44.885     3.22089     4.82643
110     34     24     531.7     4.60692     3.14951
111     10     32     109.54     2.43377     4.21453
112     20     22     758.255     4.09346     4.20438
113     41     15     812.435     4.99284     4.30021
114     33     5     464.34     4.63288     4.03958
115     20     7     683.6     1.72089     4.60173
116     23     20     155.72     2.55245     3.66016
117     34     17     705.895     1.64441     4.69352
118     47     18     619.355     3.85783     4.89433
119     13     14     170.605     4.99007     4.56786
120     39     38     387.39     3.57477     4.66063
121     39     14     345.915     2.87107     2.80885
122     30     13     112.95     2.27847     4.54878
123     24     18     405.57     3.66033     2.57828
124     11     24     624.83     3.81072     3.21139
125     17     27     58.475     2.05042     2.91498
126     47     3     279.26     4.68372     4.0698
127     29     16     269.555     2.80239     2.84547
128     14     7     743.96     3.17176     3.33087
129     34     28     681.01     4.68052     3.30866
130     27     32     408.57     3.59143     3.31782
131     44     38     632.945     4.07584     4.39146
132     33     32     464.34     1.76714     3.61248
133     10     7     574.06     4.31671     2.87774
134     34     35     75.475     4.18693     2.51007
135     24     24     579.765     2.66663     2.61002
136     27     33     524.7     3.84245     3.78742
137     19     17     392.275     4.00983     2.66312
138     14     8     461.93     3.75977     3.78246
139     8     26     265.145     1.72431     3.3301
140     31     15     603.355     4.21577     3.78719
141     22     38     810.025     2.7429     4.9218
142     23     19     64.475     2.64174     2.75246
143     39     19     113.655     2.30036     4.37727
144     45     14     542.7     2.71641     2.80587
145     18     12     548.88     2.86958     4.68871
146     16     18     745.96     4.64399     2.58148
147     28     39     716.485     3.78455     4.63683
148     22     19     478.225     4.62188     3.36276
149     43     8     374.8     3.55063     3.84007
150     40     27     214.195     3.49455     3.03728
