1     18     28     163.16     4.89158     4.5967
2     27     25     370.8     4.81831     3.41494
3     41     21     499.4     4.58257     4.01234
4     38     35     687.4     3.8495     4.4026
5     10     35     216.28     2.81169     2.66053
6     44     16     196.8     4.25433     2.80969
7     35     19     111.4     4.06003     2.98036
8     44     22     181.52     4.38977     4.97932
9     15     31     603.28     1.52104     3.1605
10     22     30     763.08     3.58214     4.23933
11     22     21     671.4     2.1614     3.43837
12     41     31     331.32     2.03172     3.6082
13     34     26     339.6     4.96924     2.71126
14     18     34     667.4     2.90429     3.81199
15     11     16     179.08     2.3887     2.96052
16     44     17     731.6     2.61034     4.11473
17     36     29     647.2     4.94446     3.98732
18     18     28     400     4.27195     3.46103
19     44     22     112.76     1.55106     3.46187
20     22     24     121.32     1.87695     4.43091
21     22     19     167.16     2.51164     4.78492
22     30     22     564.8     1.62134     2.50748
23     25     35     491.04     4.20327     2.76086
24     10     16     598.28     3.43773     3.15744
25     33     32     224     4.94969     4.58502
26     15     24     557.44     2.21267     4.22285
27     28     22     623.92     2.08235     3.64162
28     23     23     68.84     1.69066     3.62674
29     22     24     434.56     1.68831     3.61568
30     22     25     572.08     2.56644     4.89074
31     13     30     379.72     2.54561     2.91665
32     46     29     634.28     3.26341     2.96487
33     14     18     44.56     3.24653     4.41466
34     29     32     82.48     2.90141     2.87049
35     30     15     526.6     4.50812     2.98929
36     18     15     445.84     2.95044     3.65474
37     17     31     421.92     3.16973     3.39145
38     11     19     767.36     4.07242     2.65885
39     47     29     589.44     2.37951     3.41632
40     42     16     561.52     1.65072     2.59781
41     10     30     216.28     2.96689     4.89044
42     43     27     745.88     4.50705     3.95299
43     42     18     49.64     4.00288     4.97009
44     8     29     451.12     3.30538     2.67724
45     9     32     429.2     2.0486     2.75277
46     13     24     509.6     4.14399     3.21253
47     23     19     481.4     3.09069     3.70136
48     12     22     149.52     4.83486     4.32005
49     14     25     220.28     1.66417     4.37963
50     10     23     55.84     4.87011     2.7224
51     23     20     481.4     4.16343     2.50175
52     33     35     101.76     3.57669     4.55962
53     36     15     272.84     1.83935     4.79377
54     36     27     173.52     3.95792     4.65537
55     36     18     547.88     1.98643     2.6664
56     14     15     457.12     4.72292     3.59836
57     19     32     148.88     1.81393     3.20269
58     35     17     783.72     1.5032     2.63405
59     14     21     380.72     3.00801     2.95587
60     28     20     539.88     4.25753     3.8702
61     43     33     684.76     3.97874     4.56114
62     15     25     488.68     4.36264     3.29402
63     23     24     122.32     4.7963     3.65932
64     14     30     632.84     3.39383     4.10283
65     30     24     167.52     3.8135     3.63323
66     12     21     309.96     2.0909     2.84608
67     16     22     138.24     3.47703     3.15661
68     27     26     745.16     2.0126     3.38061
69     38     19     695.04     4.32461     4.05522
70     40     16     116.4     2.37855     3.63849
71     16     32     428.56     4.67133     4.48096
72     28     28     310.68     2.59859     2.70669
73     26     29     94.76     2.48206     4.89792
74     45     17     656.2     3.48943     3.22001
75     27     27     294.4     2.9326     4.38139
76     28     27     570.44     3.67891     4.06575
77     37     33     235.64     3.65734     4.72922
78     45     29     495.76     1.69793     3.40182
79     23     22     122.32     3.18479     4.88533
80     26     32     239.92     3.75988     4.4863
81     46     23     99.48     4.56078     3.17652
82     24     23     665.76     2.22687     4.32043
83     31     19     367.16     3.65894     4.86091
84     32     35     788.36     1.7649     2.60331
85     47     17     642.92     4.17902     4.98947
86     39     23     596.72     2.1849     3.50002
87     20     21     134.6     3.33166     4.07964
88     47     25     742.24     4.47223     2.72088
89     33     24     201.08     4.21245     4.10199
90     27     35     95.76     1.50352     4.91501
91     38     21     320.68     2.36178     4.77882
92     47     15     398.44     2.4514     3.8744
93     37     27     90.48     2.51325     2.69539
94     22     17     190.08     3.37545     3.05239
95     14     33     319.6     2.52873     3.22405
96     34     24     698.68     2.00203     3.89325
97     20     20     654.12     4.02211     2.76032
98     16     21     581.36     4.19131     4.47462
99     30     32     595.36     4.16919     3.77194
100     8     21     733.8     4.59069     3.46309
101     47     32     238     3.70615     2.65969
102     42     32     110.76     4.47757     4.38147
103     23     21     366.8     3.11493     2.93214
104     20     23     379.08     3.78797     2.68876
105     31     29     168.52     4.49637     3.69091
106     45     26     541.6     2.3338     3.17309
107     41     18     316.04     1.63053     3.43028
108     45     19     480.48     3.20701     2.65648
109     21     28     471.76     3.72517     4.14823
110     34     25     607     4.37086     3.01248
111     13     19     387.36     1.85067     3.27029
112     13     26     74.12     2.93997     4.49644
113     18     19     155.52     4.06377     3.3858
114     18     30     422.92     1.64698     4.38772
115     29     23     143.6     2.71758     4.79698
116     28     32     127.32     3.49648     3.44508
117     31     24     244.92     3.45994     3.37977
118     31     29     710.96     1.60692     2.67434
119     9     23     77.76     3.91861     3.75828
120     12     25     432.2     2.74033     2.90803
121     37     19     235.64     2.57488     2.79061
122     25     15     246.56     4.01837     4.69848
123     10     24     254.48     2.82365     3.3681
124     38     27     595.72     3.32728     3.52229
125     45     19     648.56     1.72164     3.52626
126     9     20     551.44     4.90963     2.79862
127     42     28     767.8     1.92299     3.36871
128     35     22     241.28     2.64281     4.71885
129     39     19     321.68     4.80207     4.80392
130     33     17     147.6     4.00726     3.88882
131     18     22     667.4     2.26415     4.09314
132     11     17     186.72     3.73937     3.78483
133     14     25     67.48     2.24386     4.7129
134     24     34     100.4     1.67389     3.52039
135     42     28     546.24     3.89019     3.02767
136     24     21     31.64     1.77345     4.92676
137     41     26     338.96     2.93933     4.27717
138     17     29     704.6     2.84512     4.94522
139     35     16     241.28     2.77622     3.87455
140     35     33     310.04     1.94424     3.33224
141     43     34     256.92     3.18169     4.01784
142     20     16     356.16     3.46731     3.17751
143     23     30     511.96     1.76811     3.11411
144     36     25     754.16     2.43004     4.23315
145     28     20     593.36     4.60308     3.01538
146     26     33     705.96     4.93516     4.05705
147     23     32     320.96     4.01901     4.06781
148     38     26     381.8     1.82589     4.4676
149     28     25     707.96     4.11205     2.97258
150     20     34     562.44     4.02895     3.31111
