1     9     8     232.86     1.57958     4.9369
2     12     15     14.87     2.03963     4.77187
3     9     2     20.48     4.48846     3.45187
4     14     36     54.18     2.60276     3.35566
5     42     13     142.45     4.21833     2.86973
6     20     32     117.58     4.75497     3.64566
7     23     38     284.17     2.95033     4.69825
8     20     34     209.42     3.01025     3.11022
9     41     29     55.35     1.53504     4.85923
10     25     18     128.32     4.8323     3.03156
11     44     20     244.9     4.97426     4.44098
12     9     14     293.13     2.21     4.41404
13     33     20     70.31     2.09122     3.26258
14     13     25     99.1     4.92181     4.20446
15     11     8     28.22     3.38849     3.75095
16     36     14     64.7     2.48611     4.32562
17     26     24     192.46     4.09186     2.62993
18     16     33     297.26     1.801     3.52191
19     10     39     107.58     1.88357     2.92276
20     8     39     243.34     3.96945     4.51765
21     12     29     112.45     2.82247     3.76614
22     12     33     241.6     4.3135     3.98747
23     36     30     211.07     4.95033     3.0372
24     28     13     85.4     1.57498     2.83967
25     26     34     226.9     1.58769     2.79321
26     17     29     260.95     2.30517     4.31234
27     10     3     162.11     4.31617     2.5235
28     42     14     82.18     2.93965     4.8806
29     28     34     243.25     1.64794     2.71348
30     8     1     42.44     2.06281     2.9783
31     29     10     40.48     3.88389     3.72219
32     10     38     196.55     4.35911     3.03072
33     43     11     292.69     2.65734     4.97139
34     42     36     70.7     2.25091     4.80033
35     29     8     100.75     2.66813     4.44739
36     15     18     135.54     1.72581     3.04491
37     33     26     256.86     3.10094     3.51604
38     17     18     97.36     4.8495     4.98863
39     35     27     267.47     2.23382     4.54924
40     24     8     29.74     4.96689     3.10465
41     21     19     201.81     4.23243     3.86448
42     13     40     297.13     1.59122     3.21154
43     41     23     81.18     3.63277     4.97673
44     15     21     270.43     3.48035     2.88087
45     41     21     213.2     3.51132     4.66315
46     40     34     324.13     2.3997     2.65809
47     8     17     211.77     4.34202     4.33973
48     29     37     117.97     1.57402     2.59598
49     15     35     32.22     2.04102     4.25108
50     34     15     45.48     4.32611     4.10001
51     16     6     193.94     2.20028     2.97197
52     35     22     296.17     4.90226     4.58686
53     46     35     209.59     1.50587     4.72221
54     36     3     61.83     2.48697     4.95476
55     19     12     222.77     2.84672     4.49324
56     42     28     194.11     3.40333     4.86702
57     33     25     121.97     4.60884     3.48773
58     15     27     273.3     4.50214     3.34758
59     42     31     67.83     2.65755     4.87182
60     26     13     218.29     3.23745     4.68932
61     23     28     278.43     1.50844     4.83894
62     29     12     135.19     2.93132     4.67452
63     29     12     80.66     3.18372     3.98724
64     38     5     264.73     2.72399     4.60837
65     35     7     43.61     1.75742     4.00914
66     22     27     42.09     3.71288     3.16431
67     21     8     302.26     4.58855     4.69283
68     37     18     80.05     3.27889     3.54289
69     21     16     219.03     3.23948     3.73699
70     28     4     131.32     2.09998     3.44157
71     13     25     116.32     2.58502     4.3778
72     41     8     193.11     2.85228     2.8386
73     38     3     238.9     3.10639     3.32812
74     39     38     39     4.09902     4.58853
75     11     35     56.92     2.87385     4.03005
76     35     21     233.03     3.36616     2.83029
77     46     31     298.56     1.71641     2.71836
78     32     29     109.49     2.40675     4.2082
79     27     3     84.4     4.08     4.79865
80     27     21     153.28     4.15157     4.40466
81     17     15     143.28     3.07135     4.03569
82     24     6     150.28     4.8479     4.9865
83     20     14     278.3     1.69109     4.55626
84     44     38     130.1     2.38603     3.06246
85     37     9     171.89     4.75379     3.16301
86     25     14     165.63     3.31254     3.75477
87     31     34     128.58     2.49455     4.46181
88     21     36     216.16     4.03162     2.98135
89     12     34     57.92     1.86499     3.80078
90     11     34     28.22     2.19366     3.05254
91     30     35     294.04     4.01506     3.02271
92     24     37     41.22     3.27184     3.5783
93     47     30     176.15     4.96262     4.02913
94     47     23     250.77     4.82493     2.68975
95     10     14     67.4     1.95172     2.65755
96     46     37     246.9     3.94948     3.57189
97     15     27     17.87     1.99722     2.87065
98     31     34     266.34     3.41765     3.8094
99     27     9     279.56     4.61675     3.75858
100     40     2     45.74     2.50385     2.54494
101     14     22     82.88     4.25101     4.35293
102     43     16     129.1     3.99861     2.94992
103     19     40     102.23     1.87129     3.75408
104     15     1     101.1     2.40889     2.50725
105     11     12     45.44     4.77441     4.07064
106     45     14     159.8     2.34758     3.60775
107     26     32     135.06     4.06452     3.67115
108     35     38     98.14     4.10959     4.45776
109     33     2     265.47     3.32386     3.2487
110     12     1     149.76     1.93484     2.79992
111     26     14     74.79     3.96988     4.69787
112     30     38     276.82     1.96048     4.94697
113     31     4     283.56     3.29983     2.80412
114     20     30     261.08     3.85868     2.62642
115     28     32     220.29     1.72346     4.74601
116     18     23     256.21     2.16289     2.63985
117     24     8     276.56     1.68319     4.90913
118     27     18     161.89     3.78231     4.33279
119     24     25     112.97     1.76095     2.51335
120     14     29     154.63     2.20199     4.87823
121     12     35     201.42     3.47383     4.55283
122     12     10     290.39     2.87236     4.87243
123     24     17     201.94     2.75561     4.04668
124     11     38     128.67     1.78477     4.24291
125     28     2     148.54     4.62764     3.60462
126     15     19     15     4.73585     3.46934
127     36     26     130.71     1.55512     4.30341
128     20     39     94.62     3.27761     2.61666
129     41     25     66.83     2.9937     4.87625
130     13     18     64.66     1.8574     3.18072
131     22     35     291.78     4.11995     3.71487
132     16     20     102.1     1.64313     2.74651
133     44     6     196.11     2.25251     3.68412
134     16     20     113.58     4.03749     4.95903
135     30     15     75.92     4.95973     4.7486
136     26     18     284.3     2.37866     4.80613
137     22     38     271.69     1.85324     4.41221
138     24     23     265.08     3.82931     4.21461
139     30     14     150.54     1.57189     3.47049
140     33     15     268.34     4.45279     2.95831
141     24     22     288.04     4.45076     4.57442
142     22     14     231.51     4.9765     4.87877
143     15     26     238.86     1.87866     3.60782
144     23     24     209.55     4.24343     4.41816
145     35     26     40.74     2.34352     3.87684
146     44     39     322.39     1.85046     3.46538
147     41     2     81.18     3.66439     3.11144
148     36     17     279.95     2.97511     3.51436
149     17     16     74.4     2.41134     3.28051
150     18     39     26.61     4.38838     3.1341
