1     46     35     486.895     4.47095     2.71218
2     29     28     1073.23     1.84832     3.93345
3     36     29     882.983     2.70658     3.7141
4     47     20     499.498     3.55618     3.82023
5     46     18     231.64     4.34629     4.21529
6     37     27     547.51     1.93025     4.87571
7     41     31     110.615     1.50246     4.09581
8     20     27     936.598     3.24151     4.92203
9     27     30     885.585     3.64313     2.60849
10     14     29     837.778     3.779     4.73319
11     31     24     460.293     4.46411     4.3656
12     39     24     131.82     1.56708     2.92772
13     29     28     353.87     3.45022     3.13715
14     16     20     422.088     3.26939     3.67405
15     32     32     1076.23     1.62294     3.46263
16     39     21     943.995     1.78028     4.7074
17     46     30     985.803     2.97629     2.57462
18     13     20     604.728     1.50523     3.16042
19     19     16     1167.65     4.09966     2.63527
20     15     21     1070.83     3.82653     4.20591
21     22     32     254.05     3.48804     3.28517
22     30     32     691.343     1.75796     2.51106
23     18     26     644.535     2.54091     4.50438
24     31     27     367.473     4.7869     4.00609
25     46     33     115.615     1.74685     4.78645
26     44     21     1041.82     2.90301     2.9635
27     38     33     490.498     2.55747     4.62493
28     41     16     725.548     2.81574     4.39108
29     32     23     971.803     4.44713     2.81175
30     23     24     278.255     3.35804     4.23673
31     40     22     40     4.1615     3.04918
32     28     19     97.615     4.5783     4.90631
33     21     21     543.113     4.15307     3.37298
34     9     28     391.883     1.51997     3.59355
35     41     25     203.435     2.2038     3.38916
36     19     26     749.958     4.68799     3.42273
37     21     19     740.355     4.23649     4.32264
38     35     30     580.318     3.20305     4.90364
39     10     19     33.205     4.31179     4.37857
40     38     32     629.728     3.64377     2.69898
41     25     27     1104.03     1.81446     4.41649
42     13     31     268.255     4.57573     2.70508
43     44     19     786.56     3.32653     3.93605
44     38     21     583.318     4.76821     4.4438
45     43     25     344.665     2.18693     4.87632
46     41     30     145.423     3.09859     3.76789
47     24     19     418.485     2.24055     3.22695
48     44     24     983.803     4.14431     3.37855
49     11     26     440.293     1.77334     3.4521
50     24     35     662.138     4.96176     3.65558
51     31     32     31     4.13544     3.22649
52     25     16     1080.83     1.55341     3.79994
53     10     15     694.548     2.55138     3.48468
54     34     35     590.92     4.52222     3.28852
55     25     20     152.628     2.11867     3.78193
56     23     16     846.778     4.41273     3.64231
57     43     27     820.368     1.99327     2.96831
58     17     26     840.778     2.24129     3.00577
59     41     24     458.69     4.26223     2.67487
60     14     31     1058.23     3.71245     3.54015
61     12     23     824.175     4.00449     3.61286
62     38     21     745.753     1.62294     4.12793
63     15     35     919.995     2.53888     4.68436
64     23     27     591.523     2.45386     3.39076
65     8     16     332.87     1.85997     4.90669
66     26     20     1151.44     2.64986     3.01942
67     27     15     1071.23     4.76063     3.14844
68     27     33     955.2     2.08609     3.91652
69     8     30     332.87     3.14281     3.17873
70     45     16     694.74     2.22217     2.6513
71     32     23     519.305     3.51559     4.02791
72     28     31     874.983     2.94424     3.22756
73     20     19     182.435     2.18073     3.16172
74     33     30     160.628     1.59432     4.16349
75     38     33     1047.42     4.60596     4.96773
76     9     30     159.833     4.68682     3.3842
77     37     23     767.958     4.98473     4.55374
78     22     15     416.485     3.31286     3.42723
79     21     24     624.33     2.98515     4.3598
80     37     24     1069.62     3.23264     4.45952
81     13     18     245.05     1.68522     3.58135
82     39     21     967.2     4.65381     2.60781
83     16     20     990.61     4.19568     2.90597
84     16     18     155.23     1.699     3.60157
85     12     15     975.008     1.97063     4.56206
86     43     31     193.833     1.55992     4.2272
87     22     34     288.858     3.80602     2.67998
88     36     26     674.138     3.83914     4.09642
89     44     29     392.075     4.02446     3.96641
90     36     20     1033.82     3.07904     2.72584
91     33     34     1054.02     1.84875     3.69015
92     8     34     715.753     3.97917     4.43007
93     13     20     71.0125     1.96261     4.48119
94     42     17     1051.42     3.80026     3.52603
95     27     34     873.983     3.25817     2.94183
96     23     29     753.958     4.95621     4.85137
97     41     27     586.318     3.77163     4.07102
98     39     24     236.243     1.79267     4.5938
99     35     34     1056.02     4.30677     3.49994
100     17     22     330.268     4.55533     3.93429
101     32     26     1145.84     3.74493     2.54158
102     36     27     627.728     2.54241     3.00157
103     19     32     494.703     3.54369     3.55159
104     15     22     722.753     2.94777     2.64039
105     35     24     1021.21     3.9217     3.10213
106     18     18     226.845     1.88966     3.99098
107     28     35     573.318     2.23211     2.96838
108     42     33     900.585     3.12764     3.38183
109     28     35     1176.65     4.02329     3.92727
110     9     26     658.74     3.96699     2.53479
111     31     25     576.318     4.78648     4.86892
112     20     24     310.063     4.35003     4.08299
113     28     17     677.74     1.89148     4.72022
114     19     31     587.523     4.13619     4.90005
115     21     26     461.895     1.71     4.68146
116     44     18     484.895     2.56804     4.74364
117     35     33     719.548     4.42566     3.27486
118     25     26     895.188     3.4263     2.70989
119     15     35     838.778     1.53226     4.20629
120     29     33     75.41     4.87086     4.00128
121     42     16     262.448     3.51997     4.53864
122     11     15     243.05     1.97063     4.50667
123     22     25     1147.44     3.24706     3.17835
124     47     26     859.175     1.92042     3.19361
125     43     20     1006.01     4.5016     4.67444
126     35     35     464.293     2.94467     4.81399
127     27     20     50.205     3.74888     3.32949
128     28     22     1165.05     3.38987     2.92093
129     30     24     644.933     2.06751     2.62375
130     42     32     854.175     2.50331     3.19948
131     31     21     819.97     1.77174     4.9514
132     27     16     96.615     3.40034     4.60883
133     37     20     1011.61     1.7226     4.16898
134     41     34     493.498     4.21844     3.33735
135     27     24     897.188     1.82568     3.45744
136     47     15     174.628     1.95877     4.57053
137     24     25     464.895     2.71673     3.49551
138     16     16     74.0125     2.01624     4.5706
139     16     30     375.678     4.1348     3.446
140     40     15     341.665     1.89543     3.06948
141     17     16     1142.44     1.98227     4.75478
142     33     32     450.69     1.61536     3.47362
143     23     20     568.318     1.57413     2.76208
144     15     33     1082.43     2.30122     3.38183
145     16     21     248.05     1.57199     3.62651
146     36     32     349.268     3.46358     2.91498
147     24     34     801.368     4.6082     4.06072
148     45     33     1077.62     2.46529     3.35887
149     39     22     329.063     2.09592     3.88119
150     36     22     674.138     3.1756     3.61942
