1     38     30     515.36     3.91412     4.83627
2     46     9     251.92     4.41668     4.68749
3     34     28     71.44     2.26736     2.70577
4     15     3     220.92     2.68831     4.27458
5     30     16     619.68     1.75924     2.74644
6     11     31     591.32     4.14388     4.27206
7     22     17     358.96     4.64644     2.63253
8     25     39     904.84     4.58449     4.46867
9     20     29     722     2.71117     4.04508
10     14     10     350.96     3.67186     2.94206
11     37     12     870.04     4.72912     3.81428
12     32     1     574.88     3.74001     3.60759
13     42     19     519.36     3.12262     2.87477
14     33     36     781.8     3.79203     4.07979
15     8     19     279.44     2.30346     3.03293
16     42     13     350.88     2.68629     3.84587
17     9     23     374.04     3.70145     4.04736
18     46     27     579.52     4.50951     2.75216
19     33     26     117.24     3.48131     3.52084
20     26     17     437.84     1.63694     4.80346
21     33     14     706.92     2.94713     4.60616
22     44     21     455.84     1.98088     4.77325
23     39     30     329.16     3.63448     4.02287
24     33     1     313.8     2.42576     2.62871
25     44     29     755.36     4.58898     2.8882
26     21     5     882.12     2.95172     3.26647
27     45     29     185.4     1.83348     2.85897
28     47     3     617.96     1.94435     4.06125
29     11     25     216.92     4.02286     2.58713
30     10     34     805.6     4.19387     2.72752
31     11     19     422.84     4.78466     4.48714
32     22     20     892.48     3.07926     2.99333
33     23     15     472.28     2.74941     4.3157
34     28     16     926.56     3.44285     3.08657
35     42     13     388.32     2.76714     3.5651
36     30     25     591.6     4.64975     4.5336
37     32     11     453.2     1.81126     4.66773
38     44     36     802.16     3.33593     3.77087
39     36     33     363.6     1.57114     4.01364
40     40     30     58.72     1.8448     4.06865
41     40     20     245.92     2.23061     2.78108
42     11     35     553.88     4.84907     2.76719
43     9     36     308.52     1.93516     3.07871
44     38     8     309.44     4.16172     3.82603
45     15     21     679.56     1.94638     4.40046
46     26     19     475.28     4.23435     3.18461
47     33     17     706.92     3.48344     2.89369
48     24     22     98.88     4.34234     4.43678
49     32     29     874.4     3.2523     3.43898
50     26     15     802.88     3.95813     4.81651
51     47     39     412.04     1.663     4.54253
52     16     19     493.36     3.31147     3.99739
53     18     15     457.92     2.73371     3.54152
54     44     38     736.64     2.63779     3.20338
55     36     19     775.44     2.18223     4.62157
56     46     28     598.24     3.61376     4.63302
57     30     25     834.96     2.20573     4.64682
58     25     4     951.64     2.47992     3.69533
59     23     17     846.68     3.94734     4.30242
60     44     23     558.8     2.85174     4.05934
61     39     8     385.32     2.1504     4.54993
62     42     30     453.84     2.71715     3.01462
63     11     14     544.52     3.00053     3.3945
64     42     25     98.16     4.62284     4.64568
65     28     8     496     2.15435     2.9651
66     39     33     366.6     3.54625     3.31797
67     8     40     728.72     3.45706     4.40733
68     34     23     62.08     4.95727     4.97704
69     47     16     383.96     4.84608     3.08794
70     27     26     214.2     3.06516     3.75927
71     23     11     528.44     3.94307     4.11313
72     44     13     352.88     3.25518     3.91652
73     24     28     295.44     2.33348     3.1579
74     38     14     187.76     4.71075     4.55176
75     17     28     91.88     1.53279     2.60926
76     33     33     379.32     2.72452     4.66834
77     42     8     369.6     4.64164     3.02095
78     32     27     631.04     3.69622     3.53099
79     40     9     573.52     2.6865     4.88105
80     11     39     909.56     3.81831     3.83999
81     12     27     845.04     1.64997     3.19201
82     44     12     923.84     4.94873     2.71699
83     11     22     535.16     2.68735     4.86358
84     34     13     193.12     4.67208     3.00462
85     39     16     572.52     2.03023     3.91743
86     9     8     785.88     2.54668     4.87701
87     37     25     561.16     3.57936     4.50499
88     24     40     229.92     1.54144     2.76391
89     14     37     903.2     2.18319     4.23749
90     10     27     777.52     4.65766     2.58736
91     30     14     235.92     4.105     2.82838
92     46     36     626.32     3.24001     4.31028
93     32     15     144.32     4.17689     3.54892
94     30     26     329.52     2.47501     4.7972
95     16     2     437.2     3.64206     4.99489
96     43     39     894.76     3.57605     3.48926
97     39     11     338.52     2.18361     3.16744
98     16     34     615.04     2.15659     3.38961
99     34     35     745.36     2.64196     3.8654
100     18     22     514.08     2.79064     4.86259
101     19     6     327.88     3.91818     2.89018
102     15     1     211.56     4.26127     4.74502
103     31     29     274.36     3.06665     4.06369
104     20     13     235.28     4.49519     3.26998
105     22     37     789.52     3.07424     2.55821
106     13     10     892.84     4.18682     3.80337
107     23     37     266.36     1.82653     3.53893
108     25     18     212.2     2.1081     2.89224
109     33     20     472.92     4.26287     3.61911
110     19     12     440.2     3.10735     3.1267
111     19     17     926.92     1.71758     2.62764
112     35     26     493.64     3.79374     3.81336
113     37     34     682.84     2.44948     3.18926
114     19     27     608.68     4.91113     4.46165
115     36     14     747.36     4.859     3.11678
116     26     33     147.68     4.89842     3.58303
117     10     2     47.44     4.39158     3.11663
118     44     27     811.52     2.63736     2.80183
119     20     23     431.84     2.63063     4.80598
120     31     29     555.16     2.38859     3.77949
121     26     26     606.32     4.57605     4.04309
122     32     11     827.6     3.41444     2.95053
123     34     4     417.76     4.11098     4.56984
124     12     34     124.32     2.28893     4.0717
125     46     8     148.96     3.15659     4.46692
126     24     40     211.2     4.39692     3.58303
127     41     15     930.2     1.51378     2.92093
128     10     22     805.6     2.61867     3.78193
129     30     39     132.96     2.8919     4.80537
130     45     5     335.16     3.70348     3.80917
131     41     7     817.88     2.12636     3.07199
132     8     38     204.56     4.32984     3.44821
133     36     29     784.8     2.58235     3.95711
134     40     32     40     4.35388     4.73601
135     12     16     246     4.24685     4.99832
136     34     31     71.44     4.7445     3.88707
137     9     38     430.2     4.5078     3.36482
138     26     7     653.12     4.20679     3.52992
139     25     40     184.12     4.62113     4.50034
140     14     21     350.96     4.99242     2.75567
141     37     1     617.32     4.36499     3.57761
142     35     22     765.08     3.39746     4.97963
143     43     35     819.88     2.38122     4.76646
144     32     29     836.96     3.44841     3.61469
145     11     18     282.44     2.2053     3.31347
146     46     34     804.16     4.77494     3.05811
147     10     22     449.92     2.98248     2.93504
148     14     6     304.16     3.17005     4.99039
149     10     13     131.68     2.87236     3.52199
150     19     24     580.6     3.83935     4.98589
