1     10     4     38.2667     1.97736     3.96535
2     40     12     220.907     3.99391     4.91745
3     34     11     67.92     2.15915     2.93947
4     16     9     81.0133     1.70273     2.5396
5     27     14     258.787     3.23894     2.74461
6     34     5     311.013     4.66097     3.3536
7     43     12     105.187     2.30293     2.75971
8     29     14     207.08     2.85623     2.72958
9     43     5     198.467     3.27152     4.28091
10     12     15     108.107     2.63373     2.54967
11     32     2     71.5733     3.24194     4.7882
12     22     4     180.293     1.88112     4.38131
13     12     1     207.04     2.01698     2.5264
14     38     11     162.373     2.40184     2.96342
15     43     1     192.813     3.32215     3.89752
16     12     4     238.133     3.47565     2.50557
17     47     2     219.427     4.20957     3.66527
18     35     12     35     4.60639     3.2992
19     44     11     66.6133     4.15007     2.97334
20     33     7     196.947     3.45792     3.64147
21     44     12     318.187     2.31243     2.6751
22     18     13     246.96     2.97693     4.57137
23     44     15     171.2     4.03034     4.47638
24     21     2     37.96     3.2038     4.91882
25     13     13     44.0933     4.95631     4.89029
26     13     5     162.813     2.26992     4.16601
27     12     9     156.16     1.90355     4.50499
28     26     9     57.0933     3.08428     3.1209
29     11     10     56.2267     2.37588     2.56378
30     22     14     41.7867     4.70551     4.90402
31     22     5     284.88     4.7837     4.35781
32     24     10     173.813     2.90291     3.74676
33     30     8     66.7467     1.84843     3.93048
34     28     12     200.427     3.40483     4.10329
35     10     3     196.56     3.69504     4.59601
36     17     10     76.36     2.33348     2.5737
37     41     8     46.6533     3.63031     4.76882
38     25     3     270.92     3.82846     2.64115
39     41     9     103.187     2.11034     4.10627
40     13     8     256.093     4.85719     4.72007
41     10     6     238.96     4.89489     4.96384
42     31     9     141.24     3.21299     4.01738
43     36     10     55.7867     2.38838     4.16265
44     21     1     216.04     4.20049     3.70708
45     29     9     201.427     3.67016     2.56943
46     29     6     246.653     1.50887     3.41594
47     36     15     267.787     2.71064     4.98955
48     11     7     39.2667     2.27238     3.02232
49     41     15     309.533     2.77601     2.87118
50     45     14     254.173     1.81809     4.26794
51     18     5     244.133     4.51976     4.82406
52     8     3     98.4533     2.60201     2.68128
53     16     12     143.2     3.26191     4.94842
54     8     5     33.44     3.83155     4.81422
55     24     10     83.36     2.45631     3.97847
56     28     2     93.0133     3.77633     3.29051
57     35     2     37.8267     4.84437     3.23679
58     23     15     220.867     4.26629     4.6675
59     46     5     159.067     2.29695     3.90263
60     32     8     113.973     3.37706     2.60964
61     10     11     227.653     2.84405     4.09124
62     35     11     153.72     4.30325     3.87524
63     21     12     300.84     3.89126     3.74691
64     14     5     251.44     1.91871     4.61455
65     24     5     230.347     2.62412     4.84794
66     29     11     102.493     3.02489     4.4818
67     39     11     287.747     1.59977     4.42404
68     30     3     111.973     3.28605     3.55884
69     11     6     180.6     2.5267     2.88682
70     22     1     231.173     4.8526     4.59128
71     43     9     108.013     2.23115     2.67197
72     26     4     294.533     4.67122     3.03743
73     39     15     112.493     4.81147     4.69474
74     47     12     128.973     2.48366     4.92973
75     12     3     130.72     4.47992     2.61666
76     42     15     194.64     4.01154     2.5483
77     35     8     128.28     2.09207     4.92706
78     32     6     176.16     1.82974     2.9078
79     18     13     184.773     2.8636     4.83406
80     24     10     221.867     3.92715     4.05553
81     41     2     171.027     2.27441     2.97075
82     20     2     116.107     4.95386     4.18332
83     30     10     100.667     2.16076     2.91253
84     44     10     171.2     1.65787     3.55106
85     34     7     121.627     4.49402     4.5069
86     35     11     128.28     3.50748     4.22338
87     41     9     281.267     3.848     2.51617
88     32     12     292.053     3.50171     2.61803
89     22     2     279.227     3.05309     3.07276
90     13     9     176.947     3.66877     4.86763
91     29     6     57.2667     3.03781     2.94641
92     36     15     123.627     4.25144     4.9929
93     47     2     140.28     1.85847     4.12465
94     29     6     113.8     2.07968     3.38969
95     9     11     266.227     2.91572     3.70495
96     41     15     173.853     1.63224     3.12754
97     46     9     263.653     4.35911     4.10031
98     43     14     206.947     3.7837     4.06087
99     8     14     166.293     4.67827     3.55625
100     33     4     78.2267     3.74012     4.7528
101     43     6     96.7067     3.48312     4.48149
102     31     11     211.907     1.66268     4.7116
103     35     14     227.213     4.46999     4.58998
104     28     2     163.68     4.978     4.43968
105     24     14     233.173     3.07605     3.35635
106     20     8     217.867     4.87556     3.29447
107     33     14     219.56     4.3213     3.7833
108     36     6     134.933     3.99413     2.66289
109     46     1     249.52     4.33764     4.48195
110     17     2     90.4933     4.29438     4.44693
111     29     9     99.6667     2.08567     4.56389
112     25     6     169.16     4.11942     4.86297
113     22     4     265.093     2.75956     3.84678
114     32     13     85.7067     4.44317     3.55304
115     38     7     162.373     2.3778     3.37176
116     45     7     143.933     3.30506     3.00851
117     32     3     105.493     2.56323     3.73341
118     43     8     119.32     2.93442     3.30676
119     15     6     212.867     3.01004     3.7225
120     8     11     208.693     1.5596     4.65941
121     30     1     208.08     3.13704     4.28083
122     17     5     257.267     4.90739     2.77398
123     8     13     259.573     2.43078     2.76902
124     28     10     200.427     4.8871     4.52818
125     24     1     117.28     2.97372     2.54669
126     12     4     60.0533     2.46475     3.95535
127     19     2     81.1867     3.66172     2.86477
128     9     6     164.467     4.72346     3.54381
129     33     8     264.787     3.60788     4.07056
130     45     12     152.413     3.11087     3.34826
131     23     3     34.3067     4.23499     3.12563
132     16     1     185.6     2.87535     2.91322
133     24     11     196.427     3.05394     4.43564
134     13     4     205.213     2.18874     3.50993
135     23     3     62.5733     3.63138     3.49284
136     35     13     136.76     4.95706     3.18445
137     15     15     241.133     3.24322     3.33148
138     38     11     201.947     4.3182     4.61959
139     27     4     261.613     3.71705     3.79521
140     27     4     72.2267     3.32771     3.30851
141     14     1     67.7067     3.46123     3.61698
142     31     8     33.8267     2.83209     3.54099
143     12     6     17.6533     2.18159     2.81182
144     40     7     88.0533     2.02905     4.70244
145     39     11     296.227     4.28594     2.88202
146     10     9     80.6667     4.71566     2.88499
147     36     10     248     3.47543     4.83451
148     43     7     209.773     3.22335     2.81159
149     35     9     295.053     4.52446     2.51076
150     24     8     137.067     3.04208     2.57202
