1     38     6     171.425     2.07381     3.3874
2     37     2     48.86     3.17742     4.1142
3     13     14     167.18     4.12583     3.54808
4     29     31     198.005     1.81948     3.59569
5     12     32     80.195     2.65189     4.51292
6     23     27     212.76     3.3009     3.87906
7     35     31     260.34     4.58556     4.71572
8     44     19     215.97     1.62252     4.39199
9     37     1     185.25     3.76778     4.70717
10     33     22     279.095     3.07498     4.78942
11     17     18     114.845     4.2586     4.70397
12     22     19     170.25     3.39286     3.90873
13     18     31     50.615     3.8339     4.94995
14     42     33     157.635     2.09645     4.03729
15     39     3     139.81     4.17208     3.88989
16     38     30     257.41     1.52147     2.99272
17     44     29     97.37     2.22645     4.15593
18     45     33     151.74     4.53536     4.01517
19     47     16     177.46     4.78605     3.86631
20     11     7     156.285     3.94179     3.47255
21     28     26     291.885     3.22335     3.23672
22     43     9     75.615     2.07242     3.87806
23     41     14     192.215     2.93025     4.00426
24     22     12     312.57     4.56644     4.72037
25     34     10     220.795     2.44093     4.16356
26     35     24     55.755     2.33668     3.60614
27     39     34     210.97     2.74236     3.01576
28     10     2     259.06     4.72495     2.715
29     9     10     275.85     4.77238     4.02974
30     32     27     298.85     4.84298     3.06734
31     17     32     183.04     2.105     3.01599
32     14     22     147.425     3.10179     4.10421
33     9     24     38.65     3.82429     4.11306
34     33     5     314.675     4.92918     3.5799
35     16     21     205.76     3.58353     3.586
36     36     29     121.985     3.17293     2.76711
37     10     39     199.76     3.35484     3.93841
38     17     22     277.92     4.69398     4.47455
39     22     24     262.165     4.36338     3.33529
40     36     28     293.955     3.1442     3.87684
41     23     30     120.845     3.71107     2.84028
42     17     8     292.745     2.93452     4.65735
43     28     12     253.34     3.68735     3.96397
44     24     16     47.72     3.38816     2.96297
45     32     32     112.055     2.2665     4.02539
46     40     34     315.745     2.58342     4.17203
47     18     6     130.67     3.29374     4.32562
48     41     5     192.215     3.38208     4.97398
49     45     4     92.44     4.35826     3.6346
50     33     33     71.545     4.14676     3.26243
51     33     5     175.32     4.35345     4.48958
52     40     10     54.825     2.14495     3.33979
53     8     6     268.92     2.72506     4.80644
54     36     16     199.075     2.6411     3.93521
55     35     35     230.69     4.40707     4.80354
56     13     2     208.69     2.1755     4.03439
57     35     3     85.405     2.44435     4.23833
58     26     7     147.565     2.03151     4.02219
59     24     24     308.64     4.80335     4.9559
60     42     11     122.055     2.88945     4.63797
61     29     8     31.965     3.87001     3.75034
62     36     8     290.99     1.66855     3.74287
63     18     7     157.355     4.13576     3.03858
64     40     10     294.99     4.55672     3.39991
65     40     27     220.865     3.06975     4.34683
66     35     26     129.88     3.72645     4.76691
67     33     6     148.635     2.18041     4.60921
68     15     28     59.475     1.73959     3.30096
69     14     23     236.375     2.76276     2.77917
70     17     9     188.97     3.1395     4.27664
71     38     33     129.915     3.83401     4.25359
72     9     38     210.62     4.72965     3.61568
73     30     35     104.125     2.25689     3.10854
74     14     11     61.44     2.0408     4.02974
75     35     31     195.11     2.0502     4.64873
76     47     13     103.335     4.98547     3.97534
77     34     27     280.095     4.88667     3.26807
78     11     28     239.305     3.1991     4.42152
79     41     10     79.545     2.77825     3.12449
80     10     38     244.235     3.57007     3.4299
81     35     36     272.2     4.45001     4.12542
82     25     2     179.18     3.4561     3.54732
83     40     26     54.825     4.39981     3.22695
84     34     13     57.72     4.58876     4.51086
85     26     11     43.79     3.14666     3.54526
86     9     33     299.57     4.66471     3.76545
87     25     26     185.11     1.66652     3.78033
88     25     9     223.655     1.62583     4.79377
89     24     29     178.18     1.51506     2.95206
90     21     6     207.795     3.62551     3.25915
91     46     15     295.06     3.63822     2.94954
92     47     13     165.6     2.68308     3.46042
93     22     39     96.125     2.37001     3.89218
94     29     39     298.815     3.02542     2.59949
95     39     16     279.165     2.61899     4.80323
96     15     15     210.69     2.61643     2.86172
97     37     39     253.445     4.24023     4.59655
98     34     16     66.615     4.87417     3.80795
99     14     8     34.755     2.59624     3.37527
100     32     29     198.04     4.57413     2.57996
101     30     33     210.865     1.80549     4.04317
102     21     30     175.18     3.94221     4.41816
103     35     4     221.795     2.17731     4.22842
104     28     26     81.37     2.93345     3.49132
105     26     25     144.6     3.83508     3.51978
106     8     15     174.04     2.19868     4.03943
107     40     18     164.53     2.02692     3.51581
108     27     35     62.58     4.73926     4.32859
109     34     22     306.78     2.12401     3.18598
110     18     15     166.25     2.24813     3.41861
111     29     15     156.495     1.80528     4.54428
112     47     31     165.6     2.14014     3.24328
113     30     20     121.915     3.43153     3.63605
114     14     36     185.97     4.26832     3.50269
115     36     8     124.95     4.105     4.3363
116     41     2     331.57     4.32771     4.36857
117     33     9     74.51     1.91797     4.96132
118     12     34     240.305     2.94777     4.50148
119     13     17     306.535     4.38859     2.6925
120     34     9     54.755     2.97191     4.38139
121     43     40     164.565     4.08299     3.31263
122     22     38     122.81     1.92341     4.9498
123     9     40     121.67     1.92662     3.75462
124     34     24     217.83     4.16065     4.06522
125     36     7     205.005     4.7022     4.96307
126     43     22     87.475     3.7179     3.27029
127     34     33     241.55     3.73467     2.5676
128     27     37     225.655     4.33572     4.87251
129     23     36     138.635     4.76522     2.86996
130     30     38     249.41     3.17689     4.33584
131     33     18     53.755     4.01068     4.1422
132     13     14     182.005     4.73115     2.98692
133     19     11     309.57     4.91284     3.23809
134     23     20     218.69     1.90686     3.53191
135     38     24     168.46     2.07285     2.5174
136     11     22     197.795     4.81051     3.38656
137     11     25     254.13     2.37513     4.58167
138     47     12     319.78     1.71277     3.31927
139     26     31     310.64     2.79727     4.82322
140     12     27     240.305     2.70412     3.90553
141     30     3     130.81     1.90825     4.28678
142     23     19     310.605     1.53525     4.79621
143     39     13     148.705     3.05458     2.8428
144     18     10     101.02     2.64719     4.29701
145     22     22     232.515     2.23232     2.67426
146     33     23     255.375     4.88795     4.26145
147     21     31     278.955     2.64847     4.57526
148     45     16     279.235     4.91647     2.79557
149     13     31     288.745     3.4687     4.56221
150     28     20     182.18     2.79513     4.77622
