1     41     6     181.65     2.53952     2.76414
2     40     3     108.15     4.93922     3.62339
3     39     6     53.5     3.89425     4.86442
4     10     7     47.7     3.14922     3.84579
5     12     10     141.05     3.2257     2.89827
6     41     1     181.65     4.45802     3.13295
7     35     9     55.3     2.6254     4.11275
8     11     1     83.5     4.41572     3.52947
9     10     1     134.7     4.20391     4.77615
10     17     6     138.8     1.88026     4.05522
11     38     1     140.95     3.21406     4.91424
12     15     12     96.2     1.98366     4.34797
13     12     11     123.65     4.36167     3.3594
14     24     8     132.75     3.78594     3.61873
15     16     1     68.2     1.80314     3.1119
16     32     10     52.3     4.11782     4.9192
17     26     1     84     3.33166     4.51354
18     24     4     38.5     3.60906     4.72144
19     36     11     105.6     4.24952     3.73386
20     14     13     22.7     4.406     2.81106
21     46     10     73.55     1.92918     4.06949
22     26     9     37.6     3.07562     4.99229
23     18     14     64.4     2.0612     2.55486
24     34     4     152.9     3.19718     3.60477
25     16     9     59.5     2.58972     4.38673
26     14     15     147.4     2.14153     3.35452
27     34     11     58.65     4.33551     2.65954
28     29     3     81.2     4.53824     4.95613
29     33     8     166.4     2.80634     3.41533
30     23     5     108.55     2.9294     4.08765
31     15     9     77.35     3.19547     3.50429
32     24     4     157.4     2.61194     3.15874
33     35     5     97.35     2.56697     3.75896
34     11     7     47.25     3.16642     3.39022
35     16     3     46.45     2.22858     4.98039
36     29     1     114.55     3.17421     4.70679
37     38     4     149.65     4.79267     4.23696
38     30     7     32.9     3.62166     3.44218
39     16     11     78.35     2.92341     3.97588
40     12     15     106.25     2.99178     2.85669
41     12     1     125.1     1.77387     3.94696
42     15     13     78.8     1.54369     3.96733
43     46     10     124.3     1.60746     3.43867
44     30     10     135.85     4.27953     4.19034
45     29     5     114.55     3.60959     3.8274
46     8     1     16.7     1.59827     3.79612
47     20     12     49     3.88475     3.93849
48     44     3     94.75     4.63833     2.67708
49     43     9     87.95     3.64302     3.22016
50     26     10     46.3     2.3056     4.92782
51     28     11     80.2     4.07274     2.7298
52     40     9     71.9     4.49188     3.73684
53     14     4     83.6     3.40066     3.93292
54     38     8     56.85     3.47768     4.09299
55     37     14     74.7     3.14068     2.81411
56     33     5     143.2     4.0251     3.30187
57     40     2     51.6     2.52873     4.30158
58     36     1     137.5     3.15616     4.31654
59     41     14     164.25     2.14644     4.50255
60     42     11     73.9     3.6207     4.37979
61     33     10     85.2     2.73125     3.25282
62     21     15     151.5     1.54956     3.97946
63     25     4     59.8     2.67454     4.47806
64     27     2     96.6     4.29748     3.61576
65     26     6     85.45     4.70733     4.36697
66     28     2     126.6     4.97116     3.38176
67     38     14     113.4     3.77302     4.85839
68     29     11     42.05     4.64719     2.85546
69     21     14     97.85     1.58844     4.93973
70     32     4     63.9     1.7758     3.80512
71     34     12     126.8     2.39148     4.75829
72     18     1     155.75     4.7727     3.20688
73     43     5     170.6     3.87674     2.54524
74     19     8     120.5     4.79823     4.07491
75     28     4     112.1     4.31852     4.35209
76     33     6     117.1     3.22463     4.10352
77     27     3     32.8     4.88144     4.09894
78     30     15     156.15     2.79     4.62302
79     13     10     89.85     3.61867     3.93628
80     21     15     131.2     4.43986     4.86641
81     17     2     83.7     2.15712     4.9189
82     25     4     68.5     2.85708     4.05019
83     40     9     54.5     4.07082     2.99173
84     38     14     67     1.67806     3.76667
85     44     9     75.9     4.94104     2.78932
86     22     10     56.8     2.89767     3.18888
87     13     2     42     2.10479     4.24665
88     14     4     41.55     1.96005     4.58846
89     21     2     125.4     3.09037     4.52292
90     38     4     146.75     2.5392     4.16532
91     45     9     146.5     4.7398     2.73835
92     36     3     47.6     2.00459     3.19071
93     45     10     184.2     2.51997     2.52281
94     9     12     80.05     3.57627     4.46211
95     17     10     32.95     2.02072     4.87686
96     11     7     41.45     2.6662     4.07048
97     39     4     118.75     4.64014     3.84579
98     9     6     111.95     3.40793     3.48087
99     34     6     173.2     2.45706     2.5061
100     43     7     72     2.37289     4.42465
101     25     14     46.75     3.2931     4.26428
102     47     6     73.1     2.47511     4.10466
103     32     10     108.85     1.9592     4.46776
104     29     13     89.9     4.56313     3.21299
105     46     13     138.8     2.69195     4.8291
106     12     10     20.7     4.69857     4.26061
107     46     11     90.95     1.77644     3.16233
108     18     1     83.25     4.12369     2.72042
109     23     9     156.4     3.85698     3.43181
110     8     10     73.25     3.91551     3.48209
111     11     1     55.95     1.93463     3.61309
112     35     15     153.9     1.82717     2.61963
113     20     4     78     1.55351     3.86738
114     13     15     73.9     1.81799     4.47157
115     34     11     136.95     1.67325     2.52739
116     10     12     43.35     4.76949     4.0334
117     46     4     128.65     2.22987     4.89662
118     28     2     46.85     4.89019     4.66285
119     27     12     57.45     3.38347     4.86007
120     15     12     103.45     2.30709     3.59722
121     31     6     97.7     3.45418     4.30853
122     29     4     107.3     3.84544     2.78367
123     30     2     99.6     2.54497     2.875
124     11     2     51.6     4.99487     2.52174
125     47     2     119.5     4.85228     2.98303
126     18     6     91.95     2.0642     2.91841
127     29     14     143.55     2.16396     2.70859
128     47     12     158.65     3.02318     3.15554
129     8     2     106.6     1.54508     3.95344
130     20     10     35.95     2.03151     3.57021
131     18     10     57.15     2.71064     3.43165
132     37     12     129.8     1.65595     3.04704
133     26     13     120.25     2.0862     3.96863
134     27     9     40.05     2.27441     4.22369
135     12     3     23.6     2.55629     3.61202
136     37     14     124     4.16781     4.00769
137     47     14     55.7     4.39938     2.556
138     42     8     155.1     4.79929     4.40741
139     45     8     49.35     1.91134     2.87721
140     23     12     133.2     1.78124     3.67389
141     15     1     19.35     3.21587     3.58386
142     47     5     177.5     1.52948     2.75636
143     47     14     155.75     3.26244     3.47674
144     15     5     129.55     2.10489     4.56977
145     43     4     82.15     4.51207     4.32356
146     30     7     99.6     2.743     3.57463
147     17     8     153.3     4.81019     4.34469
148     35     13     113.3     1.5706     3.16981
149     45     8     56.6     4.94713     4.51247
150     46     12     61.95     2.50993     3.39755
