1     33     9     48.895     2.76063     4.80155
2     39     11     76.57     1.77355     4.00494
3     31     4     123.48     2.59539     4.93324
4     16     1     95.475     4.5987     4.82063
5     32     1     140.375     4.41263     2.97166
6     44     6     140.815     2.30805     4.89113
7     34     3     35.445     3.14837     3.05895
8     45     11     84.015     4.13982     3.49269
9     17     11     93.585     1.86584     3.48506
10     32     5     137.485     3.84063     4.66018
11     45     11     144.705     3.56505     4.23711
12     38     13     84.24     2.31991     3.64208
13     15     5     22.225     1.68126     4.86061
14     45     12     84.015     4.49156     3.66832
15     15     7     107.48     4.27088     2.63344
16     36     3     153.045     4.30357     3.02988
17     9     6     53.795     4.38379     3.55197
18     10     4     85.14     3.45439     4.972
19     12     5     38.01     1.62423     3.63002
20     24     2     84.69     4.29748     2.8985
21     42     14     69.455     4.89927     3.00989
22     26     15     52.01     4.93313     3.39015
23     26     10     37.56     2.35345     2.88682
24     34     7     127.925     3.48772     4.53429
25     9     3     144.83     3.49284     2.74468
26     37     14     106.36     4.58043     4.56732
27     21     9     153.94     2.99466     2.90506
28     28     14     93.025     3.47757     3.3301
29     16     14     95.475     2.70594     4.88868
30     28     8     77.13     3.93442     4.03539
31     11     2     123.71     4.32878     4.58892
32     23     14     111.145     3.22452     2.84776
33     25     4     159.385     4.29374     3.25854
34     33     14     92.245     3.85644     3.77651
35     8     7     23.895     4.8197     3.80848
36     27     10     132.485     2.97821     3.88043
37     11     12     58.685     2.66268     4.91867
38     11     15     73.135     4.96881     3.78559
39     42     9     131.59     4.55116     2.96228
40     34     5     38.335     4.7178     3.51535
41     16     9     104.145     2.80859     4.24223
42     29     8     44.895     4.59197     3.63277
43     44     14     83.015     2.1646     2.53952
44     21     7     149.605     2.0893     4.19614
45     25     10     74.13     3.25294     4.47508
46     31     7     130.705     4.1818     4.02585
47     31     6     93.135     2.29673     2.68288
48     29     3     69.46     1.84341     2.7852
49     31     12     87.355     3.48173     4.29731
50     18     13     152.385     2.768     3.37268
51     35     2     105.805     2.01666     4.75082
52     34     2     57.12     3.2728     4.62683
53     19     10     71.02     4.38186     4.3862
54     32     10     75.35     4.39073     4.34408
55     33     11     157.27     1.76373     2.87988
56     46     3     102.355     2.14933     2.60872
57     22     15     88.47     1.67913     3.97862
58     25     13     39.45     4.53813     2.93573
59     19     2     157.72     2.28487     3.04781
60     17     5     84.915     1.66214     3.72547
61     9     7     36.455     3.87631     4.93339
62     21     9     41.23     4.58449     2.53136
63     41     8     145.04     1.57221     4.63538
64     14     6     129.6     2.35484     3.1402
65     29     13     156.16     4.68906     3.29409
66     8     3     80.25     1.72709     2.96464
67     37     6     96.245     2.30026     4.48927
68     36     14     44.67     2.56302     3.24793
69     11     2     139.605     4.48526     3.35116
70     32     2     98.47     3.42427     4.58205
71     39     1     89.575     1.76394     3.48453
72     29     2     112.81     2.35163     2.73728
73     20     15     115.37     3.721     4.20476
74     15     11     100.255     3.33219     4.80529
75     9     9     141.94     2.81553     3.08695
76     9     3     69.69     3.95289     3.15348
77     41     12     56.895     3.37941     3.8271
78     31     10     153.825     2.7429     4.69352
79     11     3     13.89     3.80271     4.41588
80     34     5     146.71     1.70305     2.9606
81     19     9     112.925     1.90686     3.12487
82     8     9     73.025     4.022     3.00638
83     31     13     165.385     2.50545     4.80606
84     25     15     149.27     3.48088     4.10421
85     10     12     141.495     2.65157     2.50198
86     35     9     61.01     4.04529     2.7662
87     13     12     79.47     3.57402     4.37086
88     39     15     115.585     3.1442     3.57387
89     33     11     161.605     3.80026     3.42181
90     41     13     168.16     1.63715     2.82029
91     46     11     189.055     4.96646     2.56439
92     44     8     152.375     1.96817     4.96559
93     31     2     71.46     2.31617     4.96971
94     20     1     135.6     1.5078     4.4039
95     20     10     50.345     1.88549     4.74418
96     10     7     105.37     2.08225     2.5441
97     47     11     125.03     4.87652     2.91581
98     27     10     93.47     4.19045     2.70219
99     31     5     31     4.71705     3.73333
100     33     4     115.365     3.40803     2.80595
101     16     1     109.925     3.80966     3.7772
102     33     4     96.58     2.97917     3.41319
103     25     12     33.67     4.46657     3.88356
104     20     5     21.445     4.09624     3.54137
105     29     12     72.35     2.0329     3.88058
106     14     14     86.25     1.86616     4.31028
107     11     13     44.235     4.6975     2.63718
108     26     14     44.785     4.46507     2.89705
109     45     5     88.35     2.99017     3.42463
110     12     7     149.275     1.9796     4.3041
111     28     8     171.055     4.46838     4.58998
112     13     8     21.67     3.93698     3.43875
113     35     1     139.04     4.08898     3.0427
114     42     1     144.595     2.02072     2.50595
115     24     8     141.045     2.27003     3.05345
116     37     8     115.03     4.97639     3.71357
117     14     3     112.26     4.13811     2.86523
118     43     14     154.265     2.20156     4.78965
119     21     5     93.25     3.4639     4.11748
120     20     15     31.56     3.02713     4.81262
121     16     13     131.6     3.78552     4.08208
122     31     13     133.595     4.68244     2.85394
123     30     7     118.145     3.21876     3.21261
124     11     12     154.055     4.45033     4.43335
125     10     5     41.79     2.45535     3.00531
126     47     12     91.795     3.50908     3.28578
127     12     10     36.565     4.44841     4.1731
128     43     15     45.89     2.46133     3.44226
129     14     13     148.385     2.28562     2.63161
130     12     5     105.925     2.55095     4.12191
131     15     13     119.04     4.24952     3.29852
132     28     12     114.7     2.06761     4.93736
133     19     15     133.155     1.56569     4.20454
134     8     1     149.61     1.93805     3.91194
135     16     14     141.715     4.83871     3.41716
136     8     3     90.365     3.00609     3.31034
137     11     6     65.91     2.174     3.77735
138     34     4     73.015     1.99861     3.28066
139     25     6     55.345     3.49017     2.94794
140     8     12     44.125     3.68073     3.30966
141     23     8     140.045     3.01517     3.77537
142     37     13     103.47     3.69665     3.99052
143     35     1     167.94     3.4733     4.96323
144     36     7     86.575     1.59977     4.10253
145     32     12     98.47     3.95759     4.55855
146     41     3     58.34     2.06922     3.00409
147     45     6     121.585     3.99028     3.75088
148     38     6     68.345     4.31382     3.33758
149     47     11     135.145     2.7712     3.48361
150     32     1     78.24     4.16439     4.04691
