1     19     34     561.8     2.31286     4.97528
2     37     31     320.2     3.47116     4.7148
3     13     33     36.6     4.03279     4.33111
4     37     29     760.733     3.47639     3.12639
5     39     17     652.6     3.01613     3.96916
6     8     20     275.467     1.93442     3.96405
7     28     30     460.667     3.30143     2.51053
8     34     34     765.6     2.93794     2.76421
9     9     17     48.3333     3.73435     3.76713
10     35     35     695.8     4.68233     4.26298
11     41     31     119.667     3.23072     2.96213
12     8     18     173.2     2.32311     3.77293
13     10     26     88.6667     4.72826     3.26357
14     47     34     448.2     3.52104     3.87242
15     38     32     604.4     3.82493     2.62963
16     31     17     526.6     4.17421     3.90797
17     27     24     530.467     4.10532     3.46713
18     38     20     706.667     4.83807     4.80819
19     43     22     522.867     3.15403     2.60216
20     16     35     409.333     4.83316     4.21102
21     44     16     185.6     1.7571     4.06331
22     47     24     424.6     2.03941     4.40336
23     9     20     481     4.79064     4.67719
24     22     34     92.8     1.87919     3.07237
25     47     23     94.2     3.29684     4.97681
26     44     32     547.467     3.98708     4.37094
27     41     19     143.267     4.24802     2.92222
28     31     19     46.7333     1.56676     2.79351
29     45     19     666.467     2.99712     2.9339
30     15     23     605     3.93677     4.86648
31     29     28     115.533     3.41711     2.7382
32     31     15     329.933     1.76212     3.6494
33     31     28     809.8     1.72687     3.02553
34     23     33     557.933     4.47501     3.55007
35     22     19     627.733     4.0047     4.92141
36     45     27     257.4     2.88154     2.95114
37     22     16     273.733     3.88955     2.7691
38     31     33     314.2     3.95706     4.64957
39     27     17     145     4.46999     4.72602
40     26     27     120.4     4.82856     4.10863
41     11     35     247     3.85997     3.6713
42     31     34     731.133     3.94424     3.0224
43     39     21     511     3.96294     3.42685
44     32     27     653.467     3.93142     3.19277
45     14     20     155.6     3.92256     2.79061
46     31     31     597.4     2.64121     3.21863
47     34     31     639.733     2.76138     4.88189
48     24     33     181.333     3.88101     2.99821
49     17     31     630.6     4.20786     4.29983
50     26     25     608.133     2.33412     3.54305
51     46     17     580.933     2.70872     4.59426
52     42     25     624.133     2.16759     4.60555
53     13     32     547.933     3.13106     3.54839
54     32     30     71.3333     2.82707     2.6178
55     43     25     751     4.15093     3.77522
56     40     26     354.667     4.51912     3.94414
57     11     27     97.5333     4.82899     3.62514
58     18     20     269.733     1.88079     3.44508
59     42     19     112.8     2.8746     3.40678
60     34     20     521.733     4.33796     3.35452
61     20     17     271.733     2.0972     4.42053
62     33     33     410.6     2.64922     4.96925
63     12     27     350.267     4.54444     3.3037
64     10     23     10     4.13918     3.15073
65     9     22     119.133     4.82856     4.18935
66     46     27     392.133     3.6175     3.63971
67     19     32     420.2     4.14025     3.67641
68     33     17     80.2     1.98718     3.183
69     10     25     167.333     1.94958     3.61316
70     11     31     789.8     2.5392     4.97322
71     31     30     196.2     3.895     4.19309
72     47     33     298.733     2.43431     4.40031
73     17     17     158.6     3.8589     4.86274
74     15     34     211.667     3.87407     2.61635
75     10     15     356.133     3.232     3.0427
76     22     15     399.6     2.95717     2.91246
77     15     16     282.467     4.36402     3.16057
78     36     24     696.8     1.72527     4.90822
79     12     28     271.6     2.70252     3.49704
80     38     18     242.533     4.895     4.05324
81     21     29     146.867     2.1191     3.34361
82     44     34     484.533     4.7774     3.94253
83     30     22     85.0667     4.42331     2.97357
84     33     35     654.467     3.38635     3.94238
85     12     24     208.667     4.56291     3.92529
86     38     15     604.4     1.73286     4.63073
87     9     25     583.267     2.01367     4.59769
88     16     33     590.267     1.80773     3.54823
89     28     33     688.8     3.85527     3.65848
90     29     32     359.4     3.75101     3.76377
91     39     32     691.933     2.03407     3.76514
92     35     20     798.067     1.7101     2.7504
93     16     25     118.267     1.81564     3.09778
94     41     25     638.867     2.88411     4.07544
95     24     24     378     3.42235     4.70496
96     11     24     372.867     3.25678     4.40207
97     39     27     747     3.36007     3.66199
98     26     15     285.6     4.01581     3.30401
99     30     17     100.8     4.93175     4.54154
100     26     19     576.667     2.16076     3.39244
101     19     18     671.933     2.93858     4.19668
102     27     17     561.933     4.29801     3.25526
103     32     26     87.0667     2.06868     4.85717
104     9     17     567.533     4.12262     3.2094
105     29     32     579.667     2.47319     2.53677
106     28     28     618     4.08898     3.86502
107     25     27     756.6     1.53001     3.25488
108     41     24     159     4.26757     2.50221
109     21     28     453.667     4.79492     4.56893
110     22     27     195.067     3.89041     4.76119
111     34     28     718.4     4.14035     4.92058
112     41     18     756.867     1.583     4.14342
113     14     27     265.733     3.58139     3.29386
114     18     22     466.4     4.78498     4.32676
115     27     26     443.933     1.78968     4.18569
116     21     15     461.533     2.85644     4.29189
117     15     27     15     4.7947     2.88926
118     18     30     301.2     1.87396     3.76209
119     21     28     524.467     2.3714     3.58966
120     20     29     578.533     2.11237     3.95512
121     26     35     222.667     2.61803     2.77207
122     29     31     162.733     2.21491     3.64742
123     41     22     127.533     2.21865     2.94252
124     8     33     251.867     2.05042     3.05155
125     40     34     378.267     4.39468     4.16097
126     45     22     792.333     4.2586     3.00531
127     25     34     40.7333     4.04315     3.3871
128     25     29     685.8     3.98227     4.47363
129     26     26     238.4     3.06355     4.13869
130     44     15     177.733     1.78701     3.36329
131     13     15     437.8     3.3714     3.96191
132     9     31     245     4.76928     3.14959
133     17     28     48.4667     2.09859     4.71503
134     41     28     395     1.85057     2.8161
135     46     22     659.6     2.98334     3.16347
136     8     32     31.6     4.26063     2.60643
137     29     25     414.467     1.9451     4.38879
138     31     33     78.2     4.20615     2.58866
139     30     15     37.8667     2.84918     3.00874
140     32     24     354.533     2.22965     4.03233
141     32     28     716.4     3.95749     4.71084
142     21     15     209.8     1.75347     3.59798
143     21     20     500.867     4.06708     3.09771
144     18     32     167.467     2.31254     2.83898
145     43     31     648.733     3.83679     4.34591
146     38     19     714.533     1.97404     3.01607
147     29     34     335.8     2.30047     4.67589
148     30     25     612.133     1.9451     2.72431
149     39     21     172.733     2.56847     3.1357
150     18     16     710.267     2.86755     3.33247
