1     47     11     416.9     4.73745     2.66114
2     46     7     226.84     1.74023     4.9723
3     10     12     178.51     1.55533     3.85205
4     38     8     190.07     4.58641     3.84709
5     13     15     66.43     2.31938     4.0228
6     19     2     179.29     3.41989     4.85458
7     22     15     79.54     3.80869     2.66274
8     13     10     333.58     4.07701     2.6075
9     47     11     104.54     4.34971     2.50862
10     23     3     207.95     2.95589     3.50627
11     31     15     413.23     2.51698     4.82788
12     19     1     388.9     4.31115     3.67771
13     15     2     257.49     1.52222     2.51373
14     27     10     339.36     4.73627     4.72778
15     22     11     289.15     1.78979     3.49452
16     33     2     33     4.33422     4.80567
17     29     8     152.3     2.72121     4.45341
18     31     7     392.68     2.5737     4.98077
19     19     3     212.17     3.1457     4.86206
20     8     1     40.88     3.3354     3.43196
21     27     8     158.52     3.95898     3.82611
22     29     6     263.27     4.64335     4.95025
23     41     15     225.95     2.44969     4.74372
24     25     11     394.9     4.58524     3.2522
25     8     6     57.32     2.81286     2.77573
26     30     6     235.5     2.41978     3.60767
27     15     15     56.1     4.35131     2.62955
28     45     1     172.41     1.87214     3.27906
29     15     14     220.5     2.3637     4.15433
30     18     10     392.01     2.61536     4.77302
31     47     8     223.73     1.72153     3.24915
32     21     6     427.89     4.44125     4.40527
33     9     2     177.51     4.63234     3.0842
34     43     11     429.34     3.11707     3.67733
35     42     3     292.71     4.09079     3.13356
36     35     14     108.98     2.43089     3.46599
37     30     2     432.78     4.01762     3.521
38     17     11     45.77     3.92405     3.52535
39     25     8     74.32     3.08577     4.67818
40     14     2     231.83     2.31051     4.80125
41     31     6     409.12     1.73403     4.81552
42     46     7     296.71     4.08524     4.55802
43     45     3     57.33     4.36798     2.70508
44     8     7     197.06     2.8182     4.31829
45     21     3     403.23     2.74877     3.27677
46     42     1     124.2     2.13726     3.11464
47     38     6     276.38     3.56975     3.52588
48     35     10     355.58     2.39789     3.55434
49     42     4     362.58     2.2195     3.73432
50     47     1     326.48     3.54112     3.19597
51     14     11     67.43     4.23339     4.00357
52     39     11     363.69     3.13747     3.7392
53     38     10     309.26     3.43196     3.6005
54     46     13     103.54     3.62027     3.02629
55     14     9     281.15     4.24749     3.11563
56     36     14     307.26     4.2054     4.85725
57     18     2     46.77     4.23713     4.4335
58     47     5     149.75     1.99808     4.11595
59     23     7     68.21     3.28477     3.51627
60     21     14     247.05     2.28883     4.71038
61     24     6     114.42     4.489     3.49925
62     19     5     282.04     3.03514     2.82395
63     18     15     63.21     3.2398     3.09893
64     18     12     239.94     2.5314     2.98036
65     16     6     328.36     2.98195     2.83418
66     13     7     91.09     2.26672     4.42045
67     16     4     225.61     1.66631     4.05889
68     44     12     60.44     4.96977     2.79145
69     43     3     355.36     4.88849     3.3079
70     20     14     93.98     4.34063     4.64934
71     9     10     62.43     2.7147     4.45555
72     28     8     270.49     4.9718     4.77271
73     27     11     105.09     4.69622     3.68549
74     9     9     407.67     2.45428     3.79032
75     39     9     343.14     3.56954     4.77508
76     11     5     154.85     4.17389     3.62041
77     16     3     69.43     4.14591     4.68993
78     14     10     46.88     3.29257     3.22214
79     28     12     44.44     1.88688     4.49294
80     10     11     18.22     3.91871     4.66094
81     20     13     176.18     2.16866     3.06467
82     36     11     323.7     2.96496     4.48454
83     46     3     391.24     3.23243     3.63651
84     35     9     347.36     2.19227     2.91299
85     22     9     75.43     2.32354     3.13639
86     35     4     121.31     4.94349     3.34063
87     9     4     189.84     4.01805     4.34721
88     21     15     325.14     4.56185     4.65018
89     33     10     279.6     2.73521     3.3771
90     29     3     259.16     2.99968     3.83999
91     37     12     320.59     2.43997     4.94324
92     34     6     128.53     3.6128     3.96336
93     30     10     276.6     3.53098     2.96686
94     26     8     182.18     2.64281     4.88075
95     10     1     322.36     2.41636     3.98213
96     28     12     258.16     3.8871     4.32356
97     12     1     168.18     3.77857     3.35635
98     20     6     336.47     4.05651     4.27198
99     10     13     133.3     3.52435     4.32325
100     26     8     297.26     4.82002     2.64374
101     38     6     325.7     1.92395     4.82902
102     43     14     437.56     2.53696     2.79656
103     22     13     22     4.93762     4.69008
104     31     12     187.18     4.67774     3.34223
105     29     7     419.45     3.22826     3.06398
106     17     4     86.87     2.93025     3.27364
107     23     7     23     2.36402     3.7328
108     27     9     290.04     4.49541     4.90448
109     24     6     402.12     2.70573     3.19842
110     47     10     264.83     2.56932     4.62073
111     46     4     284.38     2.48355     4.09108
112     39     5     314.37     1.51357     3.94566
113     26     13     227.39     3.06078     3.88989
114     45     10     435.45     2.21235     3.41647
115     19     6     257.38     2.38485     3.95611
116     20     10     184.4     3.61728     4.27381
117     36     14     101.76     4.62615     3.87898
118     21     13     37.44     2.97981     2.96342
119     41     6     164.3     4.00363     3.63353
120     34     14     379.24     1.77163     3.45141
121     13     8     82.87     2.2994     3.55182
122     8     12     24.44     3.29171     4.85015
123     23     5     310.7     4.05939     4.6057
124     45     8     435.45     1.96101     4.3585
125     40     13     76.99     3.48173     4.00266
126     30     8     62.88     2.80549     3.01355
127     31     10     72.1     4.9937     3.59401
128     11     11     39.77     4.62561     4.25497
129     46     5     189.85     4.01431     3.59592
130     8     2     28.55     2.85356     2.80206
131     42     7     337.92     4.90696     4.12198
132     30     11     71.1     1.5988     3.84312
133     14     11     215.39     2.61643     4.52948
134     32     1     171.74     3.38026     2.53754
135     33     6     143.97     4.99648     3.07711
136     47     6     141.53     4.54582     3.83023
137     19     8     68.32     4.82269     4.39634
138     47     5     330.59     3.38015     2.57813
139     44     4     171.41     2.9937     4.77378
140     24     11     361.02     3.3997     3.99068
141     13     12     325.36     2.42053     2.74766
142     37     12     168.52     4.83486     4.38047
143     13     11     197.95     4.1019     2.51549
144     32     6     401.9     1.79983     4.72892
145     14     8     355.13     1.88816     2.65519
146     28     9     245.83     2.65072     4.56236
147     14     10     215.39     3.93303     2.65778
148     9     5     198.06     3.52948     3.64185
149     14     4     277.04     3.83155     4.77363
150     20     6     373.46     2.59677     3.96519
