1     42     38     443.31     1.70412     3.50681
2     12     29     598.04     1.5862     2.8283
3     15     13     371.72     2.39981     4.49614
4     26     11     331.76     4.627     2.68334
5     26     31     166.14     2.12412     4.76547
6     20     34     191.99     1.66599     4.75143
7     27     1     562.08     4.79022     2.50206
8     12     25     623.52     1.92534     4.12435
9     40     27     243.84     2.53813     2.68334
10     43     17     329.65     4.28306     4.62241
11     27     18     332.76     1.88966     3.53137
12     42     10     156.66     1.7712     4.15525
13     15     6     346.24     3.08994     3.28089
14     34     7     524.49     2.26148     2.89628
15     39     13     567.71     2.6364     4.75921
16     13     5     44.85     2.33807     4.2687
17     32     30     223.1     4.99637     2.77856
18     11     16     259.43     1.85815     3.74416
19     34     22     537.23     1.51047     4.34194
20     22     14     569.82     3.20028     2.95442
21     34     23     59.48     3.98515     4.1596
22     38     10     318.28     2.19964     4.11519
23     34     12     422.57     3.47137     2.97998
24     38     35     139.92     2.2712     4.76196
25     24     14     635.52     4.73211     3.73218
26     37     2     470.16     2.72047     2.79931
27     43     18     234.1     3.39586     2.98044
28     38     39     139.92     3.24097     4.36239
29     18     1     361.98     3.79887     2.6925
30     9     36     231.95     3.60019     4.49011
31     12     6     152.14     4.01474     4.8191
32     31     16     629.78     2.01282     3.11197
33     25     4     547.34     4.0705     3.68679
34     41     22     499.64     2.70103     3.84663
35     23     30     73.96     2.35121     3.70312
36     18     4     279.17     4.64228     3.11357
37     30     4     616.04     4.69227     4.87403
38     17     37     641.26     3.00513     4.55649
39     13     13     382.46     4.15787     3.63384
40     40     31     645.15     3.2727     3.77987
41     42     31     462.42     1.50822     3.98823
42     31     37     126.55     2.55255     3.39793
43     23     1     475.27     3.3542     3.96886
44     26     22     637.52     4.57488     3.39557
45     39     17     325.65     4.99818     4.90135
46     38     28     483.9     1.87812     4.30265
47     29     22     220.1     3.46411     3.48491
48     24     38     132.29     2.18255     3.17988
49     37     16     597.56     2.21448     4.18546
50     15     14     441.79     4.4498     4.91813
51     41     11     423.2     4.05383     4.44006
52     37     20     431.94     1.63149     3.84922
53     21     24     129.29     2.72111     2.6751
54     18     10     565.82     3.105     3.17011
55     11     12     144.77     4.66887     4.13625
56     9     37     601.41     3.29598     4.67933
57     24     30     138.66     4.0298     4.53055
58     16     26     270.8     4.98932     3.82534
59     45     13     216.99     1.77152     3.98198
60     36     39     195.25     2.82675     2.56821
61     40     16     466.79     2.53803     3.79902
62     11     38     348.61     3.99306     2.55356
63     8     12     536.71     3.17902     3.55464
64     33     38     39.37     2.08834     3.59859
65     36     34     163.4     4.46678     3.47865
66     12     33     133.03     2.18938     4.99084
67     37     15     349.13     4.00021     4.66315
68     15     38     365.35     2.59688     4.59983
69     15     18     250.69     1.79727     4.57984
70     43     1     508.01     3.27163     3.30088
71     36     33     176.14     4.5737     2.91017
72     17     6     87.07     2.45706     4.71122
73     41     28     353.13     4.20968     2.68815
74     25     18     25     2.49049     2.73873
75     15     24     320.76     3.90483     4.25512
76     46     10     300.8     3.80026     4.44395
77     12     29     419.68     4.51944     4.52727
78     8     2     122.66     4.59207     3.21276
79     15     9     378.09     3.60372     4.07605
80     25     40     585.56     2.72143     4.74387
81     31     27     617.04     3.61504     4.52055
82     24     38     297.91     3.25475     3.34681
83     37     1     285.43     4.82215     3.73264
84     9     35     639.63     3.71705     3.55388
85     29     10     194.62     3.89639     3.85441
86     43     18     74.85     2.52745     4.54337
87     41     28     671.63     1.69163     4.62851
88     8     33     632.26     2.62241     4.8764
89     14     40     39.48     2.71107     4.54032
90     41     36     53.74     3.26629     2.54547
91     37     9     234.47     2.76084     4.77363
92     39     16     554.97     4.54935     2.83593
93     27     9     320.02     3.29257     3.47743
94     43     32     253.21     3.57285     3.99976
95     9     20     302.02     3.43249     2.84692
96     40     12     492.27     3.32311     3.24175
97     29     10     86.33     4.69782     4.01524
98     27     37     447.42     2.73104     3.01851
99     24     9     297.91     3.90152     4.75898
100     26     18     612.04     2.92074     2.64977
101     38     33     260.95     2.24396     2.51556
102     18     5     330.13     1.64495     2.74232
103     41     38     327.65     2.59229     2.71393
104     23     39     226.84     3.90814     4.92599
105     29     18     538.6     1.94702     4.91607
106     16     8     538.34     3.27665     4.40275
107     37     40     603.93     3.59645     4.27282
108     24     24     367.98     3.87738     2.80793
109     45     2     586.45     3.45834     3.29134
110     22     33     531.6     2.58278     3.8844
111     15     37     269.8     3.1097     3.91522
112     30     18     354.87     4.88443     4.46829
113     38     31     515.75     4.00278     4.91676
114     46     38     651.15     4.453     3.28806
115     30     31     176.51     3.87001     4.60242
116     18     35     196.36     3.38667     2.57614
117     34     30     225.1     2.31553     3.83007
118     24     11     559.08     3.14676     4.9926
119     28     14     53.48     1.59474     4.3395
120     37     38     247.21     4.68052     3.36085
121     32     18     305.91     2.58065     4.89448
122     14     38     332.5     3.73147     3.21764
123     33     30     536.23     2.91839     2.73804
124     31     34     432.31     2.33828     3.17331
125     27     2     294.54     4.36734     2.8605
126     40     12     294.8     1.51933     3.08634
127     31     12     81.96     4.82974     2.57866
128     43     35     476.16     3.14666     2.54929
129     35     19     340.76     3.06825     3.92926
130     40     9     269.32     3.50566     4.68772
131     47     36     550.23     2.10959     3.87341
132     25     30     292.54     3.04347     2.77139
133     41     25     550.6     4.33689     4.81437
134     38     3     458.42     4.30517     4.63874
135     34     29     65.85     1.76843     2.92795
136     26     24     293.54     1.55544     4.9321
137     38     25     38     3.52499     4.30464
138     27     39     262.69     4.09069     2.64748
139     8     2     192.73     2.48355     3.90484
140     38     22     636.78     2.23563     3.99564
141     28     40     47.11     3.61985     4.82658
142     17     17     405.57     2.03012     3.07543
143     43     33     476.16     2.03685     2.8853
144     40     6     40     2.60105     2.86088
145     27     36     492.01     1.68223     4.00693
146     9     31     251.06     3.72388     3.9996
147     44     15     579.08     4.75219     4.4322
148     31     3     419.57     1.56996     3.92407
149     44     10     184.14     3.28349     3.73508
150     35     5     340.76     4.1426     3.7756
