1     11     1     472.36     4.2101     3.20475
2     8     10     288.32     2.95151     3.78803
3     32     20     189.68     4.29118     3.71319
4     34     25     407.76     2.05992     4.2671
5     16     35     109.44     2.24332     3.60164
6     11     14     63.56     2.32012     3.82015
7     25     13     538.92     2.95535     3.7328
8     27     10     289.8     4.90803     3.29653
9     44     2     166.64     1.76095     4.5056
10     47     24     368.2     1.83454     4.74708
11     40     1     367.04     2.39094     4.88884
12     22     40     243.92     1.99103     3.1135
13     23     27     507.72     2.11119     4.26649
14     13     22     316.68     3.3809     3.23054
15     23     6     285.8     3.54913     4.59624
16     35     8     572.28     2.54016     4.64011
17     18     3     29.68     4.20743     2.8798
18     45     28     418.76     2.64463     4.2185
19     39     17     74.04     2.16503     3.94665
20     43     7     101.4     2.80506     4.11573
21     31     31     445.64     3.96614     3.54915
22     40     23     279.44     3.54913     2.5074
23     25     38     77.56     3.19579     4.27114
24     30     34     339.52     3.99178     4.65957
25     38     37     610.32     3.24429     4.24848
26     25     12     200.2     4.69216     4.30494
27     37     26     404.92     3.75764     3.70235
28     47     37     531.72     2.19932     2.83326
29     33     32     570.28     3.27676     4.28487
30     47     17     239.72     3.28391     3.79246
31     22     35     80.4     4.06334     3.73722
32     38     14     359.2     2.85836     2.70341
33     47     38     239.72     1.61365     3.3607
34     27     10     272.28     2.58428     4.68726
35     27     6     482.52     4.36007     3.29951
36     45     2     372.04     3.6677     4.9041
37     27     4     523.4     3.05853     3.13669
38     23     36     484.36     1.84074     4.30548
39     14     23     370.24     1.86637     2.80221
40     11     30     291.32     2.03236     3.19887
41     14     31     452     2.60479     3.79383
42     20     20     25.84     3.72538     2.62429
43     24     27     561.28     1.71043     3.21001
44     26     7     113.6     2.50107     3.54404
45     47     28     438.28     3.37407     3.0961
46     10     16     21.68     4.27248     3.84457
47     10     24     284.48     3.3667     2.60193
48     43     17     183.16     3.20338     3.15073
49     17     32     273.96     3.0533     2.95312
50     35     20     227.72     3.81628     2.95312
51     36     3     240.4     4.59389     2.73377
52     8     26     446     3.28733     4.54733
53     45     17     50.84     4.83241     3.48247
54     31     37     71.88     3.92843     4.78576
55     41     16     490.68     1.87246     3.10045
56     24     30     537.92     3.3573     4.64217
57     10     10     208.56     3.84181     4.57228
58     40     17     367.04     4.35516     3.08893
59     16     28     512.4     4.84234     4.99886
60     30     28     514.72     2.41102     3.78597
61     19     17     258.44     1.58962     4.94354
62     22     12     495.04     3.45503     4.58319
63     43     14     516.04     1.73937     3.08985
64     33     31     249.08     1.77729     4.83444
65     9     35     464.52     2.89991     3.71273
66     11     3     116.12     2.13651     3.02492
67     19     16     246.76     1.83433     4.46135
68     28     13     197.36     2.05362     4.71046
69     19     6     474.52     2.34896     4.45471
70     16     11     337.2     4.29545     3.2693
71     25     17     36.68     4.36947     2.69028
72     47     27     152.12     3.54347     3.4669
73     12     29     356.56     2.20412     4.26443
74     21     1     529.08     3.2523     2.83258
75     37     38     504.2     2.49583     4.40558
76     35     30     268.6     3.19376     3.3491
77     45     14     161.8     2.36018     2.81999
78     12     3     47.04     3.18981     3.45462
79     34     35     612.16     4.71181     3.35017
80     33     10     465.16     2.03247     2.85707
81     29     6     64.04     4.27772     3.9452
82     13     21     129.8     2.09079     2.66137
83     47     6     286.44     3.79929     4.44403
84     10     13     74.24     2.10639     3.30851
85     47     35     70.36     4.4201     4.67147
86     18     5     228.24     2.67528     2.82762
87     46     11     192     1.76234     2.846
88     39     4     149.96     3.41818     2.90063
89     20     8     574.8     1.69088     4.30105
90     44     14     49.84     2.33775     2.73904
91     24     16     257.6     3.26405     3.01714
92     33     4     196.52     4.36392     3.27334
93     27     20     126.28     4.87214     3.46896
94     11     39     419.8     4.08556     4.1551
95     37     17     130.44     2.06398     2.78245
96     18     33     274.96     2.1709     3.57128
97     15     26     196.04     1.56067     3.20605
98     25     4     474.68     2.97522     3.3713
99     16     4     167.84     2.45631     4.8938
100     33     9     558.6     3.83518     4.50652
101     33     40     79.72     4.10692     4.0009
102     22     19     179.68     4.05127     2.78191
103     8     21     253.28     2.20658     3.59218
104     16     1     319.68     2.05832     4.92096
105     8     4     72.24     4.55116     4.86267
106     36     40     187.84     1.78253     4.94217
107     31     10     118.6     3.48953     3.67061
108     9     14     143.32     3.68607     3.34887
109     31     9     451.48     3.06185     4.88357
110     35     16     256.92     1.50021     4.13099
111     30     15     240.24     2.82653     4.53612
112     11     20     530.76     2.14473     4.57953
113     30     22     450.48     4.873     4.80117
114     13     32     13     2.33551     2.91353
115     22     34     337.36     2.02339     4.27259
116     17     9     168.84     2.37951     3.71952
117     15     30     476.36     3.22121     3.5612
118     19     29     299.32     4.65691     3.7035
119     16     31     494.88     1.60735     3.70312
120     35     26     443.8     3.79139     2.75521
121     18     39     397.6     4.28391     4.88006
122     13     5     398.44     3.50737     2.82563
123     20     4     475.52     4.76511     2.95274
124     26     4     288.8     4.17507     4.6157
125     8     23     329.2     3.11611     3.80673
126     29     28     169.16     3.04251     4.57862
127     44     37     90.72     3.77953     3.01042
128     31     12     247.08     3.65627     4.73441
129     19     33     427.8     1.58844     3.286
130     11     23     232.92     2.96774     2.79679
131     26     8     487.36     4.96817     4.79232
132     27     30     307.32     1.62914     2.61254
133     19     36     217.56     1.8244     3.22062
134     9     4     277.64     2.47543     4.91363
135     36     26     503.2     4.62006     3.2033
136     15     8     26.68     4.1943     3.38122
137     25     3     591.48     3.13811     4.53383
138     16     23     62.72     4.18329     3.52336
139     22     15     477.52     3.43345     3.70045
140     28     39     103.92     3.59539     4.36377
141     47     37     198.84     2.47127     3.23183
142     16     5     39.36     4.07082     2.94404
143     16     28     395.6     3.45322     3.85502
144     19     40     445.32     3.15734     4.13839
145     20     30     510.56     1.83113     4.46638
146     26     3     230.4     2.41765     3.2799
147     34     15     150.8     1.50833     4.91485
148     29     7     233.4     3.72388     4.1007
149     44     26     476.16     1.72816     4.09726
150     24     23     584.64     4.24055     4.48363
