1     42     10     323.28     2.55832     4.62027
2     40     12     294.91     4.38218     4.27999
3     17     1     219.17     3.47351     4.39268
4     26     7     175.43     4.6144     2.82746
5     26     15     37.72     4.4404     4.22666
6     16     4     215.24     3.08972     2.856
7     17     13     145.92     4.511     4.75738
8     41     14     84.95     4.66492     3.34323
9     20     9     145.99     3.60393     3.82466
10     37     5     324.14     2.16407     3.11289
11     23     11     160.71     1.75326     3.08466
12     43     12     321.35     2.97095     3.85319
13     41     10     158.2     4.04315     4.93377
14     18     6     217.24     1.8072     3.44623
15     44     2     175.85     3.23115     4.74426
16     23     12     105.04     4.7006     4.61104
17     25     13     150.99     3.05939     3.41418
18     29     3     275.12     2.6379     3.85838
19     26     9     113.9     1.75166     2.72774
20     32     2     201.94     3.40761     3.25823
21     45     6     299.91     2.19964     3.52977
22     26     15     198.87     2.62914     2.52029
23     8     9     66.6     3.33561     4.21155
24     31     6     312.28     2.46924     3.8863
25     39     13     185.5     4.19312     4.50995
26     16     6     33.58     4.54646     4.83482
27     32     2     251.75     3.1551     4.61882
28     27     2     41.65     1.52307     3.59943
29     32     15     184.36     2.88934     4.61264
30     33     5     296.7     2.38432     4.9984
31     27     12     29.93     3.47137     4.18271
32     39     7     238.24     3.90526     4.0772
33     31     15     195.08     4.69536     2.68632
34     13     1     71.6     2.80474     2.56386
35     9     3     202.38     3.57189     4.50804
36     18     9     117.62     3.08759     3.13662
37     40     15     113.25     4.51346     4.73319
38     23     2     61.09     4.57381     4.00349
39     13     1     112.62     3.70786     2.63443
40     39     14     138.62     4.11515     3.79521
41     25     10     130.48     3.67838     2.97082
42     46     13     171.99     2.49957     4.27038
43     23     4     134.34     2.03204     2.59857
44     47     9     228.66     3.04347     3.33285
45     30     2     191.15     3.39511     4.89547
46     43     8     92.81     1.87001     3.362
47     8     8     274.63     2.036     4.49667
48     41     9     216.8     4.87684     4.85496
49     37     12     321.21     1.67614     4.84405
50     41     5     76.16     4.88977     2.88202
51     41     7     125.97     2.48772     3.54694
52     8     2     145.71     3.00481     3.85426
53     25     1     150.99     4.27932     3.05666
54     15     7     223.03     4.11782     2.60331
55     26     1     286.77     4.86894     4.15227
56     27     7     82.67     4.14057     4.77409
57     35     13     78.95     4.14473     4.73952
58     31     12     133.55     3.90547     4.52994
59     22     4     212.45     3.31275     3.96252
60     13     12     300.14     4.25764     2.57012
61     27     1     79.74     2.83283     4.12702
62     33     2     284.98     3.33348     4.46005
63     28     4     274.12     2.54134     2.93718
64     15     13     287.49     3.0282     4.27351
65     34     12     151.2     3.96187     3.54427
66     23     4     37.65     3.64954     3.54808
67     15     2     296.28     4.30303     4.90799
68     16     8     92.18     4.25988     3.05277
69     26     12     266.26     3.14463     4.96994
70     26     6     108.04     1.70551     4.86778
71     22     3     241.75     4.31008     4.14083
72     19     4     98.11     2.33358     4.77706
73     43     9     122.11     2.42705     4.09825
74     35     15     90.67     4.39596     4.97391
75     36     3     264.54     3.17603     4.39901
76     31     7     63.23     3.64121     4.57785
77     23     8     245.68     3.72517     4.40199
78     26     7     90.46     4.59421     2.96525
79     24     13     117.76     3.35356     3.00523
80     15     9     73.6     2.52254     3.41189
81     46     12     245.24     2.26223     3.69449
82     41     1     263.68     2.59101     4.54749
83     45     14     132.9     2.57146     4.90455
84     44     9     269.61     2.70327     4.62378
85     26     15     283.84     4.50694     3.19277
86     9     5     290.28     3.03151     3.59455
87     26     13     87.53     4.77248     4.22613
88     13     13     130.2     3.73254     3.00813
89     35     5     158.06     4.11055     4.07933
90     10     14     288.35     4.85281     3.71242
91     9     7     137.92     3.05063     3.34651
92     45     11     86.02     4.91978     3.87249
93     43     6     277.4     3.34437     4.06507
94     46     10     274.54     1.72132     4.80071
95     35     3     117.04     4.58898     4.45181
96     36     7     53.58     2.27291     4.59929
97     26     3     140.27     3.03739     3.95192
98     38     1     117.11     3.47105     4.61547
99     41     14     55.65     3.09677     3.60012
100     43     4     113.32     2.9358     3.70876
101     17     10     55.09     3.01367     4.19485
102     27     14     217.45     1.53974     2.83166
103     21     9     111.83     3.74728     4.78416
104     35     8     301.63     4.62529     4.92164
105     26     8     248.68     2.52991     3.96481
106     13     7     121.41     4.40782     2.60605
107     30     13     176.5     2.61504     3.99358
108     29     6     275.12     3.06879     3.72074
109     14     8     119.48     4.21299     2.71104
110     22     7     262.26     3.0345     4.63904
111     46     1     142.69     4.61365     3.27784
112     35     6     234.24     2.94253     3.91469
113     37     6     256.75     3.99722     4.22361
114     30     1     267.33     2.79652     3.73737
115     14     13     52.09     2.9326     4.80834
116     13     11     188.8     4.30795     4.1995
117     8     10     224.82     2.06227     3.1959
118     8     4     201.38     2.92491     2.8769
119     47     12     82.16     3.97586     4.94095
120     28     11     36.79     3.04988     4.72137
121     33     12     226.38     3.27024     4.28709
122     11     8     216.1     3.94285     4.76516
123     33     10     182.43     3.29823     3.27868
124     25     8     312.14     1.81404     3.63926
125     32     10     34.93     3.6034     3.68465
126     40     1     101.53     4.60276     3.40312
127     23     6     154.85     3.54379     4.23437
128     46     14     312.63     3.44424     3.68732
129     39     13     129.83     4.60179     3.16691
130     34     13     60.37     2.32418     3.14859
131     9     6     47.09     4.38272     3.59249
132     26     5     184.22     4.42021     3.73745
133     30     3     88.6     3.30026     4.1657
134     8     15     110.55     4.13128     2.77818
135     40     9     130.83     2.94916     2.57233
136     32     11     254.68     2.29449     2.86157
137     38     11     117.11     3.16642     4.32829
138     44     15     295.98     2.58983     4.54993
139     44     10     85.02     4.77879     4.39032
140     40     6     297.84     3.13095     4.39459
141     25     3     233.03     4.03824     4.08055
142     22     12     168.5     4.24557     3.26586
143     16     8     180.08     3.24567     3.32224
144     44     1     266.68     4.44136     4.99626
145     8     14     69.53     2.56088     3.18903
146     33     3     135.55     2.06088     2.83448
147     36     11     241.1     4.50085     3.76614
148     35     7     149.27     2.62316     3.71426
149     27     7     100.25     3.12497     4.82391
150     36     9     147.34     3.85292     2.83319
