1     10     28     87.56     3.61728     4.09383
2     44     23     1140.92     2.19344     4.36033
3     42     15     584.92     3.42758     3.60988
4     10     24     65.4     2.31361     4.68055
5     39     32     593     2.23798     3.77361
6     9     28     917.56     3.11643     3.68854
7     29     18     860     4.71288     4.52162
8     15     22     391.72     4.25134     4.09818
9     29     15     992.96     4.17785     4.15014
10     21     30     486.36     2.18436     4.50735
11     18     27     1081.68     3.85228     3.81695
12     43     17     962.64     2.02467     4.05637
13     45     31     599     1.76928     4.85618
14     42     25     806.52     3.53771     4.8983
15     42     15     507.36     2.38314     3.90469
16     9     29     984.04     3.34608     4.98268
17     16     23     270.84     2.36392     3.34208
18     8     29     74.48     2.81916     3.6507
19     29     34     394.64     3.08022     4.5423
20     8     30     229.6     4.14869     2.54395
21     23     35     709.96     4.26907     3.93818
22     25     34     1121.92     1.61237     4.32463
23     12     16     244.68     3.39297     4.3984
24     10     17     1018.28     3.02553     4.20904
25     36     21     922.4     4.18543     4.41702
26     37     28     1034.2     4.37898     4.31303
27     18     33     394.72     2.88304     2.61513
28     23     20     56.24     1.66578     3.31057
29     14     25     867.16     4.64527     2.55593
30     29     21     106.56     4.89543     3.90423
31     45     17     920.32     3.66193     2.87103
32     42     16     740.04     1.79331     3.10839
33     40     19     893.16     3.94873     2.70005
34     26     24     258.68     4.19163     2.84486
35     33     26     442.96     3.82878     4.94301
36     19     34     440.04     2.1034     3.35131
37     25     34     457.12     3.60276     4.82406
38     30     22     539.68     3.98782     4.40191
39     21     22     76.4     4.90696     3.76904
40     42     34     319     2.20038     4.34011
41     20     30     507.52     1.75721     3.59485
42     33     24     77.32     3.63213     4.42526
43     42     29     274.68     1.78242     3.51108
44     17     34     992.04     3.03546     3.48964
45     17     35     770.44     4.14356     4.93469
46     28     23     271.76     4.03813     2.9104
47     18     35     162.04     4.14132     4.11695
48     25     32     977.88     3.84405     4.39169
49     16     32     758.36     3.51132     2.58278
50     17     27     571     4.6223     3.06093
51     30     27     30     1.90632     2.88308
52     35     24     965.72     2.5831     3.37703
53     20     35     1061.52     4.56633     4.65865
54     16     20     725.12     3.74151     2.85081
55     22     20     974.88     4.1756     3.51733
56     39     15     1091.6     3.36883     3.57852
57     21     33     508.52     3.40803     2.7237
58     26     21     535.68     2.63063     4.08719
59     12     22     366.56     4.65926     2.70089
60     32     26     995.96     2.91401     3.99304
61     20     27     718.04     1.96657     3.34468
62     25     20     922.48     2.33999     3.97237
63     33     22     609.16     3.11707     4.15113
64     21     27     1018.2     4.96593     3.54434
65     42     34     673.56     4.94136     4.65545
66     13     18     145.96     4.17283     4.16707
67     29     30     704.88     2.29662     2.6841
68     8     19     694.96     3.243     2.64542
69     16     33     414.88     2.73692     2.91971
70     15     19     724.12     3.12262     4.85229
71     25     20     789.52     4.87001     3.27715
72     42     31     252.52     2.87332     4.76104
73     40     21     594     3.40216     4.09375
74     9     32     330.32     2.31104     3.792
75     8     31     639.56     3.3714     2.63092
76     20     28     607.24     3.33155     2.97006
77     17     20     637.48     1.56655     2.88865
78     35     18     1131.92     2.92502     2.89583
79     16     32     769.44     1.63512     3.23244
80     14     28     723.12     2.37642     4.02844
81     14     31     246.68     3.37834     4.33287
82     39     35     991.88     4.65467     4.78141
83     45     35     576.84     4.73296     4.91729
84     43     27     763.2     3.48836     4.93103
85     30     27     406.72     2.44168     2.83464
86     12     15     211.44     2.6301     4.33676
87     30     24     1115.84     1.9107     3.93216
88     18     33     383.64     2.30688     4.47462
89     20     16     385.64     4.75454     3.74485
90     45     17     765.2     1.85965     2.78283
91     36     29     1011.04     2.02745     4.49751
92     29     16     239.52     4.56857     4.82025
93     47     34     468.04     4.64548     4.91905
94     35     15     555.76     3.66727     4.2365
95     33     31     609.16     2.49156     2.86966
96     37     34     768.28     2.04369     3.05574
97     26     26     336.24     2.71203     3.28013
98     13     30     954.8     2.62925     4.77218
99     14     18     523.68     3.69857     3.90385
100     18     16     660.64     4.47458     2.75803
101     21     16     508.52     2.75774     3.88112
102     38     24     625.24     4.51292     3.98495
103     19     32     573     2.46902     2.6162
104     15     22     1034.36     1.51228     3.05612
105     33     20     332.16     1.72954     3.9671
106     31     30     130.72     2.2132     4.05301
107     10     15     1018.28     2.98601     3.24679
108     19     26     827.84     1.6552     2.69288
109     39     34     227.36     4.15552     4.53841
110     39     15     836.76     4.19056     3.79994
111     11     19     177.2     3.232     3.32156
112     16     35     326.24     4.68543     4.08826
113     16     16     481.36     1.58214     4.41237
114     25     30     113.64     3.40825     2.75742
115     16     25     248.68     2.42694     2.715
116     47     30     301.84     2.1066     4.9012
117     13     32     145.96     4.51228     4.28655
118     45     22     953.56     2.27024     2.72752
119     26     18     147.88     4.96582     2.71317
120     41     32     273.68     2.08214     4.59258
121     47     35     1077.44     4.34213     3.30058
122     45     24     443.88     2.55811     4.34553
123     25     21     324.16     3.35527     2.57523
124     39     30     238.44     1.87172     3.4875
125     23     28     986.96     1.79876     3.09923
126     41     31     406.64     2.36905     3.64193
127     23     24     554.84     3.15253     3.59691
128     25     29     900.32     2.26917     4.33782
129     39     32     227.36     3.87823     4.39459
130     42     30     950.56     3.55319     3.60546
131     36     31     257.6     2.40162     3.17225
132     34     17     443.96     4.54016     3.88462
133     46     28     1098.6     3.28242     3.52847
134     18     33     450.12     1.65093     3.24526
135     34     20     222.36     2.57157     3.8567
136     17     34     703.96     3.85943     4.42084
137     23     23     521.6     3.35665     4.03531
138     17     28     1080.68     3.83091     4.15357
139     41     19     982.8     1.9937     4.92912
140     40     21     51.08     3.74856     2.8534
141     41     26     262.6     4.52756     3.20414
142     8     24     683.88     4.82685     4.56809
143     35     24     589     3.29897     3.95459
144     16     23     935.64     2.51292     4.76646
145     23     30     698.88     4.74012     3.64177
146     41     20     872     4.87556     3.43432
147     41     20     373.4     3.35591     3.34674
148     17     27     194.28     4.1803     3.48285
149     17     27     1058.52     3.39532     4.83451
150     20     18     341.32     3.15424     4.46875
