1     22     29     601.105     2.67795     4.25016
2     32     21     508.91     2.2821     3.49063
3     24     27     137.55     2.25037     4.83886
4     15     22     605.46     4.33786     3.3829
5     10     29     282.52     2.74215     3.31507
6     34     32     1078.66     3.52916     4.11908
7     9     33     610.815     3.78658     3.05254
8     17     20     1038.95     2.36691     4.93843
9     15     18     435.135     3.82952     4.03157
10     16     20     754.075     3.4389     3.97679
11     26     34     207.68     2.33102     3.12243
12     38     33     583.04     2.2054     3.7067
13     45     27     260.745     4.15339     4.68131
14     25     16     819.85     2.9812     4.18851
15     29     28     392.36     1.63768     3.95772
16     15     25     889.335     2.10585     4.13533
17     45     15     635.46     4.36766     3.31622
18     22     30     578.395     4.801     4.78996
19     43     32     383.65     4.61985     3.76904
20     22     25     816.85     2.2147     4.11412
21     9     35     485.91     4.50385     4.32173
22     33     18     407.715     3.15499     3.79055
23     37     26     354.94     3.28701     4.1316
24     42     34     825.495     1.50897     4.0376
25     41     17     631.46     4.40921     4.97833
26     19     17     336.94     1.85035     3.73585
27     35     32     670.88     3.68319     4.04714
28     13     33     682.945     1.73467     3.36787
29     22     26     635.17     4.18383     4.52467
30     44     16     464.135     4.18126     3.26998
31     39     34     1049.6     1.82386     4.00685
32     9     24     372.36     4.34362     4.69695
33     34     28     340.585     4.61824     3.21993
34     30     25     518.265     2.86648     3.69839
35     27     34     95.13     1.63405     2.55348
36     13     18     944.11     3.93121     2.80892
37     28     33     1027.24     4.13085     3.90637
38     10     20     748.075     4.98761     3.04987
39     29     32     528.62     4.88528     2.8444
40     36     15     728.655     2.674     3.74332
41     32     21     963.11     2.70551     3.57158
42     32     31     804.14     4.42534     2.63955
43     33     27     964.11     4.63277     4.21323
44     21     26     634.17     3.76714     3.85655
45     36     33     660.525     2.3291     4.91142
46     17     33     630.17     3.29833     3.63124
47     15     18     719.01     3.15424     3.73325
48     43     16     1121.73     4.86157     3.88501
49     43     24     372.295     3.92886     2.89186
50     39     25     901.98     1.8997     3.59973
51     23     26     1056.31     1.88592     2.77924
52     30     30     461.49     2.00192     3.0076
53     14     25     593.105     4.30987     3.8123
54     35     25     239.39     2.63501     3.09336
55     20     25     133.55     1.86135     3.5905
56     47     15     274.1     4.0642     2.90819
57     36     24     626.46     3.59261     4.36735
58     46     32     295.81     3.45962     4.69695
59     37     22     320.875     4.14762     3.33277
60     23     15     795.14     1.69227     4.33775
61     24     23     1080.02     2.15082     3.20971
62     15     27     764.43     1.81585     4.59365
63     36     22     1057.95     3.28381     3.16134
64     31     15     576.04     2.73681     3.67725
65     42     17     428.07     4.54849     2.51267
66     42     29     1063.95     2.07146     4.1277
67     42     17     121.485     1.71822     4.78317
68     32     24     792.785     4.69163     4.50018
69     20     17     973.82     2.47714     4.53253
70     46     30     1011.18     1.95599     3.86738
71     15     25     83.13     3.24578     4.51926
72     27     30     560.685     2.13138     4.13465
73     22     16     135.55     3.19451     3.17095
74     29     33     608.105     3.49904     2.66655
75     30     33     529.62     2.94542     4.8677
76     34     26     45.355     4.64997     2.72645
77     33     31     453.135     1.96048     3.03774
78     31     18     246.745     2.96742     4.22826
79     46     29     693.235     1.61803     3.56563
80     36     17     524.265     2.29662     4.80117
81     47     35     557.975     3.47607     3.51306
82     22     21     669.235     1.80261     3.66626
83     17     20     175.97     2.72356     2.65198
84     44     25     1009.18     4.51474     3.32644
85     39     33     84.42     4.81959     2.8103
86     34     23     68.065     3.55886     4.06804
87     16     15     992.53     2.31863     2.53006
88     25     19     467.845     2.07808     3.77529
89     45     16     1055.6     2.88517     4.53825
90     13     33     1057.66     3.83967     3.05742
91     12     28     125.55     3.49402     3.52985
92     38     26     1150.79     2.52969     3.18789
93     15     26     253.455     1.8197     4.26366
94     47     15     512.555     4.73617     4.35659
95     37     33     93.775     2.81222     4.97047
96     10     29     520.975     2.61824     4.23421
97     8     21     518.975     2.96069     3.57372
98     11     19     1089.73     4.76426     4.34904
99     22     19     862.27     4.74493     4.22292
100     40     19     925.69     2.73595     4.27671
101     8     15     291.875     1.77345     4.13892
102     47     28     785.075     2.80197     3.64177
103     22     21     1146.15     4.61045     3.27242
104     32     29     1088.02     3.85633     4.43274
105     9     21     485.91     2.28861     4.27488
106     30     31     1142.79     2.02724     3.62812
107     15     19     117.195     3.01122     2.78108
108     43     21     769.72     4.47127     3.63697
109     35     15     1147.79     3.53995     3.00554
110     41     18     1097.02     3.35559     3.04979
111     42     18     961.755     2.77152     3.65017
112     26     33     616.46     4.52873     2.70394
113     31     33     803.14     3.5015     4.12526
114     41     29     915.335     2.37695     4.55992
115     32     18     474.845     2.37481     3.58257
116     22     25     964.465     2.37011     3.39084
117     46     28     159.55     3.02532     2.76124
118     46     18     398.005     3.79363     3.78491
119     33     33     634.815     3.4012     3.64566
120     8     19     1120.79     2.16823     4.95933
121     10     31     1134.15     2.77889     4.43648
122     9     23     940.11     4.35794     3.38755
123     47     34     126.485     3.96475     4.83352
124     17     27     891.335     3.86424     3.2387
125     11     18     510.62     3.68265     4.13175
126     20     29     122.195     3.80923     4.62935
127     12     17     557.04     2.65136     4.62928
128     35     27     761.72     3.60511     4.6881
129     43     26     1064.95     3.84736     2.84829
130     8     28     166.97     1.81179     3.93262
131     39     27     300.165     2.45631     3.56807
132     45     19     1089.66     4.6818     2.95892
133     34     21     499.555     2.51175     4.17074
134     37     26     161.905     1.89233     4.44357
135     10     34     577.75     4.22132     4.29929
136     42     16     439.425     3.96603     2.9577
137     33     25     33     3.98013     3.32873
138     21     20     849.915     4.87727     2.59445
139     13     20     410.425     3.57231     3.14882
140     33     15     350.94     2.84811     4.90822
141     25     20     944.755     4.05939     3.76026
142     33     18     907.335     2.33016     4.66628
143     19     34     41.71     1.85687     4.18218
144     21     15     872.625     4.17464     3.41395
145     44     15     384.65     4.49733     3.67367
146     25     21     411.07     4.98975     3.35093
147     27     22     685.59     3.08193     3.26632
148     13     24     137.905     2.18543     4.02104
149     18     26     563.04     2.91925     2.61032
150     22     24     135.55     4.70658     4.31417
