1     28     2     128.32     3.64538     4.65758
2     26     10     257.04     4.59528     4.80735
3     37     23     40.04     3.39532     4.00693
4     32     24     62.4     3.03952     4.10375
5     31     36     143.48     4.68394     4.41847
6     23     18     95.96     1.60083     2.51335
7     37     2     97.8     2.20615     2.66068
8     9     11     100.2     3.51869     3.0269
9     44     38     241.6     2.66268     3.83786
10     8     34     53.6     2.7711     2.54173
11     8     18     260.32     2.89927     3.23458
12     40     12     158.56     1.8088     3.86364
13     22     20     37.2     1.73211     3.47514
14     40     8     103.84     3.47383     3.02141
15     16     29     180.16     3.46229     4.49355
16     22     34     222.64     1.60746     4.3939
17     36     3     321.76     2.57659     3.81664
18     40     17     97.76     1.84544     3.64895
19     37     40     79.56     2.13608     4.66048
20     27     25     130.36     2.59955     3.49612
21     24     9     309.76     2.85249     4.33782
22     23     10     208.44     2.72848     4.75059
23     40     16     82.56     4.85185     2.97906
24     8     15     71.84     4.39457     2.71004
25     11     35     41.4     4.62529     2.56577
26     39     39     288.28     4.10906     3.84487
27     11     18     278.52     4.66845     3.7759
28     31     7     304.6     3.46432     2.79908
29     22     29     210.48     4.30688     3.14219
30     25     31     259.08     4.55415     4.70565
31     38     11     147.44     3.21032     3.02293
32     9     32     264.36     4.08075     2.81259
33     25     20     61.48     3.59368     4.38528
34     47     12     98.68     3.64965     3.92361
35     18     33     267.28     4.10521     4.90043
36     31     7     280.28     4.75262     4.14876
37     31     14     113.08     2.90355     4.85244
38     16     38     85.92     2.43709     4.96979
39     33     23     273.16     2.92074     3.35864
40     24     7     252     2.16385     4.61669
41     23     8     266.2     1.81361     4.90303
42     31     1     219.48     3.85195     4.7573
43     19     35     289.56     1.60265     3.68145
44     16     15     231.84     2.11066     4.99924
45     35     14     138.36     2.99786     3.26044
46     20     9     89.92     2.66033     2.70425
47     9     10     100.2     1.91241     4.04775
48     38     3     229.52     2.4389     3.11541
49     44     30     259.84     2.16407     3.57517
50     15     4     69.72     3.39735     4.79629
51     21     10     39.24     2.36392     4.59479
52     44     24     110.88     3.98184     2.88285
53     42     36     136.24     2.4921     3.48666
54     27     15     236.76     3.30389     2.64855
55     39     6     136.28     2.16193     3.98007
56     34     20     325.84     3.99754     3.38038
57     40     5     64.32     4.57082     3.68625
58     24     22     182.08     3.26437     2.5689
59     40     28     49.12     1.63875     3.44424
60     42     19     221.36     3.60628     2.91025
61     21     40     112.2     3.3354     4.47943
62     15     24     273.4     4.74461     4.62012
63     10     34     292.72     2.69248     3.37352
64     36     10     72.48     4.72826     3.06101
65     44     31     165.6     2.50587     4.84855
66     17     40     287.56     3.22837     4.18195
67     45     3     236.52     2.22399     4.8619
68     18     38     160.88     3.52083     2.76986
69     12     18     106.24     4.52371     4.01509
70     15     4     81.88     2.65595     3.51451
71     18     37     218.64     3.07445     3.77407
72     21     5     185.16     4.81639     4.8851
73     38     11     83.6     3.98921     3.00249
74     34     8     258.96     1.86125     3.31996
75     43     6     280.12     3.96315     4.80766
76     29     19     159.72     1.55939     2.72851
77     13     2     265.32     2.09977     3.69839
78     20     35     178.08     2.00887     4.30555
79     40     33     176.8     3.4247     3.05582
80     35     37     190.04     3.24439     4.1583
81     17     1     223.72     3.58684     2.91696
82     12     32     91.04     3.53215     3.74577
83     26     20     263.12     3.74674     3.06978
84     26     8     299.6     4.85292     3.13097
85     18     32     227.76     3.15339     3.96199
86     44     5     89.6     3.0706     4.54512
87     27     29     276.28     4.40728     2.92116
88     25     2     295.56     4.79139     3.76453
89     18     17     303.76     3.41188     3.18865
90     14     31     175.12     4.40707     4.30036
91     26     15     83.76     2.51218     3.26472
92     33     39     151.56     1.82856     4.40031
93     18     28     157.84     4.82119     4.06682
94     26     10     223.6     4.90558     4.36315
95     19     25     213.56     3.73296     3.90049
96     44     28     162.56     2.53333     4.16585
97     43     35     179.8     2.62444     3.74264
98     24     12     127.36     2.94852     3.90271
99     12     6     145.76     1.74375     2.83677
100     19     14     213.56     4.21128     4.53749
101     37     22     43.08     4.78658     4.60181
102     27     2     315.8     1.87481     3.96786
103     24     28     188.16     3.15947     2.85218
104     22     11     113.2     2.3432     3.40243
105     27     32     261.08     4.43153     3.33171
106     19     25     301.72     3.41647     4.05011
107     40     33     198.08     3.47266     3.05856
108     38     39     256.88     1.52222     4.12183
109     44     22     189.92     4.77996     4.98413
110     41     22     117     4.63662     3.64551
111     19     8     243.96     4.99145     2.96304
112     46     24     55.12     1.89094     4.59265
113     34     22     128.24     2.08673     4.53726
114     30     13     154.64     1.86712     3.81779
115     36     8     309.6     3.27665     4.03088
116     29     17     278.28     3.07968     3.81062
117     38     12     238.64     3.57851     3.45889
118     35     20     86.68     1.6458     3.76041
119     27     4     203.32     1.58     3.74775
120     44     25     162.56     4.64313     3.43272
121     33     38     39.08     3.39084     3.7685
122     41     8     41     3.65413     4.85931
123     42     11     194     4.28092     4.68253
124     21     4     84.84     2.99872     4.3395
125     44     33     329.76     4.0063     4.59967
126     17     21     126.44     4.65435     4.75517
127     9     33     282.6     3.32386     3.54923
128     9     39     109.32     2.36328     3.19735
129     39     9     197.08     2.69141     3.76286
130     44     34     171.68     2.42747     3.90606
131     9     26     243.08     3.15691     2.77032
132     16     24     313.92     4.69131     4.02181
133     36     27     139.36     2.43442     4.30784
134     12     10     246.08     3.21075     4.65026
135     44     13     126.08     3.66802     4.53856
136     12     11     279.52     3.11184     4.73914
137     44     21     244.64     1.88272     3.58592
138     24     27     261.12     4.63469     2.76788
139     33     13     227.56     4.12348     4.8796
140     13     13     292.68     3.36637     3.74943
141     24     3     212.48     2.7806     4.813
142     43     25     213.24     3.16076     4.04454
143     20     1     102.08     3.60457     2.7147
144     45     27     87.56     3.2461     3.98885
145     41     3     126.12     3.40622     3.6314
146     28     27     164.8     1.51933     3.33262
147     43     13     109.88     4.94595     3.92331
148     37     35     192.04     3.52959     4.49225
149     40     10     310.56     2.50961     4.67292
150     38     4     329.84     2.14676     3.61484
