1     27     3     227.02     3.94221     3.69915
2     20     11     148.78     2.6458     4.6366
3     26     8     130.12     3.70028     4.33073
4     11     2     87.72     4.50684     4.70931
5     36     5     153.82     2.12572     4.62134
6     30     15     232.76     2.88881     4.55298
7     30     7     147.82     4.70103     4.86389
8     13     10     245.9     3.76757     4.18477
9     37     14     242.5     2.23029     3.36673
10     22     5     246.68     1.94745     4.12282
11     23     14     86.02     2.90077     2.75262
12     41     4     109.5     1.96603     3.09091
13     16     10     210.54     3.52969     4.06987
14     27     5     259.9     2.68596     3.53648
15     47     1     164.82     1.50064     3.71601
16     15     10     286.26     1.5737     4.9604
17     15     15     94.46     1.88646     3.17446
18     16     2     125.6     4.66706     2.55936
19     30     3     139.6     2.25935     4.06339
20     25     14     30.48     3.7288     3.68183
21     25     7     260.64     4.1897     3.49651
22     21     1     89.5     4.58898     4.59456
23     14     9     263.34     2.43057     4.75776
24     23     13     291.52     1.67389     2.56325
25     32     11     179.96     4.29214     3.28654
26     20     8     225.5     3.72335     3.24526
27     15     2     31.44     2.20071     2.97769
28     44     5     222.1     2.19408     3.39412
29     45     1     313.52     4.44819     2.79206
30     12     5     12     4.8526     3.87753
31     43     3     267.68     1.62636     3.68053
32     31     9     291.3     1.55341     3.00745
33     26     1     89.02     1.75091     3.32026
34     24     12     171.96     2.20701     2.6825
35     10     10     166.18     4.57157     3.6639
36     34     5     302.52     3.43324     4.84313
37     14     15     244.16     2.56986     3.80039
38     32     5     67.62     2.90333     3.23908
39     13     6     45.88     1.64537     3.12906
40     29     15     212.58     1.86926     3.00974
41     35     7     191.18     1.98836     4.84611
42     37     4     157.56     2.88079     3.07634
43     30     11     238.24     2.14003     4.74311
44     18     10     215.28     2.68928     3.84739
45     10     2     185.36     1.74108     2.81831
46     41     5     295.82     4.83988     2.73598
47     13     6     103.42     2.96731     2.70112
48     10     10     251.12     2.95044     4.99023
49     44     7     142.64     3.65178     3.88752
50     27     11     153.04     4.67902     4.83512
51     12     9     244.9     3.09667     4.28953
52     14     13     145.52     1.87706     4.42854
53     18     7     141.3     3.07028     3.09618
54     14     8     82.5     2.43239     3.12815
55     35     5     106.24     3.99306     3.94765
56     46     1     155.6     4.79791     4.57198
57     28     6     258.16     3.3104     3.42135
58     26     3     69.84     2.70786     4.07018
59     12     11     72.28     3.05362     4.83085
60     20     11     55.62     2.58342     3.81123
61     45     1     75.14     2.08737     4.83718
62     40     10     133.16     4.62348     3.37863
63     31     14     241.98     4.54593     2.87255
64     41     4     260.2     3.58406     3.0813
65     29     6     209.84     2.45524     3.37725
66     34     14     99.76     2.24567     2.59621
67     46     10     224.1     2.54486     3.3475
68     29     3     81.06     2.56697     4.9234
69     21     4     281.3     2.7445     2.69753
70     15     2     36.92     2.52692     3.1534
71     9     13     244.64     2.37075     4.93324
72     34     11     214.84     2.15392     2.54769
73     13     5     196.58     3.99947     3.13822
74     18     14     187.88     4.74268     2.93085
75     9     10     110.38     3.52638     3.77331
76     33     14     211.1     2.75838     3.89592
77     40     11     133.16     3.41562     3.28684
78     19     15     213.54     4.42897     2.82182
79     24     4     180.18     3.63459     2.5396
80     42     15     181.74     3.02371     3.20368
81     45     5     280.64     1.7775     4.04042
82     43     15     125.2     4.32055     3.29493
83     39     13     66.4     2.37588     4.49507
84     47     3     129.2     3.75999     2.56294
85     23     6     206.58     3.89639     2.66778
86     20     3     121.38     4.28744     3.45637
87     38     13     238.02     1.92608     2.55539
88     9     2     25.44     4.88197     3.48491
89     37     14     215.1     1.54646     4.37284
90     29     11     42.7     1.77313     2.61246
91     22     10     156.26     3.89329     3.35269
92     9     3     258.34     2.34608     3.46187
93     18     5     193.36     1.9044     3.85609
94     17     7     132.08     2.732     4.33241
95     41     1     62.92     2.75593     3.79696
96     15     10     198.58     2.58866     2.53014
97     37     9     67.14     3.48494     4.37796
98     16     13     62.58     4.56644     3.01042
99     15     15     105.42     3.79994     2.63932
100     37     15     132.9     1.96272     4.83283
101     33     9     123.42     3.57936     4.32058
102     27     12     54.4     3.56441     2.92863
103     26     13     193.14     2.5565     4.53406
104     36     4     170.26     4.67614     2.68136
105     21     14     177.18     2.19301     3.75103
106     28     7     225.28     2.33764     4.81918
107     10     15     160.7     2.73937     4.10123
108     12     14     105.16     2.22816     3.1193
109     27     12     51.66     2.48259     3.48331
110     35     5     98.02     3.25817     4.92683
111     16     4     172.18     2.68233     4.98939
112     8     7     76.5     1.84822     4.4837
113     12     9     277.78     4.19344     4.14083
114     24     15     193.88     1.89639     4.07178
115     30     10     147.82     2.77686     3.93765
116     46     1     207.66     2.43228     2.96808
117     10     7     29.18     4.09741     2.71928
118     22     9     142.56     4.95866     4.21186
119     45     13     72.4     2.40953     4.83879
120     34     12     275.12     1.98088     4.18508
121     28     1     55.4     3.43025     4.14892
122     30     8     213.58     2.7241     2.50488
123     45     7     255.98     3.89959     2.80107
124     35     7     161.04     1.53674     4.72877
125     12     4     206.54     4.82899     2.85684
126     47     13     153.86     4.48302     2.87172
127     15     2     143.78     2.43623     3.21139
128     19     9     106.68     2.12177     3.73699
129     27     9     276.34     2.26939     4.33012
130     36     14     49.7     3.97383     2.55806
131     45     1     69.66     4.01656     3.29722
132     19     1     265.6     1.67528     4.45418
133     42     5     113.24     2.50406     4.17737
134     13     9     100.68     4.32055     3.69755
135     23     11     102.46     4.8825     3.68938
136     11     5     197.32     2.4906     3.29371
137     10     11     281.26     4.49915     4.6923
138     35     13     177.48     4.47063     4.87403
139     47     6     222.36     2.45877     4.98466
140     21     12     53.88     4.65349     3.90042
141     19     4     262.86     3.37193     3.91537
142     15     8     47.88     3.13213     2.68365
143     29     8     127.64     2.79011     4.30799
144     42     4     107.76     2.97874     3.71296
145     8     1     123.08     4.8291     4.69665
146     42     11     159.82     2.71139     3.29836
147     11     10     68.54     3.47906     4.37521
148     34     6     250.46     4.94862     3.02652
149     25     11     194.88     4.60329     3.75835
150     22     12     161.74     2.75069     4.02745
