1     24     27     149.44     4.47639     3.99472
2     36     24     377.04     1.60852     3.21833
3     40     29     251.68     2.60105     4.75448
4     8     20     388.24     3.67891     3.76354
5     9     30     346.12     1.86776     4.41359
6     15     28     238.44     2.25721     4.62767
7     34     28     316.24     2.60318     4.39146
8     42     15     108.64     4.37898     4.88533
9     41     20     80.2     3.13309     4.45746
10     47     22     337.08     3.76511     3.70403
11     12     15     110     3.07712     3.17034
12     33     23     68.28     2.71117     3.44043
13     24     35     165.12     1.83177     3.63002
14     45     17     135.16     4.66332     3.04796
15     21     21     83.72     2.74012     4.54245
16     14     29     88.48     1.98173     4.29769
17     31     17     195.64     1.94873     4.09604
18     34     15     218.24     4.39233     3.31164
19     23     21     199.4     3.95343     4.15151
20     11     25     109     3.12465     4.90852
21     16     34     90.48     4.33081     4.74372
22     23     29     26.92     3.73916     4.76165
23     11     25     301.08     2.65905     3.89599
24     16     29     27.76     1.6395     4.36995
25     28     33     165.2     3.62465     2.74743
26     13     21     103.16     1.77505     3.84114
27     19     24     316.92     2.81767     3.492
28     39     19     227.16     2.02873     4.98718
29     11     17     18.84     2.71416     2.63047
30     36     25     161.44     3.29321     4.73266
31     38     29     100.72     2.84608     4.53528
32     23     26     403.24     4.2351     3.83557
33     47     18     391.96     2.65841     2.82693
34     38     18     257.52     1.74557     3.42044
35     15     26     38.52     3.05458     4.56404
36     19     16     144.44     4.07947     4.32394
37     17     34     165.96     3.12839     4.74471
38     36     21     122.24     4.18105     4.25306
39     37     31     385.88     2.58438     3.6214
40     20     25     168.96     4.19793     2.75613
41     9     34     252.04     2.84501     4.32775
42     39     28     140.92     3.68244     4.00586
43     19     29     285.56     3.34555     3.3179
44     25     18     193.56     3.97981     4.89456
45     41     18     111.56     3.51666     3.61866
46     32     20     392.64     4.30464     3.44317
47     9     30     342.2     3.45396     3.39381
48     37     19     95.8     3.50449     2.52152
49     9     33     381.4     3.27612     4.82131
50     47     31     427.24     4.01132     3.88157
51     32     21     204.48     4.66919     3.28204
52     9     31     126.6     3.97971     2.50282
53     27     22     219.08     4.11899     4.36285
54     15     16     301.16     2.11312     3.75141
55     17     23     401.16     2.33155     3.67016
56     12     15     321.68     4.67817     3.34964
57     47     24     148.92     1.84021     4.45708
58     47     22     62.68     3.20476     2.66007
59     45     17     291.96     3.30047     3.06307
60     17     26     126.76     3.37577     4.28091
61     31     31     168.2     3.97244     4.66598
62     17     29     224.76     3.60265     2.95412
63     21     17     224.84     1.89084     4.34584
64     24     26     216.08     3.78893     4.2864
65     35     25     50.68     2.22271     3.46278
66     30     15     292.64     2.2822     3.78193
67     34     34     273.12     4.81179     3.84564
68     43     26     431.08     2.01186     3.68862
69     30     17     171.12     4.41092     4.79453
70     14     31     351.12     4.81585     2.65603
71     46     17     383.12     3.60265     2.89476
72     26     25     288.64     4.45418     3.20589
73     38     26     194.8     3.40611     4.64423
74     20     34     27.84     2.80987     4.51582
75     32     31     376.96     3.07199     4.39268
76     22     25     112.16     3.77836     3.01431
77     47     30     219.48     2.06505     2.59346
78     31     29     340.68     2.34256     3.28982
79     34     21     171.2     4.23414     4.36872
80     41     29     88.04     3.83753     4.31059
81     23     28     305.24     3.1693     3.38527
82     33     16     272.12     3.40109     3.45843
83     38     27     343.76     4.74706     3.54488
84     27     27     140.68     2.61258     3.37436
85     34     33     347.6     2.86253     3.4859
86     11     24     199.16     3.81938     4.11641
87     35     23     199.64     2.84971     3.89782
88     29     16     307.32     3.14997     3.13074
89     39     15     176.2     1.58844     2.64801
90     46     21     163.6     3.21566     3.03491
91     28     15     208.32     4.79983     2.72149
92     17     31     338.44     3.49893     4.71313
93     47     21     344.92     4.52799     2.97281
94     27     23     152.44     3.42972     3.22466
95     41     21     425.16     4.31072     4.19011
96     39     18     207.56     4.14922     4.02493
97     13     33     122.76     4.53664     2.97258
98     26     22     49.52     1.96059     4.49812
99     27     34     399.4     3.98975     3.41975
100     24     15     282.72     4.96838     3.30309
101     47     28     180.28     3.58246     4.13343
102     30     19     73.12     2.90397     2.53182
103     35     22     360.36     1.77505     3.03179
104     46     23     191.04     2.13961     2.67975
105     25     29     185.72     2.68329     4.97734
106     46     24     343.92     3.38966     2.92924
107     10     32     390.24     1.87342     4.71496
108     8     27     278.48     2.59902     4.2452
109     26     27     222     2.34437     2.62497
110     36     26     333.92     4.51944     2.78306
111     33     26     374.04     4.69782     3.28745
112     42     16     328.16     3.47298     3.61011
113     19     22     183.64     2.99551     4.3585
114     8     26     86.4     4.80367     4.73777
115     25     26     252.36     3.80442     3.26029
116     10     23     358.88     3.0157     3.96817
117     38     32     85.04     1.92886     4.18317
118     13     20     44.36     4.09998     3.55182
119     35     26     246.68     3.8307     2.89933
120     19     29     269.88     4.54732     2.65862
121     12     32     396.16     4.23659     4.39077
122     43     19     129.24     4.04988     2.66083
123     40     19     141.92     3.43281     3.28768
124     29     19     319.08     2.89019     2.72889
125     13     26     354.04     2.24781     4.62149
126     42     35     42     1.51666     3.23954
127     26     21     363.12     2.7225     4.8883
128     10     34     194.24     2.30784     4.49667
129     43     32     109.64     3.96699     3.42669
130     36     20     239.84     3.02297     3.26426
131     24     23     353.28     3.70573     4.10665
132     34     33     128.08     2.94114     4.61264
133     30     20     100.56     2.01025     4.83161
134     18     31     406.08     4.18757     4.07582
135     37     28     115.4     3.71886     4.85298
136     46     26     261.6     4.74685     2.62307
137     24     16     43.6     2.04401     4.89723
138     45     19     370.36     4.16407     4.44166
139     8     19     176.56     2.86723     2.60498
140     32     33     251.52     4.4341     2.53235
141     34     34     277.04     2.22175     3.28341
142     45     24     135.16     2.57712     4.61844
143     28     24     94.64     4.46219     3.47026
144     47     26     309.64     2.90291     4.36537
145     20     30     364.96     4.12188     4.81109
146     21     33     252.28     3.46133     2.91467
147     17     21     130.68     4.95834     3.2487
148     47     24     282.2     2.18116     3.22962
149     47     31     227.32     2.685     3.52489
150     36     31     361.36     1.69707     4.75318
