1     28     24     158.56     3.05522     2.98853
2     12     25     173.28     2.55586     4.83261
3     26     23     717.2     1.63437     3.34948
4     39     24     415.32     2.39853     3.29127
5     37     19     613     2.63384     2.67579
6     38     33     53.36     3.64538     3.7962
7     33     27     370.92     3.14783     3.76682
8     22     23     83.44     2.19184     4.99626
9     41     28     501.8     4.35698     4.72716
10     44     27     381.92     4.69878     4.03439
11     40     31     485.44     2.68287     2.92192
12     12     22     35.04     1.59026     4.40878
13     42     16     195.6     4.12989     4.24474
14     37     30     351.88     1.73948     4.14685
15     16     23     323.2     2.31425     2.69692
16     35     18     603.32     2.84138     4.29121
17     23     33     353.24     4.18116     2.78108
18     29     29     167.24     2.47351     2.6989
19     17     15     370.28     1.90878     4.7055
20     29     22     105.8     4.34394     3.15271
21     27     30     710.52     3.00032     4.90165
22     42     31     426     2.22677     4.78454
23     38     20     406.64     3.06291     4.35484
24     25     28     731.56     4.58556     4.31227
25     38     32     514.16     2.77483     4.74647
26     32     26     554.24     1.88293     3.58821
27     14     29     351.92     2.53974     4.90905
28     25     18     332.2     2.58011     4.96071
29     9     28     78.12     2.82814     2.59377
30     45     15     167.88     4.82087     4.44777
31     42     16     594.96     3.20711     4.05103
32     39     24     507.48     1.8056     2.72355
33     22     33     313.84     3.55683     3.92201
34     36     26     412.32     3.35174     3.91705
35     37     35     106.12     3.9749     2.94496
36     34     19     126.16     3.64142     4.7235
37     44     25     451.04     3.36808     3.47194
38     14     19     497.84     3.65734     3.82801
39     30     23     767.28     3.73211     2.79923
40     20     25     219.68     4.3056     4.14251
41     14     27     574.64     2.61771     4.3099
42     27     35     510.84     1.72645     2.85363
43     46     35     230.32     1.7853     3.92865
44     14     17     398     2.29246     4.28487
45     20     20     281.12     4.04689     4.38963
46     20     31     419.36     4.79374     3.07001
47     32     29     247.04     1.79502     4.81666
48     17     32     616.04     2.31062     2.63939
49     31     20     607     2.72015     3.11525
50     11     31     34.04     3.77558     4.01913
51     43     21     772.6     1.71416     3.67847
52     30     32     122.16     1.71972     4.94201
53     41     21     64.04     3.96294     2.90361
54     25     16     531.88     1.70925     4.27145
55     9     15     201     4.72506     2.52304
56     14     18     751.28     4.96838     4.23795
57     17     20     554.6     2.79865     3.24648
58     21     21     174.6     3.68928     2.98791
59     34     20     371.92     2.17646     3.71601
60     10     17     770.32     3.0313     4.94491
61     34     28     786.64     1.88667     4.77378
62     35     15     587.96     3.30538     3.9832
63     17     35     40.04     2.02254     4.0418
64     11     24     525.56     1.84758     4.41473
65     28     21     696.16     4.95952     3.31507
66     25     15     25     4.0799     4.78751
67     13     30     235.72     4.75892     3.76614
68     42     20     364.56     1.75742     4.49675
69     40     25     646.72     3.26041     3.96306
70     26     33     770.96     2.40515     3.20933
71     23     35     683.48     3.86071     3.19903
72     31     34     315.16     4.93986     3.09961
73     8     22     238.4     3.98088     2.63543
74     39     21     438.36     1.98131     3.89836
75     26     18     218     3.72015     4.25665
76     21     21     74.76     1.85014     3.25404
77     35     23     234.68     2.69814     2.63764
78     16     23     338.56     3.75358     4.90715
79     37     28     321.16     2.58385     4.52429
80     28     16     550.24     3.15787     4.67551
81     44     15     735.2     4.81275     3.72539
82     39     15     92.76     2.8496     4.2542
83     26     27     586.64     3.49071     3.81848
84     36     25     258.72     1.6834     2.82624
85     27     16     242.04     4.98601     3.66695
86     20     20     473.12     3.01741     3.98663
87     25     27     63.4     4.20872     3.24999
88     24     28     208.32     4.33647     2.97838
89     17     31     285.8     1.57712     4.80575
90     32     30     55.04     3.06259     4.242
91     20     30     419.36     4.67304     4.28587
92     15     31     168.6     4.55298     4.27602
93     24     16     684.48     4.08182     3.12311
94     45     25     152.52     4.28562     4.8114
95     36     35     642.72     3.92331     2.8119
96     20     29     703.52     3.73243     3.79765
97     31     23     415     2.06804     4.80049
98     35     33     88.76     3.91978     4.20164
99     26     15     694.16     4.04134     3.19582
100     38     26     752.24     4.67635     3.11899
101     25     26     685.48     4.11536     2.78176
102     28     16     266.08     2.56858     3.69793
103     30     21     444.72     3.58812     4.84886
104     16     23     54.4     1.52435     4.87548
105     14     33     198.32     3.25101     3.33651
106     24     23     745.92     4.64302     3.92621
107     10     17     609.04     1.54187     3.78887
108     41     28     240.68     4.69312     4.32417
109     39     17     768.6     1.88816     2.62162
110     9     15     300.84     4.79897     3.91591
111     15     28     399     4.73531     4.2027
112     27     27     472.44     2.81265     3.40716
113     30     33     360.24     1.76341     3.24427
114     39     23     215.64     2.37535     2.66198
115     37     28     259.72     3.79278     2.50839
116     16     19     69.76     1.66471     4.81346
117     26     19     709.52     4.37407     3.32438
118     12     20     595.68     1.83102     3.18796
119     22     33     298.48     1.56858     3.91842
120     15     20     214.68     3.61974     3.54152
121     30     27     552.24     4.41519     3.05696
122     8     30     576.32     2.68244     4.10825
123     27     16     357.24     3.08374     4.00121
124     18     15     256.08     4.57456     3.46202
125     34     30     118.48     4.21812     3.77483
126     28     22     81.76     3.44114     3.69022
127     29     15     574.28     1.964     2.74422
128     18     19     547.92     4.88987     3.88012
129     8     17     161.6     3.68714     4.51102
130     26     26     194.96     2.05127     3.91743
131     44     26     650.72     1.87674     3.61675
132     32     25     554.24     2.8276     3.59806
133     47     25     745.88     4.23766     3.56113
134     43     22     542.2     3.32728     4.55161
135     26     23     701.84     2.96924     2.63153
136     37     20     789.64     1.98878     4.97772
137     34     31     425.68     2.23275     2.54601
138     14     20     482.48     1.89094     4.6952
139     39     16     446.04     2.30538     4.90814
140     34     32     364.24     4.75091     3.00294
141     40     21     761.92     3.42192     2.97433
142     31     23     77.08     3.60959     4.35423
143     14     34     221.36     4.80399     3.73463
144     32     26     723.2     2.20487     4.34233
145     13     17     228.04     2.37716     2.80473
146     13     18     274.12     1.53247     3.50024
147     38     29     329.84     2.67518     4.63111
148     16     33     330.88     2.59336     3.91133
149     39     26     300.12     3.93175     3.00867
150     33     21     601.32     4.32974     3.6333
