1     18     11     23.55     4.63063     4.07399
2     8     22     32.975     4.96486     3.76461
3     13     9     218.35     4.90002     2.74293
4     26     28     225.8     2.80581     4.40558
5     20     31     31.1     3.73403     2.6165
6     33     26     174.525     1.91423     4.52704
7     25     15     266.425     3.26255     2.65633
8     19     13     221.575     2.25892     4.75227
9     43     23     270.55     4.30496     3.69457
10     32     13     159.65     4.41946     3.45866
11     26     40     198.05     2.88379     3.40434
12     43     19     170.65     3.69312     4.40489
13     13     9     32.425     2.92619     4.0833
14     29     34     187.175     3.89041     4.67009
15     15     10     48.3     3.15264     3.249
16     19     27     149.425     1.8166     2.90597
17     30     9     118.8     3.65264     4.54733
18     43     22     267.775     1.94275     2.90155
19     43     16     265     4.1489     3.97298
20     19     24     179.95     1.76234     4.95949
21     14     13     122.225     4.44798     3.90286
22     18     24     62.4     3.83647     2.58583
23     47     16     266.225     3.57979     4.94186
24     37     9     259     2.02585     4.49255
25     21     9     21     4.62284     3.08054
26     27     3     271.2     4.91177     4.41076
27     26     24     161.975     4.21844     4.66674
28     17     2     58.625     1.90216     3.71876
29     29     10     167.75     1.77174     4.18775
30     47     5     224.6     1.52777     4.38108
31     39     27     52.875     3.84074     4.86679
32     9     33     150.525     1.92373     4.70038
33     47     39     246.8     2.71139     4.57091
34     15     19     128.775     1.99989     2.88186
35     31     23     69.85     2.66279     4.53169
36     14     25     216.575     4.29801     3.41052
37     12     34     181.275     2.91711     3.3784
38     29     26     148.325     2.53664     3.74035
39     17     34     150.2     3.779     3.98404
40     24     9     51.75     2.84416     3.7962
41     37     19     139.675     4.46133     3.12288
42     16     22     74.275     1.67785     3.28867
43     32     15     131.9     3.09891     3.942
44     9     37     244.875     4.43196     4.3405
45     42     12     277.875     2.45022     3.74363
46     42     29     147.45     4.232     4.42648
47     45     20     144.9     3.7852     4.58174
48     41     27     88.175     4.91786     4.62508
49     38     5     221.15     2.96208     4.16929
50     21     20     123.675     4.2132     3.18308
51     23     15     45.2     2.69077     4.5999
52     34     22     280.975     3.58332     4.39261
53     40     40     295.3     2.48419     3.8802
54     32     32     209.6     2.77953     2.78031
55     33     27     116.25     4.79673     2.77612
56     36     5     38.775     3.57231     2.60971
57     42     21     230.7     2.35046     4.47096
58     14     22     94.475     1.67005     2.69501
59     43     23     156.775     2.64922     4.53574
60     33     29     155.1     1.82814     4.0289
61     44     14     121.7     2.17913     3.71296
62     30     2     110.475     3.64238     2.72118
63     23     6     153.425     4.7978     3.51184
64     42     1     202.95     3.53204     3.25137
65     17     11     291.725     3.80998     4.61684
66     27     2     160.2     2.40985     4.53276
67     21     6     212.475     4.732     3.10816
68     39     24     83.4     1.53941     3.78948
69     33     39     46.875     4.74204     4.495
70     45     11     92.175     4.0799     3.24602
71     46     21     62.65     2.31948     3.06131
72     42     14     222.375     4.81852     4.62928
73     36     39     55.425     2.07082     4.02409
74     45     17     247.575     3.09058     3.98244
75     12     6     200.7     4.24343     3.50368
76     19     8     116.125     3.88688     4.29273
77     44     9     71.75     3.42651     3.80757
78     28     18     122.35     3.64869     3.43036
79     23     40     50.75     3.43986     4.02547
80     28     12     155.65     2.74984     4.90066
81     42     9     42     2.91038     3.43799
82     43     27     215.05     2.66706     3.90843
83     40     39     164.875     4.03525     2.73721
84     37     13     73.075     1.83721     3.73493
85     39     21     94.5     2.53322     3.05979
86     11     9     271.85     4.2022     4.92752
87     24     7     182.175     4.28381     2.8328
88     32     3     129.125     1.94125     4.8011
89     27     2     246.225     2.15253     4.93187
90     21     25     87.6     2.39137     4.75326
91     25     23     241.45     4.00555     4.15159
92     30     32     163.2     4.65403     2.89071
93     17     20     36.425     3.40996     4.98939
94     43     7     170.65     2.89062     4.46898
95     28     26     150.1     1.52307     4.74059
96     15     2     203.7     2.30474     2.64412
97     40     16     48.325     3.16855     4.4071
98     44     17     110.6     2.31201     4.53764
99     8     15     230     4.59966     4.91775
100     37     39     142.45     2.89756     2.61269
101     34     12     142.225     4.45087     3.66161
102     26     20     178.625     2.66108     3.86456
103     16     1     18.775     2.8762     3.83374
104     16     3     129.775     2.54903     4.32157
105     16     13     40.975     2.87599     4.09352
106     23     21     67.4     4.77473     3.86021
107     44     7     268.775     3.30955     3.53488
108     10     20     62.725     3.42534     3.83175
109     11     31     122     4.59731     4.47027
110     19     24     277.075     1.75774     2.50206
111     22     21     263.425     2.60884     3.02553
112     20     30     194.825     3.67998     3.30317
113     11     31     22.1     2.23969     2.5486
114     30     3     60.525     3.9217     3.39785
115     22     23     169.075     1.67411     4.83039
116     46     13     115.375     4.89148     2.55669
117     43     11     314.95     3.33743     4.13717
118     11     27     210.8     4.22143     4.84748
119     29     4     76.175     2.53333     4.05721
120     42     1     216.825     2.00011     3.13692
121     34     32     172.75     2.7712     4.65857
122     42     37     300.075     3.19259     3.90568
123     20     32     192.05     1.77943     4.95949
124     40     20     278.65     4.74685     4.87465
125     26     10     31.55     4.20626     3.21223
126     12     6     84.15     2.38977     2.94473
127     29     39     173.3     1.50876     4.9984
128     42     5     244.575     3.10906     4.94903
129     28     22     119.575     3.02916     4.13701
130     26     2     159.2     4.82344     3.7167
131     40     32     48.325     2.75796     3.90576
132     32     8     192.95     2.73948     4.45059
133     17     26     225.125     4.28584     3.57349
134     21     7     40.425     4.89756     3.91614
135     15     31     137.1     2.44147     2.74644
136     12     26     197.925     4.40312     4.94354
137     17     27     155.75     2.11867     3.52634
138     46     2     262.45     2.84725     3.74226
139     42     1     275.1     4.28936     2.98082
140     39     1     310.95     4.41444     2.528
141     15     21     242.55     4.70476     3.42708
142     30     15     285.3     1.67624     4.962
143     10     18     173.725     1.78434     3.02728
144     25     17     177.625     2.0753     4.40291
145     10     22     212.575     3.19216     4.19668
146     31     12     264.1     4.09421     4.97177
147     32     33     90.275     3.09998     4.82459
148     44     23     116.15     3.6129     2.92817
149     20     18     50.525     3.63875     4.8075
150     8     31     182.825     2.45428     3.36062
