1     40     3     142.2     1.93698     3.36886
2     19     6     162.08     2.76319     4.33775
3     37     5     60.36     2.06067     2.65549
4     40     1     288.2     3.44574     4.24619
5     33     11     35.92     3.45738     4.04706
6     22     10     74.56     2.11589     3.69549
7     8     3     171.52     2.41423     2.93184
8     36     3     272.52     2.35057     4.48393
9     24     14     292.64     2.3636     3.44836
10     13     12     50.96     3.7774     3.43455
11     23     5     312.08     3.61653     2.9873
12     45     3     53.76     3.4013     4.55329
13     29     11     315.16     2.28146     4.50644
14     31     2     302.56     2.61803     3.99968
15     14     2     162.92     1.87278     4.1567
16     26     13     75.64     2.4153     2.87011
17     9     15     187.12     2.60511     4.22239
18     31     7     261.68     4.26148     2.79351
19     19     11     92     3.37588     3.87295
20     45     10     293.2     2.68159     4.33966
21     45     1     164.72     2.43506     2.72721
22     37     14     165.48     4.52147     3.23939
23     10     15     80.08     3.743     4.73067
24     39     12     106.16     4.89842     4.4187
25     26     11     160.32     4.51495     4.84443
26     27     10     114.6     3.8401     3.84358
27     10     14     24.6     2.45386     3.5477
28     8     15     162.76     4.11066     3.17858
29     17     5     37.44     1.66984     4.15212
30     17     12     151.32     4.22463     4.75768
31     29     4     125.36     3.28808     2.92833
32     27     12     94.16     4.14751     4.3672
33     12     1     87.92     1.74322     4.54596
34     40     1     69.2     2.68511     4.34156
35     43     14     235.72     4.26244     2.82525
36     23     12     136.88     4.0596     4.47165
37     10     6     15.84     3.53471     4.30158
38     34     13     124.52     2.17251     3.22543
39     14     13     160     1.56858     4.60242
40     14     9     136.64     2.05683     4.28106
41     14     15     268.04     4.23734     2.63672
42     38     2     219.04     1.51517     3.3726
43     30     6     117.6     4.01057     2.59728
44     9     1     149.16     2.94606     2.94839
45     47     15     187.16     3.37513     3.77445
46     24     7     126.2     2.8573     4.64187
47     13     11     150.24     1.94189     3.18361
48     41     7     219.12     4.56793     4.55397
49     16     12     270.04     3.24097     3.50467
50     30     13     35.84     1.59581     3.84991
51     43     2     145.2     2.7038     3.83366
52     30     8     161.4     1.73489     4.66674
53     8     4     57.64     2.33358     3.24755
54     43     1     104.32     4.31809     3.83412
55     35     2     204.36     3.06206     4.68093
56     27     11     251.84     4.16877     4.40779
57     42     11     225.96     2.79524     4.11557
58     47     1     193     4.73937     2.5148
59     11     9     37.28     3.64495     2.5824
60     15     15     216.48     1.93762     4.51231
61     14     5     227.16     3.84939     3.47598
62     20     14     174.76     1.64035     4.45784
63     15     15     184.36     2.38026     2.68128
64     44     15     254.24     4.39436     4.39245
65     37     13     188.84     2.23788     4.01357
66     42     13     91.64     2.80506     4.93683
67     21     5     175.76     1.93335     4.96963
68     35     9     300.72     2.1129     3.69922
69     8     6     107.28     3.15873     2.79282
70     10     11     240.68     4.45727     3.99625
71     33     2     111.84     3.14431     3.35002
72     29     15     69.88     2.32675     3.88592
73     24     12     260.52     3.20359     2.82075
74     21     15     225.4     2.199     3.0134
75     34     9     142.04     1.9655     4.69939
76     10     3     141.4     4.86595     4.76966
77     14     1     37.36     4.79492     4.60936
78     29     14     195.44     1.94787     3.76125
79     25     4     138.88     3.89906     2.93023
80     12     13     29.52     2.59464     3.59439
81     43     5     297.04     2.62369     2.73759
82     26     4     172     2.87428     4.97047
83     17     12     148.4     3.43452     3.05414
84     13     13     240.76     2.84886     4.09368
85     25     13     153.48     1.58737     4.91485
86     14     8     227.16     4.83903     3.89241
87     24     5     298.48     1.98611     2.74346
88     44     12     257.16     3.37374     3.05231
89     31     4     209.12     3.22687     3.54244
90     41     3     87.72     1.83059     2.86157
91     18     5     111.44     4.83059     3.89447
92     27     5     240.16     3.26095     4.36972
93     40     15     203.52     2.66353     4.77691
94     36     13     82.72     3.40365     3.3578
95     13     6     115.2     4.04422     4.1892
96     10     4     74.24     3.38656     3.12197
97     27     4     29.92     3.03813     2.59186
98     16     7     191.2     3.61504     2.5689
99     13     13     249.52     3.44072     3.65879
100     44     3     114.08     3.34811     4.62432
101     35     5     251.08     1.94681     2.84112
102     31     15     287.96     2.46229     4.95338
103     41     2     300.88     1.50855     3.74508
104     8     9     34.28     1.90248     3.49391
105     31     6     244.16     2.37973     4.8207
106     25     12     144.72     2.82087     3.80245
107     11     4     98.6     2.34864     3.86387
108     32     2     189.68     4.40323     2.71203
109     18     13     184.44     2.65777     2.83128
110     8     11     51.8     3.88186     2.80313
111     43     7     308.72     2.11151     2.96693
112     37     1     279.36     2.23777     2.68685
113     28     2     279.12     3.87075     2.74148
114     43     11     133.52     1.58887     2.60041
115     43     14     209.44     3.43516     3.60469
116     8     8     45.96     4.76586     2.81564
117     30     12     105.92     3.31393     3.5493
118     22     14     226.4     3.07627     4.85969
119     27     13     167.16     1.88229     3.48865
120     10     12     287.4     4.75582     3.04758
121     33     4     103.08     1.92683     3.94543
122     31     3     235.4     2.60628     3.82916
123     21     5     70.64     3.87802     4.55405
124     19     4     65.72     3.32269     2.94603
125     14     13     60.72     4.72965     3.87516
126     17     8     49.12     3.00641     2.903
127     41     7     283.36     2.64698     4.52223
128     14     6     180.44     3.36627     3.25106
129     30     9     143.88     3.76116     3.60141
130     28     15     217.8     2.10735     3.68313
131     17     12     22.84     3.15146     3.46316
132     34     1     156.64     3.00737     4.94217
133     35     15     213.12     3.01602     2.76688
134     41     11     251.24     3.67998     2.54196
135     22     8     200.12     1.52841     2.85783
136     17     4     233.08     3.02628     3.30035
137     36     11     36     4.88304     4.45677
138     18     4     248.68     3.87321     4.68497
139     32     9     294.8     3.02702     4.66124
140     43     8     305.8     3.79994     4.47111
141     11     13     113.2     3.58129     4.26084
142     31     5     57.28     2.15136     3.21299
143     33     15     85.56     4.94649     2.86386
144     11     12     13.92     2.23959     4.52658
145     10     1     179.36     3.09902     4.33668
146     42     5     199.68     1.73189     3.18522
147     18     3     126.04     4.07295     2.55547
148     17     5     19.92     2.72784     3.52817
149     16     8     214.56     3.63021     4.97139
150     26     5     312.16     3.02232     3.18102
