1     24     12     163.92     3.62391     3.03644
2     19     11     125     4.30335     3.42471
3     17     6     62.2267     3.22004     4.44433
4     41     3     97.5333     2.30934     3.08199
5     20     13     85.0133     4.36862     2.70051
6     34     3     94.7733     4.24226     4.73891
7     8     7     111.173     4.59667     2.72309
8     41     2     48.0667     3.89254     3.35131
9     34     13     108.907     3.91519     3.17049
10     34     8     138.587     1.97127     3.10892
11     10     7     29.7867     4.61333     4.38116
12     18     10     99.9733     3.49797     3.03072
13     12     12     62.88     2.7414     4.12564
14     20     15     126     3.37727     2.87339
15     8     15     139.44     2.78039     3.67061
16     37     4     162.787     2.16236     4.35209
17     35     2     143.827     2.99989     4.15639
18     17     6     148.44     3.00609     2.67304
19     19     11     147.613     4.00224     3.28593
20     27     4     142.893     3.80015     3.38015
21     23     7     30.0667     1.95546     4.82696
22     42     10     66.0267     2.00032     4.51254
23     44     2     49.6533     1.51357     3.42639
24     22     6     47.44     1.64121     4.07537
25     25     5     65.9867     2.92299     4.73746
26     47     3     89.4     1.53653     2.82327
27     21     5     148.2     1.8182     3.35887
28     14     12     83.2533     3.16866     4.85603
29     35     11     37.8267     1.70423     3.58684
30     34     7     114.56     3.26351     3.52634
31     45     8     88.8133     4.12604     2.97983
32     13     15     75.1867     2.55554     2.66099
33     46     6     119.493     4.52617     3.73508
34     12     14     26.1333     2.73852     3.09404
35     46     4     111.013     4.29     4.37841
36     19     5     125     2.1034     4.51224
37     10     3     18.48     3.97768     4.26588
38     14     2     47.92     3.86595     2.61322
39     42     6     164.96     2.24439     3.39839
40     25     5     53.2667     2.17881     4.07689
41     33     15     133.347     3.94787     2.54883
42     41     1     110.253     1.83412     4.34759
43     16     9     146.027     2.44243     3.70113
44     8     14     60.2933     1.65136     3.23054
45     28     13     36.48     2.5627     3.30248
46     37     15     100.6     4.55362     3.29981
47     43     1     113.667     3.79278     3.32774
48     10     8     103.28     1.83113     3.61904
49     19     12     86.84     3.12348     2.65625
50     37     8     140.173     1.59314     3.77461
51     43     14     161.72     3.59795     3.76171
52     39     14     105.427     3.406     3.2213
53     39     9     160.547     4.04337     4.71351
54     8     1     145.093     3.11921     3.44066
55     33     1     44.3067     4.99145     3.99159
56     25     13     60.3333     3.37951     2.91162
57     10     10     107.52     2.78541     3.11335
58     16     8     76.7733     1.83177     4.89372
59     29     11     142.067     3.37545     4.57312
60     15     12     51.7467     2.5079     3.02248
61     13     4     51.16     3.30026     2.59377
62     30     4     66.7467     4.9028     4.71847
63     34     8     90.5333     4.35804     4.19187
64     21     11     135.48     2.23788     4.90692
65     41     9     168.2     2.46294     3.05383
66     26     4     112.213     2.91305     2.55158
67     32     5     116.8     3.19077     3.726
68     33     7     86.7067     1.64431     2.50061
69     46     15     106.773     4.51111     3.61621
70     47     15     179.853     1.79054     2.64405
71     8     11     111.173     2.70669     2.80847
72     30     15     52.6133     4.86723     3.88524
73     13     10     85.08     3.98195     4.18981
74     36     11     122.213     2.24706     2.92337
75     12     13     151.92     3.25689     3.88966
76     20     12     145.787     4.04956     2.85005
77     8     15     87.1467     3.65018     4.53207
78     43     15     112.253     3.7163     4.05652
79     11     3     51.9867     3.14869     3.79971
80     44     15     148.587     4.27505     2.95511
81     32     3     132.347     4.46529     3.31149
82     13     6     103.453     4.79086     3.51207
83     39     2     89.88     2.58321     2.81121
84     16     7     88.08     3.00481     4.09337
85     37     8     66.68     2.489     4.6704
86     27     12     131.587     3.66022     4.62294
87     34     13     41.0667     4.09229     3.70174
88     8     13     80.08     4.51592     4.05332
89     9     9     9     3.33294     4.78706
90     30     1     126.107     2.04796     3.14875
91     11     8     30.7867     2.47639     3.31606
92     30     2     103.493     2.83807     2.58126
93     20     10     131.653     1.59581     3.43852
94     38     15     52.1333     2.14943     3.83854
95     37     15     52.5467     2.74226     4.12893
96     9     10     45.7467     3.19141     2.94443
97     16     15     112.107     2.30143     3.06299
98     37     8     75.16     3.56922     4.49286
99     15     8     22.0667     3.03984     3.30744
100     20     4     151.44     4.92416     3.49269
101     46     8     120.907     3.83583     2.82205
102     20     15     142.96     3.75838     2.52663
103     44     8     148.587     2.10041     4.27381
104     24     5     148.373     1.94969     4.22155
105     22     7     153.44     1.88453     2.66373
106     28     12     160.853     1.95215     4.03165
107     12     5     14.8267     3.17379     3.26716
108     12     11     151.92     4.18479     3.33445
109     18     5     53.3333     3.87086     4.88464
110     30     10     113.387     3.10767     2.83876
111     24     4     128.587     3.96561     3.40693
112     43     10     146.173     2.98611     3.80558
113     34     6     66.5067     4.89254     3.19216
114     19     6     62.8133     4.34117     4.58083
115     25     11     46.2     4.0753     3.75477
116     30     13     157.2     3.08866     4.94179
117     40     1     109.253     2.15969     4.26778
118     27     1     42.5467     2.36531     3.25465
119     16     8     56.9867     1.93324     3.37718
120     45     15     162.307     2.04262     3.94566
121     28     13     67.5733     2.4326     4.3289
122     32     4     41.8933     4.42747     2.78397
123     14     11     128.48     2.23841     2.90803
124     33     5     66.92     4.65136     4.97772
125     24     3     162.507     4.95834     3.19147
126     19     6     92.4933     4.2461     3.5818
127     12     7     101.04     2.39596     3.61133
128     43     5     99.5333     2.40814     3.21902
129     13     6     85.08     1.90899     3.33277
130     45     9     50.6533     3.44926     4.11298
131     43     5     59.96     3.45418     3.94314
132     29     4     118.04     1.93495     3.93368
133     19     7     105.213     3.31916     3.95367
134     15     8     55.9867     1.51143     4.95636
135     21     9     143.96     3.54294     3.61446
136     31     5     42.3067     4.41871     4.03119
137     12     3     31.7867     2.52297     2.54097
138     26     10     26     3.19163     2.8676
139     9     13     18.8933     1.81019     2.65381
140     18     14     26.48     2.54903     3.62918
141     8     11     26.3733     4.59186     3.93048
142     30     7     164.267     4.97009     4.84207
143     18     6     131.067     2.36039     2.96968
144     40     11     178.507     1.95663     2.61559
145     33     12     64.0933     2.27216     4.36872
146     13     7     109.107     2.48633     4.67612
147     23     10     148.787     4.19131     4.91264
148     33     5     51.3733     4.14975     4.71175
149     32     13     46.1333     4.42267     3.07604
150     24     13     97.4933     4.97704     4.53108
