1     37     22     92.275     2.37396     4.10039
2     44     35     80.85     1.73542     3.4167
3     25     22     330.855     2.72121     3.01523
4     14     25     87.7     1.89201     4.08475
5     19     28     199.565     4.17347     2.95724
6     45     19     207.14     4.3432     3.58776
7     13     16     200.935     4.86755     4.64766
8     46     33     138.125     2.81724     2.87393
9     23     32     284.635     2.84993     3.06307
10     26     19     114.44     2.99103     3.85151
11     27     32     310.745     3.20038     4.67246
12     13     17     156.715     4.45599     3.03072
13     42     28     126.755     2.84181     4.98527
14     18     19     183.825     2.37236     2.9796
15     38     34     163.29     2.03867     3.91331
16     20     24     137.92     1.81126     4.09108
17     38     19     192.77     4.08257     3.94436
18     31     15     244.73     2.78434     4.16295
19     21     31     264.21     3.16503     3.62857
20     13     31     326.225     4.95962     3.29096
21     11     32     165.77     2.43826     3.87715
22     25     15     109.755     4.06665     4.07353
23     26     32     191.825     2.76319     4.57373
24     16     34     285.005     4.48782     4.62935
25     35     18     315.06     4.14505     3.99831
26     18     33     161.715     2.53803     4.42747
27     15     15     51.85     2.35612     3.56349
28     14     33     50.85     3.43121     2.93008
29     46     20     68.11     1.74674     2.86348
30     19     33     251.155     1.93452     3.54724
31     43     20     260.415     2.2429     2.5351
32     24     27     138.235     3.71075     2.90483
33     13     27     164.085     2.53226     4.93194
34     37     35     118.07     3.34672     2.92436
35     24     19     293.005     1.93666     2.61017
36     47     19     378.65     3.07082     3.21566
37     10     18     46.85     4.4733     4.62821
38     40     31     76.85     2.1568     3.78178
39     39     32     308.005     4.1019     3.15722
40     28     26     348.595     2.51624     3.03697
41     30     32     100.015     3.66118     2.90551
42     22     29     383.13     2.47682     3.63636
43     41     26     228.935     4.49167     3.35459
44     41     29     383.705     3.25037     3.61858
45     17     30     131.235     1.74546     3.80795
46     40     18     95.275     3.58577     2.86126
47     39     21     120.07     2.88571     3.75256
48     14     25     367.76     3.61205     4.84802
49     20     22     215.305     2.87054     3.53267
50     46     25     237.62     3.86691     3.74889
51     18     20     272.265     3.52756     2.83601
52     12     28     269.95     3.01367     4.31288
53     25     17     231.36     3.61333     4.49278
54     18     29     91.7     4.74578     4.57289
55     27     20     174.4     1.56206     3.58684
56     13     21     119.865     2.37802     3.86349
57     40     18     165.29     3.92096     4.37971
58     13     27     259.895     4.127     3.65085
59     11     22     136.29     4.47308     2.54662
60     16     33     314.485     4.57659     3.67542
61     27     28     71.22     4.04817     2.72568
62     47     16     290.21     3.83273     3.40693
63     43     30     234.62     4.52062     3.87898
64     8     17     192.25     4.36595     3.81199
65     10     34     164.77     4.99487     4.96643
66     27     20     318.115     3.03931     4.43419
67     44     27     242.99     3.6787     3.43204
68     37     20     84.905     2.82643     3.28661
69     47     35     312.32     1.9435     4.00304
70     8     27     365.445     2.21491     4.55702
71     14     29     168.77     3.57263     2.80099
72     8     31     52.22     4.29897     4.12542
73     26     21     247.1     2.19665     4.2655
74     23     19     369.39     3.55768     2.89392
75     36     27     367.65     2.41668     3.39061
76     26     31     254.47     2.82279     2.92962
77     28     23     61.165     4.61461     3.2741
78     34     25     391.445     4.43239     3.91972
79     14     30     260.895     2.4514     2.97792
80     13     15     189.88     3.57274     4.93851
81     47     25     161.235     3.55266     3.20276
82     26     19     48.11     4.80816     4.02821
83     28     20     370.705     3.38133     4.77424
84     9     35     303.8     2.29695     3.09107
85     44     33     172.975     3.29876     4.94133
86     8     17     313.855     4.19654     3.09465
87     17     15     157.03     2.81222     3.98808
88     30     20     74.22     3.25454     4.58937
89     43     18     312.005     4.5109     4.65751
90     21     28     190.51     2.08834     3.53832
91     20     16     82.645     3.68874     4.38757
92     24     33     49.795     2.15221     4.96048
93     37     23     84.905     4.65488     2.86019
94     33     20     62.48     1.89126     4.3849
95     8     21     273.32     4.23189     4.86282
96     45     15     210.825     4.08332     4.61913
97     28     18     245.415     1.94136     3.46164
98     30     24     324.8     4.36787     2.82876
99     12     35     310.485     1.87663     3.48857
100     16     34     196.565     2.96368     2.93039
101     40     16     80.535     2.76394     2.83967
102     28     24     297.005     4.57231     3.29615
103     43     23     275.155     4.20946     4.08666
104     24     25     90.33     2.9702     4.77203
105     27     17     214.935     4.63608     3.90057
106     45     29     266.1     2.78819     4.00708
107     44     17     176.66     4.90536     2.78832
108     8     18     19.055     4.9781     4.59677
109     21     23     72.59     3.62882     2.64138
110     10     29     61.59     4.96667     3.53778
111     17     24     98.07     1.66567     4.59716
112     40     19     231.62     3.49808     2.99539
113     16     18     63.905     1.80848     4.71267
114     36     20     316.06     2.16279     4.8838
115     35     22     152.92     3.65606     4.95109
116     34     35     373.02     4.6144     3.25854
117     12     15     155.715     4.17411     4.4805
118     11     15     84.7     2.47383     4.52193
119     28     24     171.715     3.94317     3.78513
120     21     33     197.88     1.9217     2.93985
121     34     33     148.235     1.59442     4.0894
122     33     30     128.81     3.47671     3.97282
123     11     32     235.785     4.43271     4.59403
124     28     35     190.14     4.96326     2.9178
125     28     35     263.84     2.74642     2.5248
126     39     29     315.375     3.16514     3.8638
127     18     24     327.54     2.30645     3.49437
128     15     16     280.32     4.66781     3.95901
129     43     34     116.7     3.05148     4.67551
130     22     34     279.95     3.8872     2.99104
131     18     16     334.91     4.46059     3.28761
132     15     35     346.65     1.78723     3.27975
133     15     16     155.03     2.61419     2.89583
134     22     33     106.755     2.28327     4.88212
135     36     35     386.075     3.44211     2.52197
136     38     32     93.275     3.83465     3.60958
137     33     31     180.4     3.15883     3.56868
138     41     18     118.385     3.72314     4.35858
139     33     30     338.855     2.3871     4.5555
140     35     17     292.95     4.52083     4.7528
141     19     31     159.03     4.96774     3.66771
142     31     28     86.275     1.74343     4.09833
143     10     20     135.29     4.95813     4.11809
144     25     25     349.28     1.69269     2.65145
145     45     20     115.015     3.81788     4.81994
146     42     18     377.335     2.98547     3.69846
147     32     31     127.81     1.78135     3.87425
148     40     24     334.8     4.77045     3.44813
149     33     32     268.84     1.91903     4.86808
150     35     30     396.13     3.13234     3.73722
