1     15     27     800.4     3.9765     4.40519
2     41     17     702.98     2.2649     4.71931
3     27     30     902.16     3.11034     3.87234
4     19     22     41.44     4.21149     2.54845
5     30     15     972.48     2.79887     2.68929
6     23     35     213.74     3.77686     2.85928
7     8     31     535.34     1.97768     4.08452
8     21     17     1053.24     2.51271     4.05599
9     31     23     232.96     4.95418     3.83763
10     39     18     50.22     4.83316     4.97017
11     44     31     436.7     4.68661     3.61026
12     38     24     1059.02     4.13865     4.59761
13     44     35     1154.78     3.25112     4.58815
14     19     29     770.74     2.62604     4.64652
15     15     16     1080.9     2.99615     3.9362
16     39     16     869.28     1.7868     4.89944
17     12     22     965.7     3.38411     4.06651
18     11     18     796.4     2.09282     3.88646
19     20     28     120.98     3.5204     4.71786
20     33     24     852.06     4.86894     4.87213
21     10     28     963.7     3.37086     2.84875
22     24     15     887.94     2.35356     4.65384
23     33     27     212.52     3.66524     2.84219
24     13     17     439.36     4.94755     2.67342
25     38     21     800.96     4.48975     4.52353
26     37     31     710.2     4.14837     2.94092
27     10     28     974.92     2.5659     3.99014
28     11     28     874.94     4.17454     3.77071
29     10     17     784.18     4.71758     4.75455
30     40     15     544.9     3.27494     2.83067
31     14     16     238.4     1.52478     4.19904
32     38     25     273.62     1.72784     2.5032
33     21     35     918.6     2.66652     2.84341
34     44     27     66.44     1.52596     3.0594
35     39     29     858.06     4.44894     3.92521
36     46     27     494.8     4.74973     3.64505
37     18     29     758.52     1.52254     3.29196
38     34     20     595     3.62722     3.57944
39     30     31     400.26     4.2869     4.60654
40     43     24     559.12     4.28317     3.96702
41     25     30     92.32     2.48184     4.8645
42     9     20     210.96     3.674     4.62111
43     44     28     436.7     4.4671     2.72446
44     40     17     623.44     3.71053     3.79994
45     43     25     166.42     1.68896     4.65064
46     45     29     291.84     3.06943     3.25571
47     33     35     1076.46     1.83486     3.86738
48     28     22     207.52     1.69034     3.59622
49     25     19     507.46     4.67464     4.62767
50     45     33     852.84     3.96208     4.95804
51     15     19     48.66     4.59015     4.29228
52     9     26     895.38     3.09507     2.99318
53     21     18     65.88     2.29214     3.22306
54     10     26     99.76     2.68265     2.66831
55     46     16     966.04     4.72452     4.98779
56     33     20     975.48     1.94841     4.87526
57     31     35     266.62     2.65595     4.37727
58     38     32     262.4     4.18233     3.35543
59     24     24     1134.78     2.95941     3.23618
60     11     27     987.14     2.86317     4.43609
61     32     35     424.7     3.57872     4.10535
62     41     19     792.74     4.96966     4.579
63     22     33     504.46     2.18308     4.17661
64     17     17     735.08     3.9781     3.24175
65     25     29     305.5     3.50876     4.56061
66     36     20     619.44     4.04839     3.55182
67     33     28     122.76     4.38838     4.86694
68     21     33     391.26     4.39639     3.29264
69     35     29     618.44     1.96764     3.09626
70     25     35     698.2     3.35495     3.70273
71     17     19     28.22     4.11002     3.34628
72     14     25     339.38     4.62209     3.58646
73     24     32     147.42     3.48782     3.82832
74     33     22     302.28     4.69601     3.73867
75     40     27     1139.56     2.86221     2.69807
76     14     34     586.22     3.4984     4.18027
77     40     25     511.24     4.04967     4.19797
78     36     20     125.76     3.18532     4.20759
79     23     26     550.34     2.57627     2.61208
80     14     33     575     2.14473     2.7533
81     44     30     717.2     2.01965     4.03401
82     35     26     495.02     1.68233     4.06064
83     30     17     501.24     2.53803     3.44684
84     15     23     261.84     4.39468     3.66932
85     21     16     368.82     2.08727     4.61562
86     8     19     400.7     4.22912     4.71488
87     24     19     147.42     3.32514     2.79252
88     26     35     553.34     3.23264     4.53925
89     12     20     898.38     1.70284     2.73446
90     36     18     69.66     2.48729     4.1155
91     44     22     391.82     3.74482     4.53314
92     24     31     338.16     2.23243     2.78344
93     35     23     618.44     2.01495     4.75753
94     46     16     247.96     4.17656     3.29875
95     27     17     408.48     4.77142     2.9091
96     26     18     1002.14     1.99402     4.69443
97     18     34     511.68     4.80784     3.18949
98     34     31     954.04     2.01164     2.95412
99     23     18     303.5     2.98334     4.0801
100     25     15     956.26     4.08118     4.49927
101     34     19     415.48     2.43901     3.23519
102     30     23     1051.02     2.13993     4.98695
103     33     18     122.76     1.50171     2.6867
104     14     22     1113.56     4.45909     3.42204
105     36     26     350.16     2.77676     4.36216
106     30     15     748.08     3.57883     4.08071
107     10     19     1053.46     3.42651     3.41403
108     17     27     779.96     4.43175     3.74653
109     25     19     47.44     1.63758     4.36315
110     32     35     974.48     2.15328     4.25985
111     42     31     457.14     1.77494     2.5531
112     13     30     674.98     4.07968     2.87851
113     35     28     528.68     4.22388     3.41853
114     15     27     475.02     4.93367     2.95213
115     11     35     179.3     4.41882     4.56442
116     18     30     1050.24     2.69718     4.90837
117     34     20     595     4.56099     3.15905
118     20     23     1041.02     2.67251     2.55119
119     46     15     786.52     3.02168     3.63933
120     32     30     1097.9     2.72987     4.67338
121     15     29     1024.8     3.43506     3.22802
122     15     20     306.72     1.7429     4.4789
123     44     20     964.04     4.97682     2.76368
124     34     19     292.06     3.21224     4.32058
125     35     32     102.32     1.83081     2.84379
126     41     24     355.16     3.57541     3.24793
127     13     33     1112.56     2.34416     2.77947
128     31     24     434.92     3.7054     4.86915
129     39     25     555.12     4.8684     4.8629
130     36     29     1023.36     1.5956     3.02431
131     27     35     341.16     3.78872     3.94765
132     26     20     429.92     4.73382     2.77245
133     45     16     718.2     4.74119     4.84146
134     32     29     323.72     2.66172     4.18996
135     38     27     1036.58     3.51688     2.51068
136     18     16     814.62     4.72388     3.9816
137     45     19     291.84     2.15339     2.59857
138     23     16     763.52     3.00224     4.90493
139     41     33     254.18     2.7148     4.75501
140     10     27     391.48     3.9404     3.00645
141     32     27     256.4     3.25764     3.7788
142     9     16     570     2.65296     2.67029
143     27     34     1014.36     2.98569     3.57341
144     33     15     291.06     4.9248     4.47966
145     23     32     460.58     2.59186     3.914
146     40     28     62.44     2.39521     3.39038
147     13     23     832.06     3.28723     2.5277
148     25     28     731.86     2.43228     4.71793
149     19     25     30.22     4.51784     4.98634
150     12     27     191.52     4.19269     2.93527
