1     30     35     574.41     3.93538     3.605
2     38     27     393.05     1.52799     2.52083
3     43     17     244.195     1.57723     4.04424
4     41     15     88.34     2.4718     4.15807
5     37     33     853.615     2.08716     4.88693
6     23     15     425.39     4.08908     3.60164
7     43     19     575.575     1.73884     3.03423
8     24     27     248.865     4.93773     3.63926
9     15     21     287.205     2.99103     3.69594
10     24     23     521.07     2.32995     3.78971
11     19     33     740.935     3.67315     3.56388
12     11     21     815.78     1.86242     4.88319
13     39     17     121.845     2.35879     4.29846
14     35     26     1147.49     4.63192     3.9539
15     44     15     351.71     2.42587     3.82748
16     27     24     642.42     3.64014     4.44487
17     12     31     248.7     4.30453     2.95747
18     24     23     970.8     3.38614     4.22582
19     16     26     193.525     3.41284     4.79774
20     18     31     538.74     3.14463     3.92315
21     25     28     486.565     4.28039     4.49599
22     24     24     911.625     3.43303     3.0623
23     23     16     673.925     1.85762     4.288
24     17     26     372.05     4.16631     4.02333
25     29     16     64.505     3.51527     3.85853
26     12     19     378.885     4.99818     3.80795
27     19     21     137.35     4.2289     3.5152
28     41     25     41     4.35046     3.6198
29     10     28     45.505     2.45204     2.67472
30     14     16     1185.67     4.13031     3.75729
31     28     16     726.265     4.17763     3.66199
32     43     25     279.7     2.63405     3.81825
33     26     26     345.545     4.6849     3.32102
34     13     33     261.535     3.63929     3.21772
35     27     28     145.35     3.97543     4.93934
36     31     17     184.855     3.18394     4.51827
37     36     19     213.525     3.3965     2.98349
38     44     19     801.44     3.03311     4.57198
39     18     33     219.195     4.45119     3.14882
40     39     31     74.505     1.83348     3.47606
41     10     15     873.955     2.79641     2.72019
42     43     29     208.69     2.45514     3.84022
43     10     26     199.36     1.92886     3.74577
44     27     19     169.02     4.02094     2.86668
45     21     30     553.575     4.55789     4.02387
46     11     31     721.1     3.12262     4.74296
47     11     28     117.515     2.66535     3.40106
48     45     21     293.535     4.22623     3.34658
49     14     18     369.05     4.75529     2.88415
50     14     25     1090.99     4.26308     2.7633
51     46     34     708.76     2.28733     4.06377
52     38     20     120.845     3.9091     3.11632
53     46     19     874.45     4.80207     3.85052
54     11     22     1147.16     3.55223     4.20972
55     45     31     1121.99     3.72944     4.52414
56     47     34     331.04     4.94606     4.48279
57     46     34     720.595     4.88816     4.09436
58     45     19     471.06     4.55191     2.7781
59     40     29     241.195     3.6709     4.47539
60     16     15     252.7     3.06815     2.92169
61     31     18     954.13     4.41722     4.97162
62     36     22     379.215     3.14687     3.61499
63     41     27     325.04     3.47404     3.57677
64     43     24     185.02     2.29844     3.64048
65     26     18     1150.33     2.44414     3.58531
66     18     25     621.585     1.9828     4.87907
67     16     15     820.78     2.62123     3.01584
68     41     17     845.78     4.88955     3.1402
69     16     18     962.8     1.61301     4.34805
70     22     28     1134.49     3.90365     4.30456
71     15     31     1174.83     2.65221     4.57099
72     34     28     933.46     4.76084     3.27876
73     25     28     900.79     1.5941     3.04453
74     11     31     271.37     1.8887     3.26334
75     30     20     136.515     4.10222     4.67368
76     25     27     699.595     1.93645     2.83265
77     32     34     32     3.02147     3.39404
78     17     31     348.38     3.99124     3.32743
79     39     18     465.06     3.43869     3.47148
80     36     17     379.215     2.98248     4.06003
81     45     30     719.595     4.43057     3.61293
82     9     23     399.555     2.27441     2.83158
83     26     30     700.595     3.99947     3.89027
84     47     27     721.595     3.94446     4.26283
85     41     23     644.585     2.6959     2.97693
86     28     18     655.255     4.75037     3.4357
87     32     32     458.06     2.42972     3.19658
88     9     32     20.835     4.78466     4.84954
89     36     33     225.36     3.96806     3.3842
90     20     22     268.535     4.31649     4.18744
91     19     16     563.41     3.12027     4.56038
92     20     27     1025.98     2.82034     2.8975
93     41     21     1023.31     3.11184     3.41716
94     40     25     1034.14     3.69355     3.08451
95     44     26     789.605     4.64409     3.61736
96     33     19     44.835     3.66033     2.71561
97     39     32     192.855     1.64303     4.90555
98     19     33     1001.31     1.86328     3.63758
99     42     30     255.03     3.6943     2.53166
100     16     29     465.73     4.14324     4.90684
101     17     17     206.36     4.66663     4.48836
102     37     30     261.865     1.50534     3.93231
103     17     19     644.255     2.5219     4.05828
104     35     25     839.78     3.27441     2.93016
105     38     18     262.865     3.81371     2.67678
106     47     33     697.925     2.43538     3.19193
107     15     34     452.895     2.37268     3.10526
108     27     31     500.4     2.66385     4.66399
109     40     35     974.965     2.17945     2.91696
110     43     31     398.05     2.04208     3.34033
111     8     25     363.05     3.92534     3.29669
112     8     32     706.265     3.46368     3.96779
113     33     35     198.69     4.26031     3.15149
114     17     35     123.515     2.72506     3.0636
115     10     34     33.67     4.22858     3.53496
116     29     17     324.875     3.30517     4.74525
117     24     21     816.945     2.39148     4.88304
118     34     31     93.175     1.83198     4.3733
119     32     19     55.67     4.13854     4.56328
120     41     25     301.37     3.73692     2.50626
121     39     20     1151.49     1.68468     4.73594
122     39     23     1175.16     2.59635     4.1686
123     27     29     429.39     1.75678     3.02797
124     37     35     214.525     3.66161     3.42998
125     47     15     567.74     2.96561     3.51932
126     25     23     178.855     4.07498     3.29882
127     11     15     34.67     3.36734     3.04155
128     43     16     1001.64     3.27441     3.42669
129     25     28     25     3.21107     2.78947
130     41     19     715.595     1.58524     3.12616
131     9     18     825.615     2.87439     2.74468
132     12     22     1088.99     4.49979     4.70084
133     38     24     203.69     2.98675     3.91209
134     41     16     798.44     4.64313     4.58792
135     23     16     508.235     3.23969     3.36863
136     9     33     778.275     4.42897     4.81323
137     47     23     236.36     3.38496     4.62493
138     33     23     139.515     2.39981     4.7589
139     14     32     463.73     2.9201     3.29836
140     34     22     1205.67     2.75785     3.24343
141     45     16     1181.16     2.96155     3.1003
142     10     27     1063.32     2.58022     3.41426
143     14     19     534.74     3.30517     4.63439
144     26     34     144.35     2.22442     2.95282
145     9     18     316.71     1.674     4.50789
146     30     31     1166.16     3.91968     4.59204
147     32     29     304.205     2.15445     4.7557
148     39     18     997.635     2.04614     4.44655
149     44     20     209.69     4.81863     2.57645
150     28     34     87.175     3.6019     3.15516
