1     32     8     246.71     1.57242     4.35698
2     31     6     64.68     2.45076     2.83906
3     35     5     144.46     3.91092     2.58889
4     32     14     427.74     4.59838     2.97479
5     26     9     257.55     2.13608     2.84188
6     17     1     67.52     3.29321     4.03378
7     41     15     112.57     2.41455     2.92764
8     21     14     151.51     3.47052     3.49704
9     20     10     175.77     1.83647     4.16898
10     36     15     44.42     4.66065     4.49057
11     23     8     292.44     2.43004     3.87059
12     11     1     427.79     2.09571     3.41212
13     23     1     128.25     2.86221     3.10182
14     43     1     287.18     4.00577     2.87065
15     46     14     450.16     2.82717     4.79308
16     14     8     228.71     2.09998     4.93851
17     20     4     83.15     2.62326     4.64324
18     29     12     391.06     3.73766     4.71534
19     32     6     402.48     4.91594     4.841
20     13     10     417.16     3.28455     4.20568
21     11     2     415.16     4.68906     3.09763
22     29     15     252.13     4.65883     4.008
23     37     14     234.87     2.38411     4.49324
24     42     15     252.5     4.06259     2.81678
25     38     5     134.83     1.72549     3.63407
26     19     11     338.96     2.90269     4.73708
27     47     3     185.93     2.73521     4.62424
28     37     10     108.57     1.89724     4.41122
29     38     1     307.44     3.93303     3.84808
30     32     1     40.42     4.3714     4.95849
31     22     10     379.85     3.2257     3.06642
32     16     4     357.01     4.23894     3.72684
33     36     6     204.4     4.48323     2.82441
34     13     15     421.37     4.17304     3.35772
35     27     5     119.62     1.80207     3.67267
36     27     15     405.9     4.46294     3.16271
37     33     8     395.06     4.45717     2.6999
38     19     5     48.47     4.55928     3.31301
39     15     8     356.01     4.53941     2.87896
40     24     5     74.52     3.30667     4.34164
41     37     11     272.76     2.78263     2.72515
42     19     12     128.46     4.86306     4.45738
43     28     11     272.18     1.57733     3.76675
44     15     5     423.37     2.30752     4.67231
45     34     8     303.44     3.67154     3.32804
46     46     5     374.38     1.93538     4.24093
47     42     13     307.23     2.55939     2.62535
48     10     15     64.73     4.24023     3.91217
49     33     2     100.36     3.05747     2.67525
50     29     1     231.08     4.58396     4.494
51     43     10     97.73     2.06868     3.01485
52     34     7     257.13     3.05416     3.22993
53     27     1     106.99     3.03311     3.2355
54     9     6     59.52     2.50929     2.98906
55     22     13     173.56     4.56687     4.82826
56     39     8     203.19     1.81094     4.26778
57     33     11     365.59     1.78797     3.34178
58     36     14     128.62     1.74364     2.50381
59     30     11     320.49     3.8307     3.35376
60     19     11     120.04     2.62241     3.20406
61     28     14     44.84     4.54572     3.75355
62     13     13     290.86     4.08759     4.88311
63     20     10     365.22     4.38987     3.33811
64     39     15     186.35     3.58727     4.81574
65     36     8     419.11     3.0015     4.21995
66     39     2     451.58     4.04753     2.6014
67     32     1     191.98     4.46464     3.04811
68     11     13     389.9     2.72922     4.04103
69     28     6     427.95     3.75988     2.54143
70     26     4     430.16     3.27355     2.82617
71     19     11     124.25     3.40312     3.33392
72     16     6     79.15     1.9341     2.54158
73     27     7     153.3     4.27195     3.63315
74     22     6     139.88     3.99701     3.97923
75     14     1     426.58     2.11888     4.19095
76     8     5     130.09     3.88795     2.76536
77     35     7     317.07     3.77313     3.58669
78     46     12     235.45     2.46753     4.80003
79     27     15     27     3.52852     3.82267
80     36     2     398.06     2.01357     4.50888
81     20     12     331.54     3.72036     3.73295
82     34     4     278.18     3.39094     3.40777
83     18     9     144.3     2.48878     2.70318
84     36     10     313.86     1.90899     3.97977
85     17     11     206.45     4.72997     4.70466
86     11     11     246.76     2.86659     3.86425
87     44     3     372.38     3.73467     2.63939
88     34     9     139.25     4.28445     2.85928
89     17     12     172.77     3.51474     2.99883
90     26     15     287.02     2.82493     2.73591
91     27     6     241.71     4.81639     3.33399
92     23     3     418.74     1.89981     4.86503
93     39     15     312.65     3.82162     2.53914
94     16     1     175.98     4.46496     3.15676
95     15     8     356.01     3.53706     3.94742
96     19     4     145.3     4.50256     4.81285
97     26     6     425.95     2.86947     3.73867
98     46     11     121.78     1.69141     3.8905
99     41     9     66.26     1.89041     4.66063
100     47     10     329.07     4.26447     2.67991
101     36     2     280.18     2.28626     2.56195
102     29     5     205.82     2.55319     3.39343
103     27     10     359.59     2.99797     3.23786
104     29     7     58.47     4.22036     2.66724
105     45     11     242.87     1.54646     4.58823
106     47     5     47     1.67966     3.87654
107     21     2     138.88     4.54689     4.08856
108     22     12     354.59     4.70412     4.7618
109     8     3     151.14     1.90899     4.07308
110     43     5     274.55     1.71929     2.86836
111     16     13     100.2     2.72687     4.83032
112     34     5     450.79     3.78733     3.79887
113     28     1     301.65     3.3542     3.01149
114     12     15     79.36     3.27612     4.77722
115     38     14     437.95     3.16834     2.85112
116     43     6     165.09     4.71651     3.52542
117     12     13     369.85     1.52158     2.70035
118     33     6     441.37     1.84779     4.95376
119     15     9     103.41     3.87973     4.37231
120     26     7     265.97     2.35003     3.16179
121     39     11     257.92     2.14772     2.80061
122     45     13     453.37     2.26351     3.75362
123     36     13     452.79     2.68447     3.51024
124     39     10     253.71     4.59656     3.96435
125     38     8     42.21     4.00299     2.9001
126     8     9     332.17     1.62038     3.09984
127     31     8     31     4.65958     3.83961
128     28     7     242.71     4.85174     3.28837
129     36     5     355.96     2.82952     4.0759
130     19     4     233.71     3.72207     3.04521
131     8     7     163.77     1.57167     4.95552
132     41     11     179.93     3.43591     3.64994
133     17     7     269.6     2.27879     2.95671
134     38     8     71.68     2.01527     3.33514
135     8     6     45.89     3.81628     4.036
136     40     9     381.01     4.53226     4.28907
137     29     6     130.04     3.84864     3.28562
138     20     10     95.78     4.52852     4.96971
139     33     15     100.36     2.35334     4.90478
140     33     13     352.96     2.62316     2.73164
141     42     8     353.54     3.82141     4.98245
142     45     8     179.72     2.80784     4.26626
143     19     1     431.58     4.14655     4.59342
144     30     3     46.84     3.92875     3.8525
145     25     13     134.46     4.20103     3.20627
146     11     2     170.98     3.85644     4.42236
147     15     4     212.87     4.59955     4.90417
148     39     1     203.19     2.34362     3.93727
149     35     12     182.35     2.6504     4.91798
150     37     7     390.64     2.57018     4.57785
