1     33     7     856.68     1.50513     4.44906
2     38     16     424.1     2.55554     4.2027
3     43     26     609.28     1.62508     3.48476
4     13     28     133.12     3.57018     4.93767
5     42     13     42     3.8589     2.66785
6     13     36     750.88     3.28658     3.52695
7     16     10     101.8     4.62316     4.60829
8     42     40     230.76     1.80197     4.22491
9     15     35     15     2.01154     4.88502
10     8     39     205.34     3.79609     3.02934
11     42     18     522.48     3.02745     4.04798
12     43     16     497.74     2.35665     4.83978
13     34     40     265.66     1.5031     4.93263
14     15     20     23.58     3.4937     3.42799
15     43     22     308.98     3.70775     2.7868
16     8     2     85.22     3.84053     4.22147
17     36     7     181.86     3.64196     3.21024
18     43     34     866.68     2.04198     4.89906
19     11     12     525.8     2.52051     2.90651
20     12     2     852.84     1.83155     3.79872
21     23     22     134.54     2.44232     3.2474
22     21     12     218.34     3.29406     3.6391
23     36     32     868.26     2.24728     4.14998
24     22     6     476.74     3.31735     3.05185
25     18     9     52.32     2.56217     3.26586
26     15     16     607.02     1.73072     3.42792
27     22     31     631.18     2.53194     2.98349
28     8     10     788.78     2.6316     3.57547
29     16     39     153.28     2.24055     2.74224
30     34     4     694.66     3.89853     4.69077
31     43     22     737.98     3.81788     4.15975
32     27     36     584.7     2.89265     3.14096
33     17     3     59.9     4.23499     3.97084
34     13     27     699.4     4.34661     3.56059
35     12     34     509.64     4.28616     4.77996
36     31     32     648.76     2.44029     4.75906
37     37     19     157.12     2.25903     3.62537
38     19     4     233.5     3.56473     3.44134
39     9     1     618.18     3.79235     3.35635
40     23     28     494.9     2.27334     3.2419
41     39     4     819.78     2.42     4.32241
42     44     2     473     4.92064     4.06964
43     12     39     449.58     4.30453     3.87509
44     26     4     763.88     2.98772     4.26634
45     39     2     159.12     2.65606     3.68297
46     34     20     76.9     4.59731     3.07764
47     37     33     534.64     3.34053     4.85817
48     18     38     95.22     1.7132     3.43577
49     14     36     254.24     3.67389     3.39579
50     13     13     399.1     2.53066     2.55562
51     22     29     305.14     4.90536     3.42624
52     24     39     238.5     3.05138     2.8428
53     37     21     560.38     2.38646     3.27937
54     22     20     279.4     2.84747     3.11434
55     40     7     880.84     2.42897     4.3614
56     13     10     278.98     2.01292     2.63192
57     45     2     688.5     2.84993     2.84455
58     23     4     417.68     3.80197     2.94748
59     11     12     405.68     3.7037     4.16906
60     18     39     524.22     1.95524     2.56172
61     32     10     117.8     2.70199     2.85714
62     24     4     796.2     1.71374     4.39444
63     32     33     795.62     3.32141     2.64069
64     47     1     338.72     4.51997     3.56777
65     29     8     131.96     4.09848     4.40024
66     42     15     659.76     1.9059     3.00226
67     41     28     384.2     4.11162     4.41687
68     14     29     348.62     3.07028     4.3247
69     46     35     826.78     3.65146     2.93687
70     30     36     321.72     1.64132     4.08879
71     47     1     338.72     3.57819     3.0488
72     16     17     67.48     4.12871     2.80885
73     45     37     551.22     3.36648     4.87251
74     30     39     90.06     4.56142     4.30486
75     19     5     636.76     4.83786     2.56149
76     22     34     734.14     3.31436     2.86111
77     25     22     76.48     4.08043     4.1174
78     27     28     344.46     3.6223     3.19674
79     13     13     639.34     3.05661     4.01631
80     41     28     641.6     3.2805     3.24885
81     13     1     21.58     2.39821     3.64917
82     44     34     756.14     2.53365     4.76867
83     22     39     691.24     3.38827     4.57297
84     42     12     93.48     3.65221     4.22887
85     17     21     746.3     1.63128     4.57549
86     20     29     45.74     2.19547     4.04538
87     16     31     573.7     3.91092     4.05232
88     9     24     549.54     4.96358     4.10962
89     29     37     277.82     1.73435     2.69616
90     35     25     566.96     4.63544     3.63483
91     12     18     12     3.06537     3.99899
92     8     13     814.52     2.09539     3.31385
93     20     30     105.8     3.24343     2.56615
94     11     29     791.78     2.9467     2.79015
95     26     29     163.28     3.59197     4.24375
96     24     39     847.68     2.21277     3.44104
97     38     15     527.06     4.21288     4.05766
98     27     21     181.44     2.72559     3.9729
99     36     22     164.7     2.4686     4.46585
100     42     28     350.88     4.20241     3.83
101     12     3     827.1     4.15307     3.9227
102     39     5     468     1.50865     4.41473
103     10     33     790.78     1.8479     3.25579
104     31     24     245.5     2.61013     3.12113
105     23     40     186.02     4.46828     4.85572
106     29     12     337.88     3.21053     2.68044
107     14     35     185.6     2.49455     4.67772
108     47     16     107.06     2.07862     3.31935
109     24     11     324.3     1.89329     4.55618
110     16     30     196.18     4.5611     2.73049
111     25     2     531.22     4.22346     4.83177
112     13     18     519.22     3.78445     3.85617
113     25     24     745.72     2.93196     4.79072
114     16     32     204.76     2.54315     2.98326
115     35     26     481.16     2.83636     3.41685
116     32     35     658.34     2.3762     3.15226
117     41     22     143.96     3.29395     2.95595
118     15     30     135.12     1.83016     2.87744
119     14     32     571.7     4.56024     2.79298
120     18     7     26.58     3.91134     2.68029
121     10     24     636.34     2.33262     3.64101
122     36     7     259.08     4.72346     4.4351
123     42     25     42     1.98398     4.54382
124     28     36     517.06     1.79427     3.5271
125     22     20     562.54     3.48206     2.68967
126     43     7     866.68     4.58951     3.82344
127     17     27     360.2     2.49669     3.53908
128     23     38     383.36     1.71331     2.9561
129     36     6     276.24     4.19536     3.76331
130     10     3     696.4     3.79801     2.91787
131     28     2     765.88     4.22463     4.49721
132     27     19     353.04     4.57883     3.47026
133     31     13     194.02     3.38122     4.90303
134     28     16     740.14     3.65905     3.36436
135     27     35     756.3     3.4686     3.5477
136     42     31     599.7     3.45994     4.37407
137     15     20     315.3     1.84223     2.59224
138     9     18     695.4     4.8605     3.14173
139     47     11     278.66     2.14196     4.79377
140     30     40     158.7     1.52264     3.33636
141     36     33     602.28     2.71192     3.3195
142     42     40     599.7     4.4059     3.12441
143     26     16     214.76     4.70797     4.3746
144     22     10     502.48     1.96731     2.95282
145     9     24     335.04     4.89244     2.64061
146     41     30     401.36     3.05138     3.6449
147     13     38     381.94     4.61696     4.52826
148     19     3     713.98     4.96561     4.80834
149     38     16     878.84     3.49178     4.24123
150     22     33     502.48     2.24396     3.55594
