1     36     25     381.735     3.54048     3.02171
2     33     9     733.335     1.87759     3.56029
3     35     14     735.335     1.78423     4.80361
4     32     2     85.19     1.79865     3.11724
5     11     6     746.795     3.60511     4.31745
6     16     11     698.605     3.05127     3.23054
7     27     36     337.275     2.8574     4.2732
8     19     16     870.04     4.24888     4.69382
9     20     32     259.355     2.99893     3.36505
10     37     12     905.77     3.11483     4.27007
11     23     11     164.84     3.65125     2.57012
12     8     2     743.795     3.38699     4.89723
13     23     28     342.14     3.34758     4.25993
14     24     11     227.895     2.90921     3.70502
15     26     30     575.63     4.46849     4.12404
16     8     35     655.145     4.91092     2.84585
17     21     15     286.95     2.86488     3.4067
18     43     20     131.65     3.47351     3.13677
19     45     26     470.52     4.16909     3.95543
20     35     18     540.305     2.68532     3.01469
21     46     14     462.655     3.79182     3.58234
22     21     21     384.465     2.9828     2.80427
23     24     22     156.975     4.10852     4.23818
24     35     26     354.14     3.67988     4.29762
25     21     23     818.85     2.33251     2.99829
26     33     10     821.985     4.18511     3.14684
27     12     28     597.09     1.57477     3.36184
28     9     9     567.495     3.90568     4.06964
29     25     5     707.605     3.09293     4.363
30     15     8     706.47     4.33935     3.86631
31     27     12     638.685     4.22602     4.99466
32     37     20     852.58     2.85356     4.75013
33     37     15     418.195     2.01773     3.94467
34     8     37     132.11     2.65264     2.98975
35     30     9     127.515     2.52756     4.64515
36     17     16     531.17     3.93153     2.86462
37     24     17     254.49     4.32814     3.13326
38     45     37     80.46     4.21801     3.43211
39     44     33     540.44     1.69056     3.72547
40     46     9     152.38     4.40173     3.10793
41     21     16     411.06     3.95877     2.50359
42     24     14     511.575     2.95129     4.5584
43     33     32     165.975     4.60842     3.61377
44     29     14     525.44     2.81841     4.90593
45     19     25     657.28     4.99615     3.37756
46     33     36     697.875     3.02959     3.74615
47     35     12     708.74     1.79438     4.71618
48     14     3     191.3     2.96561     3.97855
49     20     25     658.28     4.61525     4.38643
50     33     4     174.84     1.82803     2.94839
51     22     34     30.865     3.31991     3.0298
52     11     4     693.605     3.79395     3.90233
53     26     38     744.065     4.01773     3.03362
54     41     28     900.905     4.3574     2.75567
55     40     15     483.25     4.25112     4.20499
56     20     31     764.66     3.35868     2.67266
57     20     27     498.71     1.86894     4.75715
58     26     40     114.65     2.70167     3.95886
59     44     7     318.815     2.58684     2.60804
60     44     2     451.79     2.75721     4.26634
61     12     39     579.36     1.73563     4.4921
62     38     5     108.92     4.45578     4.1113
63     27     31     496.845     3.19633     2.88347
64     26     32     256.49     3.06623     2.70409
65     19     14     249.49     2.0235     3.23305
66     21     9     836.58     1.66279     4.09177
67     37     14     533.44     4.25593     4.01677
68     24     31     210.165     2.27943     3.61316
69     10     21     790.12     3.41444     4.59693
70     40     25     385.735     2.75155     4.66659
71     27     6     550.035     4.68757     3.3964
72     14     36     732.065     2.74525     3.28967
73     18     1     416.925     2.30432     3.8847
74     32     16     643.685     4.97415     3.05231
75     31     15     243.76     4.59539     3.37695
76     14     27     563.63     4.60382     2.76131
77     28     7     816.985     1.74033     4.64499
78     30     5     180.705     1.8432     4.47829
79     41     20     617.225     2.20402     2.84135
80     25     3     211.165     2.72474     4.34957
81     9     29     469.98     4.85879     2.7356
82     28     5     488.98     4.57007     3.74889
83     43     35     814.255     4.79556     3.76316
84     32     24     147.245     4.64495     3.23244
85     34     30     645.685     4.82194     2.88652
86     10     36     754.66     4.00128     4.30631
87     29     33     339.275     4.64719     2.76933
88     43     6     140.515     3.00555     4.00685
89     8     1     25.73     2.75604     2.76238
90     41     7     741.335     2.55683     4.79293
91     9     10     629.55     3.9687     2.70272
92     28     3     568.765     3.98996     4.75127
93     36     2     390.6     4.68906     4.52483
94     26     12     26     4.1677     3.11373
95     31     36     678.145     4.8401     4.18439
96     28     5     586.495     3.26052     3.58783
97     39     38     765.93     4.48729     3.89492
98     22     7     137.245     4.21278     2.99898
99     17     35     52.46     2.64879     4.67627
100     11     39     702.47     3.89724     2.74552
101     17     10     451.385     1.79374     4.21613
102     15     29     343.005     3.95685     3.06658
103     31     5     554.035     4.02767     2.54364
104     35     15     114.785     2.83412     2.62192
105     13     19     30.73     2.46529     3.01614
106     29     4     738.2     3.98793     3.38473
107     43     39     175.975     2.79182     3.61751
108     13     10     341.005     1.79748     3.34635
109     11     7     37.595     1.51004     3.56998
110     17     24     522.305     4.65477     4.53421
111     37     21     551.17     4.87684     2.75735
112     17     28     433.655     4.243     3.84175
113     27     1     399.33     4.52521     3.96207
114     44     39     212.435     3.00417     4.17104
115     30     29     783.525     4.27569     2.9133
116     33     36     449.655     1.7931     3.38778
117     40     8     252.76     3.63384     3.64902
118     47     37     570.035     3.71918     3.58898
119     24     28     307.68     4.47639     4.18897
120     38     30     454.655     2.67528     3.18285
121     9     24     26.73     2.42341     2.52182
122     36     39     860.445     2.05544     4.2819
123     19     22     577.495     4.89981     2.90361
124     25     30     884.905     4.15851     2.90704
125     25     30     681.01     2.3825     4.96902
126     19     3     666.145     1.77985     4.50636
127     41     33     218.3     4.83689     3.155
128     18     26     142.11     3.49135     4.78423
129     39     15     597.495     3.33871     3.93796
130     21     37     162.84     1.60724     3.34422
131     18     1     851.31     3.88603     3.38153
132     19     24     400.195     1.83946     2.64451
133     45     32     825.12     3.89586     4.99878
134     35     27     770.795     2.63854     4.76508
135     24     21     59.46     2.39073     2.92512
136     37     3     196.57     4.72324     3.4875
137     13     6     669.01     1.8715     2.90567
138     46     25     320.815     1.79737     4.18844
139     11     15     684.74     1.87748     3.59325
140     8     9     442.385     4.9545     4.04378
141     30     39     606.225     1.73499     3.16027
142     32     4     289.085     2.76864     2.54669
143     45     15     133.65     1.99252     3.72204
144     46     23     542.44     4.07498     4.83795
145     42     6     59.73     4.54422     3.57356
146     17     34     868.04     2.43527     2.84761
147     30     32     801.255     4.43986     4.73823
148     32     9     856.445     2.29321     4.25123
149     18     34     567.63     4.88347     3.32873
150     34     7     291.085     1.81564     4.23643
