1     23     21     454.4     1.60468     3.2036
2     23     23     483.16     3.37738     4.63149
3     33     15     608.2     4.9294     3.64872
4     38     25     692.29     4.373     3.9304
5     38     18     685.1     2.7398     3.3063
6     21     26     128.85     3.99124     4.0511
7     13     23     199.94     3.6332     2.59232
8     44     31     44     2.79598     4.654
9     24     19     613.58     2.38614     3.09961
10     24     25     31.19     3.67112     4.49156
11     12     27     414.64     4.90664     4.13144
12     32     34     693.48     2.86456     3.09786
13     29     17     582.63     2.87214     4.54688
14     32     23     132.66     4.22121     2.79038
15     39     22     686.1     3.05629     4.91928
16     9     25     73.71     4.10276     3.48476
17     22     31     733.81     2.84202     2.50671
18     15     15     281.03     2.99509     2.82128
19     39     15     477.59     2.92299     4.03569
20     42     30     423.07     1.80325     4.10489
21     28     33     732.62     4.69259     3.79612
22     46     29     599.63     3.8339     4.55664
23     37     21     461.21     2.81927     4.55008
24     27     20     91.71     4.96507     3.87829
25     25     22     89.71     4.51122     3.75233
26     37     35     231.13     3.50352     3.12967
27     17     33     664.1     1.96667     2.58332
28     20     24     652.72     1.73008     3.91743
29     30     34     698.67     3.01325     2.7955
30     22     28     273.65     2.63192     2.89758
31     45     24     109.71     4.43377     3.87082
32     32     32     492.16     1.82205     4.08963
33     26     18     270.46     2.4796     2.99165
34     41     19     263.89     2.6473     4.00365
35     26     28     514.92     2.07274     2.82434
36     15     15     101.28     1.9828     4.57961
37     24     22     174.99     3.69376     4.61455
38     24     31     311.6     2.7148     3.93956
39     25     17     96.9     2.95802     4.09536
40     34     28     573.25     3.91038     4.95193
41     24     23     110.28     2.87983     2.70837
42     11     24     557.44     3.67454     4.10833
43     19     32     47.76     3.82301     4.13671
44     26     22     478.97     4.19611     3.21345
45     12     33     342.74     2.63993     3.65062
46     28     25     143.04     4.97896     3.88661
47     24     33     678.29     4.49776     2.76574
48     24     28     88.71     1.76266     4.87632
49     27     32     91.71     1.89148     4.21407
50     12     18     608.77     1.62999     4.68719
51     27     29     41.38     4.84629     4.72663
52     38     20     102.71     1.80122     4.51949
53     9     26     23.38     3.30496     3.12952
54     27     21     444.02     2.11728     4.02119
55     19     28     630.15     1.70476     3.7524
56     35     35     732.43     2.20914     4.85221
57     12     35     529.68     3.24108     2.64847
58     26     16     378.31     4.35527     4.56137
59     18     22     89.9     3.3182     4.12831
60     33     22     198.37     4.52702     3.27601
61     31     21     261.08     2.68863     2.60514
62     28     26     531.3     3.12038     3.20376
63     41     24     486.78     1.77847     4.75364
64     26     16     155.42     3.87663     3.44722
65     34     31     688.29     4.20188     4.47958
66     24     23     577.63     4.489     2.63062
67     41     31     450.83     4.96144     3.20429
68     13     21     156.8     3.39831     4.33966
69     22     30     367.12     1.83764     2.95946
70     23     19     51.76     1.77483     2.87286
71     42     29     200.18     1.96464     4.79583
72     45     29     656.15     4.18863     4.30685
73     21     15     157.61     2.59389     2.50328
74     19     32     730.81     3.96657     2.87255
75     38     18     728.24     2.04518     4.1451
76     10     34     204.13     2.23745     2.64496
77     31     35     275.46     2.34587     3.90248
78     45     19     95.33     4.66482     4.54535
79     31     25     448.02     3.5564     4.2336
80     37     20     231.13     2.86595     3.65497
81     46     27     211.37     3.78445     3.34391
82     13     21     372.5     3.52019     4.34294
83     28     18     703.86     4.88603     2.96937
84     22     20     532.49     3.66353     3.20498
85     10     16     628.34     2.85356     3.97244
86     29     34     187.18     3.1708     4.8159
87     14     15     351.93     4.89329     4.7499
88     32     33     722.24     1.92587     2.79336
89     36     33     474.59     3.18735     4.95361
90     45     19     102.52     2.67913     3.67565
91     24     27     721.43     3.34672     4.52406
92     43     32     114.9     2.09218     3.61057
93     29     33     640.15     2.54817     3.03568
94     23     27     296.22     4.97052     2.85752
95     18     25     449.4     4.86178     4.3553
96     16     29     109.47     2.18287     3.10205
97     15     18     439.21     3.76351     4.11275
98     36     24     151.04     3.26949     2.58278
99     20     25     429.83     1.83753     4.9839
100     17     15     606.58     4.73659     4.03073
101     26     21     220.13     4.66407     4.78668
102     12     29     515.3     2.53845     2.92138
103     32     23     377.12     2.89543     4.88907
104     45     18     210.37     3.24813     3.53923
105     16     19     353.93     2.02051     3.92987
106     8     25     719.81     2.41412     2.85447
107     39     16     154.04     1.81542     4.35194
108     30     25     195.37     3.60596     4.71274
109     24     22     74.33     2.48206     4.24787
110     19     32     292.22     4.64602     4.33676
111     18     22     140.23     2.47468     4.51811
112     46     24     578.06     3.52959     3.14104
113     21     28     452.4     2.01303     3.84167
114     35     15     265.08     3.0329     3.85899
115     17     27     383.69     1.78413     3.95955
116     36     25     604.01     3.50705     3.48178
117     40     28     226.94     3.83059     2.77009
118     28     30     294.03     4.86135     4.01082
119     23     16     483.16     4.12668     2.73766
120     11     22     722.81     3.73243     3.52206
121     9     21     720.81     4.84245     4.61287
122     21     27     150.42     3.34234     2.5428
123     35     30     466.4     4.29427     3.9658
124     42     29     365.55     4.54326     3.24145
125     25     17     463.59     3.08417     3.03224
126     23     31     339.36     2.54956     3.92918
127     23     20     353.74     1.92555     2.87126
128     44     17     576.06     3.35826     3.87455
129     33     23     198.37     1.65691     3.33636
130     12     30     371.5     3.85612     3.43036
131     44     25     719.86     1.94339     3.35833
132     33     31     83.33     2.11472     4.47325
133     19     22     637.34     2.16471     4.04118
134     37     20     353.36     2.87268     3.65543
135     11     22     593.39     4.49231     4.57038
136     26     17     579.63     4.20594     3.46934
137     31     25     527.11     1.65189     3.43318
138     34     25     594.82     3.88464     3.62445
139     28     30     28     1.87588     4.95262
140     8     31     496.92     4.41871     2.73682
141     30     18     137.85     3.54091     3.63201
142     13     15     264.65     2.78968     2.8312
143     10     15     707.43     3.49466     3.81443
144     12     22     407.45     3.37097     4.15502
145     34     25     321.6     4.06943     4.65255
146     15     32     15     1.53514     2.80572
147     36     35     136.66     4.78317     2.89216
148     47     22     615.01     4.44916     3.67016
149     27     16     336.17     3.22816     3.46789
150     40     24     298.84     1.55608     3.67649
