1     14     3     123.59     3.97436     4.60585
2     19     7     139.83     2.31008     2.84532
3     27     15     93.035     2.59058     3.3742
4     41     11     111.25     4.67988     3.33079
5     31     1     66.125     1.80399     4.33126
6     41     3     107.035     2.63886     2.95183
7     29     4     127.35     2.13437     3.56029
8     29     3     156.855     3.5611     3.88592
9     9     12     62.39     3.51239     4.97002
10     46     9     47.405     3.84736     3.38641
11     36     3     128.73     4.30859     4.87381
12     15     1     47.315     4.79876     4.76897
13     11     5     88.275     2.55074     4.38307
14     38     3     116.68     2.67667     3.71052
15     8     5     65.605     2.8276     4.6118
16     38     3     75.935     1.95151     4.86038
17     16     11     83.44     4.38122     4.69436
18     31     10     98.44     2.73788     3.76408
19     11     3     67.2     1.88539     2.61536
20     20     11     59.34     4.41754     4.10001
21     32     14     79.77     2.4138     3.85273
22     36     4     124.515     4.4499     2.72774
23     22     11     111.92     2.59304     2.83212
24     43     6     55.645     2.87065     2.5499
25     28     10     87.01     2.94488     4.69504
26     22     15     142.83     1.97661     3.18552
27     26     11     125.755     3.41572     4.87854
28     10     7     81.655     4.69921     4.45677
29     37     10     66.505     4.59346     4.00807
30     37     2     63.695     4.66471     2.68731
31     39     14     175.285     4.11109     3.10236
32     27     15     157.665     2.94243     4.81422
33     29     8     72.555     2.23948     4.09139
34     42     2     54.645     2.48045     2.81114
35     23     11     114.325     2.66599     3.14562
36     47     8     87.745     4.72869     3.42532
37     35     1     71.53     4.96144     4.31974
38     31     15     75.96     4.94862     3.22604
39     11     10     26.455     2.73435     3.50658
40     23     11     110.11     3.71256     3.96573
41     10     8     105.54     4.97308     2.70562
42     21     1     88.44     3.08823     3.25419
43     43     4     149.78     3.57456     4.6025
44     12     12     146.88     1.5125     3.04498
45     10     15     101.325     2.56153     4.96178
46     12     10     118.78     4.85153     3.43387
47     17     1     45.1     3.98697     2.83204
48     15     15     117.565     4.64869     4.2703
49     37     8     51.05     3.0251     3.56342
50     45     3     147.565     4.06046     4.58136
51     46     13     93.77     2.75155     4.6379
52     33     7     167.88     3.97949     4.80796
53     10     13     26.86     3.1097     4.31127
54     42     11     110.845     1.8448     4.35392
55     43     15     93.58     2.56516     3.06902
56     35     15     85.58     3.14025     4.44678
57     12     12     37.29     1.94734     2.89338
58     11     9     91.085     3.57958     3.81207
59     40     10     75.125     3.47917     4.34362
60     29     5     114.705     4.98003     4.65972
61     11     10     39.1     4.99338     3.94841
62     33     9     58.29     1.82215     3.98236
63     15     7     61.365     3.337     4.41107
64     18     2     50.315     4.99893     2.66709
65     24     11     119.54     3.46347     2.62726
66     38     3     87.175     4.75016     4.91935
67     32     3     138.78     1.71139     3.01477
68     18     13     34.86     2.28626     2.99875
69     28     7     155.855     2.77184     3.65642
70     11     15     85.465     1.59859     4.76859
71     30     13     111.49     3.84234     2.75475
72     29     11     121.73     3.4577     4.05652
73     41     10     107.035     1.9686     2.89987
74     24     2     115.325     1.59816     3.82893
75     8     11     126.02     3.57413     3.14966
76     22     5     64.15     2.09261     4.67681
77     31     9     109.68     4.67678     3.92193
78     14     3     117.97     2.91156     3.61499
79     15     4     85.25     4.7931     4.69985
80     45     2     175.665     3.67186     3.19315
81     23     15     100.275     2.03012     4.54939
82     47     6     141.135     3.57199     3.41983
83     22     10     29.025     4.36499     2.94939
84     18     2     81.225     1.51517     3.99869
85     18     3     121.97     4.61109     3.4344
86     20     1     80.415     1.92     4.37727
87     20     10     91.655     3.07274     2.54913
88     16     3     87.655     1.71844     4.10855
89     41     1     167.45     4.3872     4.11679
90     37     1     60.885     4.04155     3.52435
91     19     12     113.135     2.55362     3.81855
92     30     8     38.43     2.59175     4.72236
93     14     11     60.365     3.14986     4.0865
94     11     12     92.49     3.20487     2.86409
95     11     1     68.605     2.23692     4.30868
96     38     6     38     2.09635     2.78695
97     16     6     128.4     2.45076     3.8464
98     40     4     159.425     4.79865     3.42769
99     14     12     126.4     3.28156     2.86447
100     34     2     66.315     1.78242     2.55875
101     10     11     77.44     4.04027     3.47415
102     12     13     134.235     2.26885     4.33729
103     37     8     97.415     2.01314     3.68755
104     41     15     129.515     3.72645     4.6662
105     21     11     96.87     3.30389     4.18554
106     8     15     107.755     2.05693     4.36827
107     25     11     58.72     4.3621     2.89804
108     13     10     55.15     3.9687     2.6722
109     24     4     126.565     3.70081     4.89631
110     38     8     143.375     3.03674     3.51184
111     10     3     90.085     1.80058     2.59789
112     15     1     27.645     3.45108     4.63698
113     14     10     119.375     3.20103     3.78483
114     31     7     91.415     3.95225     4.53757
115     18     6     69.985     3.2805     4.93301
116     8     2     37.505     4.95428     4.68001
117     14     14     115.16     1.7225     4.85496
118     43     11     51.43     3.85516     4.5558
119     42     15     105.225     4.17048     3.65528
120     42     6     176.88     3.03504     4.54314
121     27     9     57.91     1.569     4.49789
122     19     3     113.135     2.54198     4.08025
123     19     15     96.275     4.19387     3.18613
124     12     8     51.34     1.96443     2.65244
125     29     4     51.48     4.36776     3.05528
126     41     5     94.39     4.49242     3.59043
127     29     9     120.325     4.36584     2.678
128     24     9     136.4     2.1646     3.18155
129     22     7     103.49     4.50641     3.8815
130     30     7     79.175     1.80549     2.59407
131     26     2     40.05     3.9311     2.57752
132     30     10     73.555     4.14676     2.61322
133     13     7     121.185     3.57103     4.90577
134     41     11     109.845     2.63875     3.69007
135     26     9     135.59     4.30143     3.68778
136     9     15     72.225     1.94819     3.80261
137     21     12     30.835     3.78338     2.69539
138     38     12     59.075     3.6442     4.13015
139     32     3     60.1     2.49306     3.73051
140     25     2     144.425     4.57039     2.53906
141     38     15     156.02     4.93869     4.01776
142     35     4     140.375     4.40654     4.88212
143     35     2     92.605     2.0643     3.90927
144     47     2     107.415     4.91594     4.10939
145     9     2     146.69     4.84245     4.9028
146     12     14     118.78     4.3809     4.69222
147     20     13     73.39     3.05266     2.97121
148     28     14     51.885     4.72634     4.85969
149     32     3     102.25     3.24877     4.7058
150     23     1     82.01     3.32974     4.14724
