1     28     14     154     2.42192     4.05591
2     33     23     654     3.42886     2.54242
3     42     9     564     1.50534     3.95077
4     33     31     69     1.93944     3.6401
5     30     9     372     2.43463     3.47591
6     41     5     770     2.45503     4.61768
7     40     40     256     2.43281     4.52902
8     35     14     539     4.32237     3.6034
9     46     9     919     2.23531     3.04369
10     31     39     121     2.64174     4.38765
11     40     15     688     3.36958     4.81971
12     31     5     247     2.3903     3.65886
13     45     36     468     4.12123     4.16517
14     28     11     721     3.23211     3.55274
15     29     27     470     4.68863     2.85226
16     32     8     374     4.01677     4.51315
17     12     14     858     4.02478     4.38421
18     34     37     808     2.46432     3.46637
19     37     24     667     2.3667     3.57547
20     13     11     49     4.03899     4.80728
21     21     12     912     2.45204     3.94459
22     41     12     932     1.50897     4.19797
23     20     5     506     2.42331     2.91902
24     41     5     68     2.19547     2.67937
25     32     20     878     4.91989     4.85298
26     35     35     755     4.90728     3.59508
27     9     5     252     3.85698     4.35705
28     19     34     640     3.56398     4.82742
29     30     10     453     4.89308     4.94118
30     40     7     238     3.50726     3.8464
31     14     30     131     2.58332     2.96968
32     21     40     237     4.99818     3.07108
33     8     27     170     1.72217     4.42869
34     10     14     613     2.90291     3.04353
35     20     30     20     2.37246     4.50629
36     25     10     169     2.5658     3.41487
37     39     5     678     4.58161     4.9852
38     33     29     366     2.87033     4.24429
39     35     32     251     4.78658     4.44762
40     22     31     85     2.48611     2.61017
41     45     13     756     4.90558     3.79307
42     47     1     542     4.80581     4.53444
43     30     33     858     2.61707     4.56832
44     14     34     446     4.06697     4.71824
45     18     14     657     4.82717     2.60987
46     36     14     738     1.66332     4.09093
47     11     24     92     4.8229     4.49942
48     42     18     96     3.6427     2.67182
49     31     40     193     3.61504     4.33096
50     41     18     392     2.89212     2.74369
51     30     9     39     1.96678     3.29112
52     43     11     592     2.01154     4.83902
53     13     13     130     1.61109     4.55176
54     8     9     260     3.37374     4.03882
55     30     33     705     1.65413     3.47491
56     42     10     915     4.8731     4.08437
57     46     20     883     4.16802     3.13044
58     26     17     539     4.86018     4.30044
59     29     20     389     4.46945     2.62612
60     24     12     726     2.26554     4.33218
61     9     17     486     4.58673     3.25037
62     46     23     451     2.41049     4.19362
63     20     32     614     4.41412     4.92691
64     22     7     850     4.00406     4.62897
65     9     26     621     2.05362     2.98265
66     16     39     817     2.32952     2.78665
67     27     35     783     3.34426     2.72782
68     45     30     666     1.61707     3.20559
69     38     27     695     2.07883     4.34851
70     22     39     535     1.60446     4.11389
71     28     16     811     4.40814     3.11136
72     22     8     589     3.78477     4.04019
73     42     17     51     2.93292     4.88189
74     44     4     701     2.34245     3.73775
75     8     29     80     1.98302     4.45372
76     18     17     279     1.7759     3.42036
77     44     18     917     3.0846     4.19187
78     32     34     401     1.7085     2.81152
79     23     15     437     3.11376     2.98738
80     42     38     231     4.88603     4.00578
81     15     35     771     1.63865     3.0253
82     13     31     553     2.86253     4.64209
83     19     35     523     3.44916     4.3643
84     31     12     922     2.37385     3.89065
85     11     39     191     2.2728     4.82948
86     20     39     425     4.89735     3.75164
87     21     5     651     1.6802     2.71729
88     41     16     590     2.40013     3.1663
89     41     37     257     3.17571     4.81376
90     13     8     508     3.27548     4.94118
91     14     28     770     3.47757     4.72358
92     19     15     325     4.46443     2.98372
93     34     26     754     4.48419     4.01334
94     42     39     933     4.26746     4.85214
95     38     19     686     4.42875     3.66642
96     44     39     692     3.34202     4.61585
97     39     1     768     1.72068     3.35063
98     35     33     134     4.38859     3.52962
99     23     9     113     4.47565     3.49834
100     31     3     148     3.52297     3.52008
101     34     2     736     3.73125     2.69868
102     9     18     810     4.83721     3.4843
103     26     25     278     4.85238     2.90315
104     43     26     43     2.14794     3.40114
105     35     23     35     1.62209     4.94285
106     46     23     127     4.93153     3.7553
107     39     1     462     1.52211     4.35873
108     19     8     352     3.44691     2.77322
109     27     31     135     4.19846     2.54387
110     42     31     897     2.54711     3.97252
111     16     6     295     3.11579     3.19918
112     46     34     496     1.67603     4.02257
113     35     31     125     3.40045     4.10024
114     39     13     183     1.55512     3.41906
115     14     5     779     3.36819     4.17783
116     15     21     555     2.55554     4.96994
117     29     10     479     2.74204     3.41037
118     21     22     471     1.75913     2.59407
119     41     3     572     2.55618     3.02919
120     37     39     775     2.70669     2.93321
121     8     8     116     3.74781     3.53572
122     22     9     913     2.83294     4.77508
123     19     29     487     4.43634     3.03194
124     10     19     694     4.08994     3.78994
125     23     35     581     2.8903     3.36268
126     10     1     145     4.75764     2.57981
127     29     7     875     2.68191     4.07109
128     47     24     317     3.94179     3.53954
129     43     18     736     2.52831     4.16555
130     42     11     906     4.75977     4.53024
131     40     24     400     2.32109     4.20057
132     30     9     471     2.21288     4.86618
133     27     1     450     4.34341     3.66863
134     8     13     206     4.74824     4.11336
135     12     3     120     2.67368     3.70579
136     14     37     500     2.00523     3.70098
137     33     6     204     2.77804     2.60887
138     45     4     315     4.7524     3.84495
139     19     14     28     4.78915     4.16616
140     25     32     232     3.00951     3.28471
141     47     5     569     2.97308     3.79887
142     17     37     692     3.3589     4.33149
143     30     7     498     4.88389     2.5174
144     24     40     591     1.94285     3.23016
145     13     12     463     3.70498     3.68831
146     37     20     361     1.64965     3.3327
147     37     1     649     1.77868     2.61437
148     20     32     38     3.48633     3.5847
149     44     31     224     4.82333     3.92743
150     27     38     504     3.63929     4.82421
