1     35     36     940.588     1.65477     4.92866
2     35     32     645.08     2.53749     3.55266
3     29     20     95.7275     3.56996     4.91104
4     44     35     711.275     2.57028     3.4067
5     9     39     600.015     3.97127     4.99191
6     27     12     694.275     4.70028     2.73576
7     41     20     917.99     3.77483     4.0772
8     23     28     99.26     4.22015     4.52704
9     33     15     509.625     2.16941     3.83694
10     41     18     374.638     1.757     4.3994
11     39     8     391.703     1.6615     2.89445
12     18     31     694.808     2.41102     4.94987
13     34     3     339.04     4.80752     3.82862
14     39     9     553.755     3.08107     2.91139
15     23     31     899.99     2.63341     2.98791
16     36     10     912.99     2.97874     4.12381
17     37     15     971.185     3.7429     3.11792
18     31     14     698.275     2.32942     3.81672
19     18     28     609.015     2.61184     3.80024
20     16     16     454.495     3.26138     4.70565
21     20     9     191.585     2.5706     4.70466
22     40     29     869.328     2.38112     2.89949
23     33     29     61.5975     2.47447     4.15365
24     39     23     658.613     3.03781     4.12229
25     31     4     507.625     3.06056     2.99936
26     35     28     216.118     1.77409     2.74545
27     22     14     708.34     4.99284     3.81298
28     24     5     538.755     4.96486     3.63407
29     17     31     760.535     2.09453     2.88659
30     43     23     595.885     2.14313     4.30479
31     24     38     462.495     4.76885     2.54791
32     30     13     239.715     4.51453     4.89662
33     8     30     751.535     2.60468     3.78697
34     32     4     394.235     1.65723     3.45416
35     17     32     283.91     2.67336     4.19561
36     26     22     273.845     4.41198     4.02348
37     23     31     423.365     3.51004     3.7196
38     34     39     453.43     2.45706     2.55982
39     43     26     900.925     2.78359     3.22283
40     27     11     150.923     4.57274     3.1489
41     39     13     305.91     3.65456     3.36467
42     35     22     63.5975     4.09229     4.53963
43     29     17     620.015     2.3197     3.78903
44     44     34     463.43     2.54016     4.49011
45     25     39     568.353     2.24461     2.62627
46     36     21     331.508     3.9593     4.42572
47     34     9     939.588     2.58332     3.80825
48     45     1     64.065     4.42331     4.4097
49     29     26     200.585     2.78616     4.69459
50     30     2     153.923     4.73894     3.42677
51     42     8     318.443     2.39436     4.01227
52     24     27     805.665     4.3338     4.97848
53     36     17     379.17     3.02275     2.60804
54     42     18     89.6625     4.33337     2.9912
55     13     27     13     2.02916     4.51239
56     29     31     314.975     2.32386     3.03751
57     25     19     539.755     2.37246     3.31668
58     16     24     616.548     3.30421     3.86876
59     22     15     603.483     3.65723     3.86258
60     37     24     580.353     4.82386     4.26115
61     10     20     944.185     2.36584     4.24398
62     34     20     939.588     1.80955     2.67357
63     21     33     526.223     4.77921     3.12143
64     34     5     910.99     4.07915     4.719
65     19     33     114.325     3.58332     4.84947
66     33     33     137.858     3.54198     3.44661
67     19     21     85.7275     2.16449     4.91524
68     44     9     768.47     3.08823     4.93881
69     19     24     705.34     2.59218     3.19132
70     14     28     347.638     2.16524     4.21804
71     25     25     520.69     2.7884     4.99985
72     36     35     674.678     2.04027     3.96878
73     43     28     729.34     2.88517     4.98917
74     18     11     618.548     2.75272     3.56975
75     8     18     808.73     3.26981     3.82366
76     19     22     571.885     2.25208     3.4402
77     13     4     899.523     4.81692     2.68571
78     38     34     180.988     4.72442     4.69794
79     17     20     741.47     4.30859     3.09
80     35     1     816.665     3.10585     4.12992
81     18     37     160.988     2.54176     4.51041
82     26     7     388.235     2.28423     4.47554
83     14     22     109.325     4.12326     4.81956
84     45     23     407.235     2.48697     2.52243
85     34     2     148.39     1.95183     3.54076
86     8     15     112.858     2.35794     2.51473
87     46     11     856.263     2.38838     2.91261
88     32     15     670.678     4.221     4.87335
89     39     26     954.12     3.61354     4.2658
90     10     6     820.263     4.03076     2.7295
91     36     17     436.365     4.17219     4.71244
92     15     29     53.13     4.51164     3.77064
93     41     17     660.613     3.20594     4.14808
94     14     33     33.065     2.48387     4.89814
95     39     28     668.145     2.87353     2.56645
96     42     29     127.793     2.8777     4.69825
97     18     21     303.975     2.4577     2.68616
98     16     38     921.588     3.43356     3.72547
99     34     11     653.613     1.66033     2.8901
100     19     14     428.898     2.59133     2.59789
101     11     2     459.028     2.58492     2.97754
102     40     10     745.405     2.56687     2.90574
103     44     17     329.975     3.40643     2.72835
104     10     4     372.235     4.11504     3.43188
105     12     36     679.275     4.72858     3.28051
106     38     33     838.73     3.48088     4.18508
107     24     36     624.548     4.12893     3.8187
108     40     11     240.183     2.03877     3.24557
109     14     19     824.263     3.39148     3.57715
110     36     40     417.3     4.11856     3.92354
111     30     1     563.82     3.9263     4.15342
112     30     10     649.613     3.01859     4.72968
113     20     17     782.6     4.37695     4.63576
114     28     37     285.378     4.20765     4.65827
115     23     20     318.508     3.91551     4.54222
116     38     37     619.483     1.71299     3.78307
117     44     13     882.86     4.22506     4.57305
118     44     29     358.573     2.19729     4.16547
119     12     19     31.065     3.16952     2.67464
120     40     40     354.573     2.22121     3.57509
121     18     19     361.17     4.65093     2.91696
122     40     20     650.08     2.6959     4.52315
123     30     27     954.653     2.65477     4.68276
124     14     26     490.625     4.52029     3.60805
125     13     32     804.198     2.48195     4.66933
126     32     24     213.118     2.90846     3.67359
127     38     17     810.133     2.16898     4.20339
128     24     31     138.39     4.90259     3.77979
129     22     18     851.328     4.09539     4.36766
130     28     29     352.105     3.57434     4.48592
131     29     2     658.145     4.27825     3.9407
132     15     28     672.743     3.41348     3.44623
133     24     4     595.95     4.85548     2.6484
134     14     33     481.093     2.40429     3.81825
135     45     26     655.08     4.25486     4.72892
136     20     29     29.5325     4.28893     2.98357
137     9     38     533.288     3.55181     2.80908
138     39     40     935.055     1.51859     4.08078
139     45     39     683.678     4.51442     4.59449
140     25     33     625.548     2.39254     2.85134
141     13     18     318.04     2.83572     4.87091
142     24     7     891.458     4.384     4.79781
143     24     6     719.873     4.55383     2.81884
144     38     12     905.458     4.65371     2.65435
145     26     30     540.755     2.65873     4.64095
146     42     13     871.328     2.25134     4.17028
147     37     35     856.795     4.88838     4.00067
148     29     3     905.99     2.50427     2.70539
149     44     24     720.808     4.20968     2.77512
150     21     28     469.028     2.59336     3.1386
