1     41     3     370.595     4.53493     3.5493
2     36     11     433.32     1.89286     4.672
3     11     1     87.755     1.58705     2.78222
4     33     4     254.235     2.58663     4.90486
5     45     7     103.695     1.75838     2.82289
6     32     5     384.17     4.30634     3.52168
7     15     2     173.025     3.07199     3.85517
8     11     9     119.36     4.68308     4.8278
9     8     14     287.93     3.78178     4.63019
10     42     8     163.905     4.3198     3.32125
11     15     1     267.84     3.15221     3.296
12     32     15     99.725     3.41551     3.4299
13     9     14     306.99     4.42512     3.54106
14     36     13     216.6     4.07466     4.55992
15     33     9     475.47     2.47362     3.54831
16     18     8     112.815     4.30602     3.95695
17     20     7     340.565     1.64463     2.76337
18     15     7     290.415     4.70754     4.88037
19     25     12     83.695     4.28722     3.97465
20     24     7     177.51     3.3401     2.58896
21     23     8     86.21     4.96988     3.20521
22     35     13     116.27     3.28755     3.14081
23     38     4     304.385     4.38517     4.91897
24     28     14     362.11     4.90504     2.50328
25     36     15     184.995     4.44093     2.53716
26     25     13     264.295     3.75411     3.47812
27     26     15     71.15     2.03974     4.26931
28     47     3     304.355     4.72666     2.9368
29     29     1     381.17     2.54604     4.25512
30     11     6     259.325     3.3542     4.36995
31     38     5     290.84     3.94008     4.02005
32     34     14     43.03     4.3072     3.24831
33     10     2     339.595     4.15958     4.24261
34     9     14     383.745     3.57968     2.69692
35     26     4     39.545     3.62967     4.33454
36     30     6     296.385     4.36296     4.48134
37     20     10     182.54     2.97885     4.83337
38     29     10     254.75     3.60532     2.80595
39     8     3     310.505     2.94392     2.60743
40     43     9     377.11     1.76127     3.42631
41     28     2     226.66     2.96176     3.87387
42     39     15     255.72     4.22602     3.07199
43     25     4     38.545     1.94819     2.5277
44     44     11     247.175     3.95888     4.18355
45     11     13     223.205     4.76501     3.78574
46     33     1     254.235     4.79395     4.96094
47     21     6     43.575     2.87428     3.14043
48     9     10     148.965     4.93826     4.7251
49     35     15     143.36     2.68041     3.1283
50     19     8     32.545     3.6568     4.59174
51     14     10     316.505     3.55886     2.90971
52     11     12     308.99     3.14612     3.45767
53     12     11     183.57     2.57338     3.16126
54     47     6     295.325     2.09464     4.29952
55     13     14     98.785     4.88037     3.78117
56     42     11     470.925     1.93057     3.28517
57     31     1     342.535     4.82012     4.40664
58     45     5     252.69     4.75785     4.19759
59     19     10     86.725     4.19675     2.74422
60     41     11     474.44     2.97842     3.17103
61     21     11     278.355     4.74482     3.212
62     30     2     273.81     2.60393     3.74004
63     24     1     204.6     2.78317     3.39488
64     24     8     371.655     3.25294     4.70069
65     24     6     222.66     3.55757     3.31233
66     12     11     309.99     4.83636     3.28425
67     14     7     203.63     2.76907     4.99817
68     47     5     218.57     2.4311     3.64406
69     40     9     229.63     1.79171     4.89319
70     40     6     356.05     4.34042     3.15355
71     22     3     225.175     4.07605     4.05026
72     33     3     358.08     3.34159     4.01837
73     21     6     183.54     3.24129     3.6523
74     26     3     53.09     2.62188     2.69951
75     16     5     440.41     4.85495     3.34155
76     29     12     105.755     1.90162     4.65033
77     43     5     70.09     4.89863     4.86305
78     19     14     253.78     3.24429     4.3646
79     38     9     150.875     1.92363     3.51878
80     14     1     339.08     1.5549     3.23855
81     24     9     312.96     4.39169     4.93629
82     21     9     39.06     1.76576     2.74438
83     25     14     462.955     1.70476     4.64766
84     19     12     113.815     3.20904     2.91642
85     46     9     163.39     3.92181     2.98303
86     8     14     134.42     3.67763     3.65047
87     41     11     81.635     3.16289     2.7752
88     38     12     78.635     2.17304     3.81443
89     31     14     310.93     3.70103     4.87732
90     13     13     410.32     3.84106     3.1727
91     17     2     44.09     1.74172     3.99266
92     40     2     247.69     2.59453     4.62241
93     35     15     296.87     2.38955     4.81788
94     47     7     101.18     4.4247     4.24184
95     23     5     424.835     3.80239     3.49742
96     19     2     443.41     3.89799     4.15235
97     19     7     86.725     4.53343     4.39154
98     20     7     345.08     4.84266     3.1917
99     31     1     401.23     2.56024     4.65606
100     46     1     339.475     4.72121     2.90086
101     32     3     108.755     3.50192     4.13518
102     39     12     251.205     2.1912     3.82237
103     32     15     36.515     3.02275     3.06635
104     19     13     122.845     3.35356     4.6118
105     20     11     254.78     2.92491     2.59827
106     17     5     188.57     2.18735     3.96176
107     12     9     30.06     4.92694     3.12029
108     27     12     162.45     1.67357     2.83807
109     39     13     395.685     3.13074     2.90567
110     26     9     57.605     2.10521     4.52887
111     20     8     385.715     3.17635     4.56618
112     39     11     75.12     2.08567     2.50526
113     25     5     431.35     1.58321     4.31989
114     11     13     304.475     1.71416     3.59607
115     32     8     41.03     2.27975     4.07117
116     8     9     175.055     4.45866     3.97328
117     14     10     271.355     3.81991     3.80345
118     38     10     335.99     3.7163     2.95137
119     18     14     171.51     2.78755     4.28411
120     15     9     15     3.06195     4.59883
121     12     10     386.745     2.88838     2.58179
122     11     3     444.44     3.68361     4.6614
123     27     10     428.835     1.72933     2.89743
124     21     13     373.17     4.50481     2.79855
125     21     12     296.415     4.2852     2.70554
126     28     3     140.875     4.49594     2.63306
127     20     15     69.665     3.55234     4.21041
128     11     10     241.265     3.67197     4.61119
129     11     15     83.24     1.8919     3.61286
130     33     3     163.935     2.77804     4.17714
131     21     5     21     3.05779     3.19094
132     33     13     46.545     1.66247     2.75956
133     22     15     306.445     2.91401     3.69213
134     20     7     164.48     3.33753     4.07002
135     24     13     60.12     3.33892     4.53864
136     18     13     451.44     2.72698     3.21421
137     39     11     404.715     3.81724     4.34469
138     45     15     388.14     2.10201     3.61629
139     37     14     208.57     2.21886     4.2468
140     46     14     488.47     4.20434     4.25481
141     16     8     255.295     4.76597     4.0466
142     45     10     94.665     4.05661     4.7116
143     23     14     32.03     3.18725     3.66543
144     14     15     334.565     3.96037     3.03316
145     40     3     202.54     3.05982     4.91211
146     14     15     199.115     2.68169     3.90469
147     21     10     179.025     1.8385     3.56319
148     34     7     345.535     4.3244     4.63584
149     10     15     429.895     4.07231     4.25535
150     41     11     370.595     4.89019     3.96023
