1     28     9     62.155     2.36979     4.0466
2     35     9     76.58     2.17026     4.85313
3     11     15     28.82     2.9028     2.98593
4     39     14     162.255     2.69547     3.64872
5     46     1     100.945     2.11045     4.73998
6     20     11     52.67     3.82589     2.846
7     43     15     190.015     2.67325     4.90272
8     35     11     101.825     2.88849     4.04141
9     29     10     161.165     3.18586     4.38582
10     22     4     163.075     4.01474     3.31393
11     42     6     177.135     2.10842     3.45202
12     15     15     64.005     2.18447     2.91505
13     36     11     49.365     3.90526     3.56059
14     41     14     113.765     4.45909     3.27021
15     32     15     46.85     2.87054     4.52559
16     13     1     38.245     4.40066     2.79344
17     35     11     180.53     4.14302     4.48645
18     15     14     77.37     4.1803     3.01424
19     24     11     159.135     4.9059     2.6915
20     31     10     59.215     3.87246     4.01738
21     35     8     104.795     2.27644     2.59339
22     24     14     102.705     3.43751     2.69417
23     9     3     66.915     3.38218     2.75735
24     12     1     136.74     3.3918     3.80772
25     14     5     63.005     2.62369     3.08199
26     38     14     54.335     4.16471     3.86921
27     38     6     52.85     3.12668     3.83244
28     31     5     66.64     4.14399     2.82769
29     44     6     66.275     1.88037     4.98596
30     18     11     114.525     3.40782     3.57219
31     46     4     92.035     1.56323     3.39015
32     31     14     84.46     2.64516     4.24551
33     30     12     83.46     3.55768     2.73408
34     44     4     146.465     4.26287     3.37199
35     27     15     28.485     3.14997     3.83099
36     23     9     80.915     1.68041     2.79649
37     38     14     165.71     4.41989     2.71378
38     29     15     127.01     2.31307     3.43638
39     21     13     29.91     2.31628     4.04424
40     47     7     76.7     3.74076     3.84617
41     36     3     151.83     1.92128     4.83261
42     32     11     54.275     3.56644     4.09413
43     39     4     44.94     4.9012     3.4714
44     8     7     70.37     4.46059     4.95224
45     25     13     166.075     1.64463     4.08101
46     43     13     188.53     3.8934     4.89753
47     24     1     62.61     4.09015     3.66794
48     43     11     145.465     3.55533     4.92721
49     47     11     82.64     3.73798     4.59532
50     34     9     130.525     3.464     3.68503
51     34     15     60.73     1.85281     4.86625
52     41     12     64.76     1.75924     2.90124
53     14     2     67.46     3.35185     3.71944
54     36     5     96.885     3.68575     3.14394
55     30     12     96.825     2.38069     2.53769
56     11     4     58.52     4.76266     4.88426
57     31     4     126.04     1.57765     3.56822
58     10     5     79.795     4.141     4.87251
59     13     12     140.71     2.02435     3.95589
60     26     9     49.76     2.6489     2.82838
61     19     3     24.94     2.38475     2.58911
62     15     5     86.28     3.02403     3.44256
63     16     13     149.65     3.73115     4.75829
64     23     6     162.59     1.83305     3.69098
65     44     9     57.365     2.55768     4.62554
66     17     8     134.315     4.57958     2.9622
67     15     10     61.035     3.48227     3.00912
68     12     6     78.825     4.4985     3.49651
69     27     13     154.71     2.63416     2.97838
70     19     2     24.94     2.03899     3.63811
71     21     7     139.8     4.73093     3.2622
72     16     7     54.61     2.03429     3.89943
73     47     2     101.945     3.84202     4.46951
74     30     7     113.16     2.55896     3.33811
75     33     15     128.04     4.83946     3.12273
76     22     5     45.76     3.47372     3.74653
77     35     4     130.04     1.53717     3.50352
78     35     7     130.04     3.15819     4.15365
79     45     3     150.435     2.51677     4.81056
80     37     1     88.975     4.43068     3.13944
81     32     14     98.825     3.14121     3.63056
82     42     8     150.405     1.65531     3.96222
83     10     9     125.83     1.75593     4.22178
84     32     6     158.225     1.5376     4.99748
85     37     8     81.55     4.07819     4.10894
86     28     6     172.045     4.10628     2.99013
87     24     1     49.245     1.77206     4.99214
88     39     12     96.915     3.38325     4.11931
89     45     15     92.52     2.21299     3.96718
90     12     3     104.07     4.24161     2.87469
91     10     10     23.365     4.4389     2.55898
92     27     8     28.485     2.94969     3.74653
93     24     9     81.915     1.78829     3.56716
94     16     7     139.255     4.9044     3.22695
95     15     15     90.735     4.2273     3.22413
96     13     15     121.405     2.5502     4.62523
97     32     4     140.405     3.36221     3.66604
98     12     2     148.62     4.4874     3.19391
99     9     11     108.495     2.64185     3.21581
100     38     12     92.945     3.7665     4.06903
101     37     5     77.095     4.24567     4.47905
102     14     6     147.65     4.37086     3.02141
103     41     10     90.005     1.65937     2.75178
104     47     10     82.64     4.38646     2.52144
105     8     8     80.765     2.43997     4.74197
106     42     10     172.68     2.35954     3.11617
107     8     6     74.825     4.16567     2.60147
108     17     9     109.07     2.34138     2.61841
109     43     15     124.675     4.07488     3.27334
110     47     1     170.255     3.62081     3.10892
111     31     11     169.105     3.89286     3.14859
112     29     7     67.61     3.14377     3.25068
113     22     7     60.61     2.8448     3.03758
114     23     5     88.34     3.62156     3.41609
115     46     5     62.335     3.35762     3.4534
116     12     12     153.075     2.82472     3.62629
117     26     4     85.4     4.94787     2.70699
118     42     14     141.495     2.56612     4.30311
119     15     13     121.92     3.79833     2.81579
120     24     7     110.13     2.37107     4.83345
121     16     3     119.95     1.52179     3.22428
122     10     1     42.67     2.3338     4.94636
123     11     14     131.285     2.11226     4.83718
124     32     15     137.435     4.66353     3.90233
125     10     9     110.98     4.08321     4.36521
126     39     13     120.675     3.41594     4.99573
127     19     6     90.28     1.79374     3.9832
128     15     3     107.07     4.41369     2.86843
129     24     12     53.7     2.96315     3.801
130     27     11     156.195     1.85366     3.6375
131     40     11     77.125     2.87097     4.64644
132     28     5     57.7     2.60179     2.83433
133     28     14     51.76     2.74642     3.661
134     31     7     82.975     3.67571     3.65658
135     27     11     92.34     2.34394     2.70844
136     42     9     181.59     3.41423     3.03262
137     46     14     138.07     1.70765     4.5951
138     11     10     18.425     4.3354     2.99875
139     12     5     20.91     1.62177     4.60295
140     33     3     171.105     4.18073     4.8883
141     47     3     78.185     2.74984     4.83589
142     16     11     151.135     3.14815     3.83366
143     21     15     38.82     3.46048     3.87745
144     34     6     97.855     2.81201     3.58104
145     9     14     40.185     3.34117     4.26183
146     17     4     113.525     3.72976     4.11702
147     23     1     140.315     1.89981     2.75658
148     45     2     82.125     1.73766     4.60822
149     11     14     150.59     2.95279     3.4592
150     12     11     12     3.93281     4.15311
