1     19     23     90.9333     2.67336     4.44205
2     34     24     710.173     4.46796     3.06459
3     42     34     243.413     2.98804     2.8132
4     22     15     604.66     1.98473     4.70382
5     42     26     322.54     3.83711     4.50858
6     22     17     683.787     3.15435     4.27877
7     14     24     582.273     2.28669     4.41855
8     8     19     144.673     2.48045     2.95198
9     13     28     20.1933     3.16044     4.87274
10     36     29     381.28     1.57488     3.21703
11     12     25     76.74     4.28744     4.7515
12     32     29     147.093     4.24941     4.41565
13     24     17     110.32     4.93805     3.9095
14     29     28     460.6     3.2947     3.56815
15     13     26     523.727     2.44659     2.91223
16     40     19     737.753     4.44777     4.01624
17     25     33     283.96     1.52232     3.08473
18     9     26     116.9     3.54572     4.37742
19     25     32     154.48     4.74706     4.373
20     23     25     605.66     4.36787     2.8132
21     12     30     76.74     1.76084     3.51756
22     11     34     521.727     3.6646     4.10886
23     19     31     335.507     2.63533     2.54036
24     40     30     356.507     2.87481     4.5661
25     39     18     247.607     3.43388     2.54295
26     17     19     88.9333     4.5298     4.70809
27     11     29     442.6     2.95962     2.81831
28     11     33     269.96     3.8449     4.79713
29     13     22     588.467     4.19152     2.77429
30     31     17     146.093     3.49936     3.16454
31     25     25     442.213     3.90664     4.17028
32     26     23     673.4     2.60233     4.85366
33     39     30     46.1933     1.99156     3.66565
34     20     23     250.187     1.84811     3.07428
35     40     30     320.54     2.43965     3.18155
36     44     29     195.06     3.8573     3.47087
37     21     27     524.533     2.53717     3.07436
38     42     24     595.887     1.70594     3.7022
39     23     21     353.893     1.73574     3.12227
40     36     24     704.98     4.64302     3.33407
41     32     35     183.06     2.21384     3.82389
42     26     17     392.86     2.99402     4.04462
43     25     18     643.627     4.62358     3.00958
44     18     34     190.64     1.75336     2.6413
45     10     21     297.733     2.52734     2.76559
46     36     32     589.887     3.86349     4.39177
47     13     21     717.947     3.52029     4.17005
48     47     29     97.3533     2.68105     4.16578
49     11     31     456.987     3.54102     4.84199
50     26     35     292.153     4.63224     2.89048
51     38     31     145.9     1.86958     4.3025
52     28     17     625.047     1.55373     4.31837
53     29     21     626.047     4.31329     4.64881
54     13     15     315.12     4.72271     4.60654
55     19     18     515.34     4.07926     4.04027
56     35     15     423.44     4.07295     4.71015
57     16     24     231.8     3.33518     2.99745
58     30     33     591.08     3.09944     3.08687
59     30     24     37.1933     1.95791     3.5136
60     35     20     682.4     3.45054     3.71494
61     30     26     547.92     2.46806     3.47797
62     29     33     633.24     2.20637     4.42274
63     41     17     163.287     3.15371     3.91263
64     23     35     584.08     1.84672     3.03179
65     39     17     96.5467     3.88058     4.02097
66     20     20     473.18     4.90461     3.81153
67     35     17     150.093     3.59058     4.04927
68     15     24     633.627     3.80784     4.24726
69     12     22     47.9667     3.48675     3.46034
70     11     35     586.467     4.40921     4.61982
71     22     33     244.993     1.90664     4.42015
72     29     19     151.287     2.70273     2.89834
73     39     35     413.053     1.88304     3.0961
74     20     24     710.56     2.22784     4.94545
75     43     16     186.867     3.39148     3.76896
76     16     20     548.307     2.16161     2.53456
77     41     21     55.3867     4.78616     3.25625
78     40     35     399.667     1.59752     4.18035
79     27     15     41.3867     2.92309     3.1489
80     27     31     127.707     2.51271     3.78071
81     10     20     384.053     2.47031     4.85984
82     40     18     521.953     4.42203     4.57274
83     31     19     102.933     2.90622     4.98535
84     46     34     398.473     4.72004     3.39923
85     43     33     165.287     1.70498     3.47896
86     13     22     696.367     4.70989     2.78985
87     8     28     533.113     3.20957     4.63805
88     42     28     286.573     3.82055     3.35284
89     14     27     675.787     1.69216     3.40197
90     23     28     188.447     3.01122     3.98053
91     31     22     505.76     1.60276     4.4641
92     16     21     73.5467     3.36253     4.86686
93     27     24     681.593     1.50395     4.19515
94     47     34     277.187     3.35623     3.33728
95     37     35     274.38     4.69472     2.87988
96     34     32     393.667     1.84191     4.99176
97     12     33     724.14     4.02019     4.76577
98     16     35     296.54     3.19163     2.65923
99     35     18     747.14     3.87043     3.4241
100     23     15     202.833     3.64089     3.16584
101     9     24     649.207     2.36552     4.92431
102     25     16     204.833     4.31884     4.4145
103     10     28     441.6     3.72901     3.81985
104     26     15     601.467     1.96443     2.77764
105     28     20     459.6     4.84779     4.44731
106     28     30     28     2.83123     3.30241
107     26     22     651.82     1.52062     2.53739
108     28     17     258.187     3.77868     2.7282
109     29     28     86.5467     3.89415     4.63935
110     34     30     364.893     3.5517     2.81655
111     22     26     568.693     1.5847     2.85653
112     28     29     466.793     2.24749     3.99388
113     13     31     516.533     4.49007     4.89601
114     43     23     373.893     2.96999     4.3067
115     14     17     100.32     1.78669     4.42915
116     28     33     610.66     1.67112     3.6887
117     22     22     316.927     3.61589     4.26611
118     25     33     463.793     3.68062     3.5416
119     34     15     580.693     4.45621     4.84169
120     46     20     621.467     3.92256     4.12694
121     33     18     493.373     4.68447     3.01424
122     21     17     279.96     4.3198     4.77165
123     29     16     194.447     2.82376     3.67748
124     26     17     601.467     1.8856     4.38543
125     30     15     612.66     3.97896     4.18363
126     15     20     381.86     3.50331     4.79095
127     14     17     114.707     2.4593     4.07987
128     9     28     52.16     4.39265     4.36636
129     30     32     734.947     1.58994     2.65778
130     17     20     383.86     3.76415     4.50026
131     16     27     23.1933     4.20893     4.31394
132     13     34     617.24     1.66118     3.85945
133     27     35     300.347     1.85334     4.22399
134     20     35     185.447     4.98953     2.96899
135     26     34     169.867     4.63234     4.32928
136     21     33     596.467     4.23286     4.10482
137     29     24     302.347     3.28744     4.63523
138     33     25     428.633     4.85868     3.99838
139     23     22     548.113     3.44093     4.82284
140     44     28     195.06     4.9091     4.35507
141     38     19     296.96     2.53087     3.6726
142     16     31     404.44     2.7805     2.68334
143     46     32     362.507     3.93495     3.80085
144     26     19     543.92     3.69013     3.43806
145     14     22     697.367     1.77985     4.20835
146     43     15     661.627     3.83081     4.47531
147     33     29     320.733     2.94061     3.14188
148     16     15     548.307     4.71203     3.81962
149     47     28     198.06     2.22549     3.76782
150     35     26     42.1933     1.6897     4.24459
