1     30     26     178.327     4.15371     4.0746
2     34     19     104.26     1.76276     2.88171
3     32     20     344.267     4.63875     3.64063
4     35     25     81.84     2.11312     3.539
5     28     15     211.457     1.76789     4.34935
6     38     35     322.943     3.77259     2.73057
7     33     19     204.747     3.03867     3.42586
8     37     24     236.07     4.42309     4.49576
9     26     34     174.327     2.96561     4.97841
10     45     19     267.49     1.89575     4.11702
11     45     15     372.88     2.89126     2.54601
12     31     28     34.9033     2.82514     4.5748
13     15     32     338.977     4.98376     4.46127
14     8     31     140.713     1.99081     3.31523
15     14     32     119.39     4.92277     4.52269
16     17     25     177.037     2.34715     4.33012
17     37     30     212.65     4.27259     2.98204
18     16     18     371.203     2.23959     3.04956
19     20     27     332.267     4.0423     2.84295
20     46     20     288.007     2.30923     4.04721
21     29     30     407.623     3.9341     3.97206
22     39     21     152.197     4.0846     4.05721
23     32     22     301.33     3.779     2.52266
24     29     18     282.717     3.76084     2.80526
25     8     29     253.91     3.65915     3.17179
26     36     30     317.04     2.16642     4.15036
27     12     18     74.4533     2.7195     4.16829
28     39     34     140.487     2.91807     2.54021
29     23     23     346.977     3.66492     2.69433
30     34     27     287.717     2.2617     4.77897
31     24     34     74.7433     1.94595     3.03949
32     47     29     331.943     2.10222     4.60685
33     43     25     167.907     1.63224     2.58683
34     33     33     216.457     4.22015     2.59308
35     30     17     96.3567     1.97276     3.1119
36     44     21     55.71     3.17592     3.84121
37     13     19     118.39     3.64377     4.89395
38     27     27     292.427     2.40194     3.50581
39     47     34     187.52     3.18458     3.63948
40     16     24     363.397     4.48173     2.62352
41     46     29     85.0333     3.62059     2.71935
42     31     31     362.783     3.61611     4.25512
43     10     35     216.877     2.77355     3.21696
44     11     22     159.327     4.77889     4.94049
45     31     28     284.717     4.76031     4.28961
46     40     32     40     3.05693     3.96664
47     19     31     73.6467     2.1771     3.84243
48     15     33     139.907     3.68126     2.9474
49     41     25     290.813     2.47426     4.51498
50     46     27     116.26     2.24215     3.21635
51     32     26     398.913     4.01538     4.97971
52     29     30     313.943     2.09485     3.53145
53     28     33     82.6467     2.32568     4.05339
54     42     21     420.623     2.45022     3.09297
55     28     15     211.457     2.02809     2.62093
56     14     26     41.3233     2.65499     4.87358
57     11     22     159.327     2.96593     3.37207
58     37     34     239.973     1.65777     4.26038
59     8     25     113.39     2.51335     3.34933
60     26     29     404.623     3.16396     3.01088
61     14     29     185.747     3.57338     4.31043
62     41     27     357.17     1.97714     3.51993
63     12     19     101.777     3.76373     3.40114
64     35     15     93.55     4.02873     3.39991
65     29     23     165.617     4.28979     4.14235
66     22     25     139.1     3.0941     2.87347
67     25     26     173.327     3.50481     2.72851
68     10     26     244.2     1.69793     4.97841
69     11     31     135.907     3.15841     4.63897
70     29     30     368.59     2.70498     3.58539
71     9     23     286.137     2.83198     4.06194
72     15     34     57.9367     3.10009     4.22796
73     23     25     323.557     3.56163     3.63071
74     15     16     319.46     3.9545     2.74522
75     45     20     123.067     3.14869     4.47272
76     36     17     367.783     1.58043     4.23688
77     12     35     23.71     4.15798     4.07041
78     37     30     177.52     1.87289     4.83047
79     28     29     47.5167     3.10308     4.43548
80     18     19     283.427     1.83882     3.76209
81     25     35     231.877     2.8197     3.09503
82     17     28     344.88     4.81393     3.26846
83     10     18     72.4533     2.52606     4.39062
84     26     20     193.843     2.86702     3.79223
85     25     34     32.8067     4.07082     3.58913
86     43     30     249.877     3.3919     4.4995
87     29     24     212.457     2.86872     3.80703
88     20     21     98.0667     1.88635     4.10985
89     35     32     398.01     2.02371     3.24641
90     35     25     300.427     2.41935     4.53894
91     16     27     363.397     4.13971     2.74415
92     34     21     225.263     1.78509     4.85374
93     25     21     395.817     1.81767     3.63285
94     29     34     274.91     3.8448     3.0398
95     20     16     379.107     1.84266     3.41502
96     37     30     146.293     4.55608     3.08176
97     44     29     90.84     2.55554     4.24902
98     39     15     288.813     3.6897     4.85557
99     9     30     51.9367     4.91423     4.24825
100     13     29     297.943     4.73403     4.33348
101     38     16     151.197     4.74151     4.09238
102     36     28     39.9033     2.98643     4.10199
103     33     32     368.687     4.66065     3.951
104     44     24     94.7433     3.83316     4.19187
105     30     24     346.17     3.71865     3.22008
106     27     31     42.6133     4.71555     3.22039
107     12     17     144.713     3.19622     3.071
108     27     26     354.88     3.78477     4.8468
109     38     26     159.003     4.10649     4.3115
110     47     32     175.81     3.74332     4.53963
111     43     26     117.163     3.38005     3.05956
112     10     33     52.9367     3.8746     4.15693
113     31     31     233.973     2.73841     4.23017
114     9     16     227.587     4.75945     4.33874
115     32     34     184.23     2.25411     2.83357
116     19     17     237.587     4.68052     4.71229
117     26     20     392.913     3.09912     3.0871
118     32     33     32     1.71406     4.40947
119     27     30     386.107     1.98024     2.83853
120     31     30     253.49     1.50961     2.89697
121     40     17     410.817     1.76223     3.30271
122     15     20     331.17     2.75593     3.61881
123     30     30     127.583     3.27825     4.11046
124     47     24     339.75     2.33615     2.95145
125     26     24     236.78     2.82781     3.66955
126     45     31     99.6467     2.66919     4.47142
127     41     31     201.037     2.36264     4.83886
128     43     22     97.6467     3.73894     3.53526
129     17     31     340.977     4.35954     3.41456
130     29     24     107.067     4.31137     4.67215
131     38     33     365.88     1.88079     4.429
132     13     21     247.2     1.8385     4.28915
133     13     17     204.263     2.32258     3.76194
134     8     31     285.137     1.55074     3.68854
135     29     26     384.203     4.35014     2.56439
136     38     15     194.133     3.23531     4.89807
137     9     19     325.17     1.52104     4.49538
138     21     19     169.327     4.20391     4.31333
139     8     30     109.487     2.09571     3.26975
140     46     33     81.13     4.44638     4.15311
141     29     32     107.067     2.03546     3.02057
142     23     23     307.943     3.47298     4.22689
143     39     23     320.04     2.18778     3.97259
144     47     17     58.71     2.8433     4.01471
145     41     16     388.397     3.16001     3.42807
146     13     18     176.94     3.88357     2.55989
147     27     19     405.623     2.37919     4.56656
148     26     19     26     4.09004     3.67435
149     8     33     86.0667     3.84042     3.05513
150     42     17     147.39     2.72175     3.95573
