1     16     16     324     1.99071     2.72904
2     13     18     269     2.41807     2.62757
3     46     21     50     1.66802     4.82429
4     9     35     25     2.32653     3.60317
5     30     25     54     2.25016     4.41816
6     39     23     251     2.19173     2.86401
7     44     26     344     2.24984     2.59819
8     9     23     373     3.00032     3.22764
9     36     19     300     4.4201     2.92787
10     42     31     130     4.46262     4.3086
11     41     24     133     4.39308     3.29218
12     43     34     163     1.74525     4.52063
13     33     31     333     2.5062     3.05597
14     38     16     194     1.89116     3.39106
15     30     24     386     3.81596     3.03461
16     31     25     299     3.92683     4.18783
17     15     35     47     2.79855     3.277
18     22     30     206     2.15712     4.35873
19     45     29     281     1.73948     3.66176
20     15     23     79     2.14783     3.78353
21     31     29     347     3.30891     4.80476
22     42     27     98     3.89586     3.33857
23     30     29     102     1.82546     4.28045
24     44     33     56     4.68607     3.77331
25     18     16     334     4.70808     3.15462
26     27     20     415     4.13651     4.90013
27     11     30     151     3.61344     2.83044
28     46     15     298     4.431     2.59613
29     24     31     236     3.76351     4.70649
30     27     24     299     2.23884     3.61774
31     44     20     100     2.95824     2.64718
32     46     26     74     3.82258     3.22733
33     44     25     76     4.27718     3.2667
34     17     21     297     3.83198     3.13311
35     42     28     406     2.96785     4.02402
36     38     34     126     4.78776     4.74082
37     37     25     253     3.52232     4.13137
38     31     20     219     3.75027     2.7179
39     46     16     190     3.94061     3.27479
40     39     18     283     2.17817     3.87143
41     13     30     337     3.18169     3.14776
42     46     35     134     3.97212     3.83618
43     18     22     78     3.80271     4.2964
44     33     19     53     1.70808     4.07788
45     21     20     237     2.78445     3.27776
46     8     17     104     3.55683     4.20675
47     30     19     250     2.04572     2.631
48     38     35     390     2.89137     4.60501
49     45     15     285     3.6442     3.66001
50     44     22     148     2.58225     4.3659
51     36     16     164     3.6646     4.52933
52     39     25     251     2.97928     4.54611
53     8     33     88     2.29588     3.67229
54     21     26     25     2.58225     4.22979
55     20     26     204     2.0941     3.51199
56     36     20     60     4.39778     4.4058
57     21     32     261     4.9341     4.49423
58     35     33     279     3.48441     4.65697
59     23     16     319     4.1474     4.43312
60     38     16     366     4.68511     2.66213
61     38     20     190     3.3495     3.1695
62     39     19     215     4.04711     4.01082
63     22     17     138     2.45257     2.54181
64     8     30     52     3.9294     4.82955
65     36     20     96     3.36744     4.1689
66     9     35     181     2.29748     4.72213
67     19     33     215     3.89137     2.5457
68     40     34     204     1.70615     2.52083
69     8     18     56     4.28487     3.4521
70     12     35     32     2.96881     4.8516
71     46     21     262     2.03514     2.67273
72     10     28     118     4.51559     2.51015
73     11     30     183     2.80763     2.53082
74     24     31     372     3.93773     4.65239
75     41     25     201     2.08396     3.73379
76     21     22     349     1.72015     3.29524
77     21     24     325     3.98868     2.53098
78     15     19     83     3.66182     3.13227
79     35     15     151     3.80271     3.18522
80     34     23     82     4.48238     4.15983
81     33     34     233     4.16471     3.2551
82     32     24     140     1.6176     4.61676
83     31     16     163     1.95952     4.19156
84     43     16     87     4.20177     4.23635
85     30     35     142     1.89436     4.74517
86     21     25     201     2.23724     2.81091
87     46     23     430     4.26287     4.68772
88     33     23     313     4.45268     4.0685
89     38     17     74     1.89543     3.84472
90     31     17     283     4.84693     4.86251
91     16     22     188     3.79908     3.94162
92     12     24     312     3.92203     4.67345
93     34     34     34     4.98248     3.26167
94     32     27     428     4.10329     2.92375
95     46     29     266     3.9702     4.11687
96     30     18     70     3.84629     4.10459
97     10     34     138     1.50374     3.13074
98     31     25     67     4.43207     3.21482
99     9     19     405     4.93078     4.33477
100     31     18     99     4.94937     4.01387
101     33     25     321     3.27996     2.57584
102     47     21     227     2.96464     2.58522
103     35     30     279     4.02606     4.73746
104     17     18     353     4.37983     3.71441
105     22     20     154     2.04027     3.77262
106     47     35     347     3.9765     2.57729
107     12     35     232     3.22922     3.04979
108     45     27     245     3.14879     4.24306
109     11     15     311     4.86103     3.511
110     42     25     250     1.82344     3.48788
111     29     17     193     2.57883     3.64238
112     35     18     211     3.06687     4.92264
113     25     25     377     3.10244     4.75768
114     32     32     412     2.38037     3.43142
115     8     27     188     4.11643     4.09368
116     45     23     165     3.68233     4.92462
117     33     34     173     4.34672     3.21856
118     34     29     94     2.47821     4.90226
119     45     15     389     1.82376     4.25275
120     27     24     27     2.71801     4.83177
121     11     21     291     4.83476     3.90149
122     9     24     133     4.34117     3.83694
123     13     30     53     3.06088     2.80145
124     15     16     15     3.50897     3.20025
125     18     26     378     3.90472     2.6783
126     22     29     410     2.02457     3.6771
127     10     17     362     4.50299     3.81756
128     41     18     45     4.94029     3.12265
129     13     20     233     4.42843     2.84776
130     42     25     198     2.85249     4.43167
131     44     16     108     3.07819     3.33636
132     35     35     87     1.88421     3.78994
133     46     28     54     2.74984     4.19782
134     22     31     238     3.35495     4.2394
135     37     27     133     3.40526     3.41411
136     46     34     374     3.138     4.55435
137     38     30     394     3.12166     4.56832
138     35     30     391     3.70551     3.43142
139     44     15     200     4.23061     3.68976
140     18     18     22     3.86093     3.99159
141     38     23     146     4.14367     3.91308
142     27     23     391     4.65883     3.59401
143     44     22     268     2.36637     2.94786
144     25     22     73     3.51228     3.96367
145     38     31     246     2.69953     3.36291
146     37     16     277     4.48793     4.13045
147     46     17     326     3.62754     3.1811
148     35     30     151     2.7884     3.68114
149     33     31     349     4.89479     4.28793
150     36     18     344     2.92213     3.82412
