1     46     2     58.66     3.20978     4.27725
2     33     7     92.08     2.79769     3.165
3     14     10     46.3533     3.49893     4.83375
4     30     15     46.88     4.24354     2.69982
5     37     7     62.32     3.8966     2.76147
6     32     12     50.2867     4.8809     3.64635
7     41     3     90.2333     3.92875     4.24268
8     46     13     150.093     4.19558     3.05361
9     46     9     183.853     4.22047     4.66643
10     13     9     100.213     4.9671     4.97551
11     18     14     157.26     4.43153     3.05239
12     15     8     116.28     3.54785     3.80047
13     26     7     124.467     3.37983     4.28739
14     26     1     66.7933     3.32984     2.89438
15     35     3     119.4     4.85163     4.17402
16     29     1     52.9133     2.39938     3.55571
17     33     15     156.787     4.59976     4.79194
18     47     13     170.787     4.37855     4.28281
19     44     3     69.32     4.02895     2.67197
20     39     5     157.16     3.45418     2.85394
21     46     11     157.127     1.569     4.78217
22     45     2     154.72     3.09549     3.72036
23     15     15     43.1333     3.73574     4.82673
24     39     15     130.433     1.9577     3.21093
25     25     12     162.853     3.37802     4.85717
26     29     14     104.96     2.97426     2.54982
27     44     8     72.1333     2.1144     4.69665
28     14     1     70.2667     3.63544     3.68664
29     27     11     156.413     3.45556     4.17569
30     40     13     168.007     2.4561     2.93886
31     29     8     141.533     4.61515     3.18125
32     12     10     124.533     4.12935     4.9472
33     21     1     149.007     4.50726     4.51842
34     40     2     117.367     2.3684     4.44288
35     18     10     41.9133     3.43292     4.58342
36     11     10     54.6067     3.43612     3.32789
37     15     1     150.04     4.95236     4.35079
38     13     11     84.74     2.86167     3.06749
39     44     11     46.8133     2.44563     3.17156
40     20     5     70.64     2.84458     4.8954
41     36     5     152.753     2.86135     2.88514
42     8     3     93.8067     3.84704     2.83105
43     37     13     37     3.65125     4.74273
44     24     5     137.94     1.87278     4.51033
45     27     2     119.84     3.39404     4.14357
46     42     1     43.4067     1.9341     4.82719
47     46     8     120.553     4.10532     3.18438
48     15     2     40.32     2.20594     4.88968
49     39     8     155.753     1.73606     3.52008
50     28     8     50.5067     4.86808     3.78697
51     14     5     18.22     3.35826     4.5378
52     27     13     90.3     4.63373     3.1695
53     15     7     38.9133     4.53749     4.34332
54     8     13     102.247     3.96731     4.64187
55     41     15     146.5     3.89351     3.55968
56     28     11     151.787     2.48772     4.96735
57     38     5     133.653     2.34907     4.43892
58     14     4     112.467     2.5611     4.08589
59     22     11     158.447     4.56452     2.78527
60     13     8     119.907     3.07926     3.44432
61     43     11     51.44     1.5611     2.69211
62     15     15     26.2533     2.42694     4.63851
63     38     8     57.6933     4.53215     4.09055
64     29     4     38.8467     3.63619     3.36856
65     25     10     81.2667     3.83988     3.11045
66     20     14     77.6733     4.22794     3.70663
67     11     6     20.8467     3.70241     2.75475
68     29     4     131.687     2.24129     2.6767
69     15     14     117.687     3.06558     3.88569
70     22     9     147.193     4.45065     2.6474
71     45     3     173.007     3.16428     4.02318
72     32     9     74.2     1.76917     4.03699
73     23     3     111.62     3.26992     3.9568
74     39     3     57.2867     2.84202     3.33079
75     37     1     138.28     2.12647     4.66918
76     45     5     144.873     3.32408     3.91163
77     34     10     49.4733     1.57317     4.57244
78     15     14     92.3667     2.84768     4.70191
79     37     1     157.973     1.85548     4.55702
80     46     13     64.2867     3.17678     4.11924
81     17     8     32.4733     2.62241     3.35299
82     47     1     158.127     1.54871     4.34347
83     30     8     104.553     2.6129     3.20421
84     11     11     41.9467     3.70327     3.39724
85     46     8     179.633     1.5282     3.35391
86     32     1     75.6067     4.09955     2.53838
87     24     1     159.04     4.09293     3.84434
88     46     5     140.247     3.32076     3.96489
89     24     3     70.42     1.80261     4.62745
90     20     4     108.62     3.16535     3.83251
91     36     1     59.9133     2.35975     4.98909
92     16     2     75.08     3.92662     3.08496
93     17     9     118.28     1.79652     3.28517
94     18     1     144.6     3.85943     3.59653
95     36     5     152.753     4.28552     4.49087
96     34     4     125.433     4.33476     4.62699
97     34     12     59.32     2.13736     3.06124
98     13     5     56.6067     3.18105     4.58907
99     8     15     99.4333     3.48718     3.60569
100     12     9     121.72     4.21384     3.12906
101     35     9     63.1333     2.66631     4.37407
102     45     6     94.2333     4.45247     3.51894
103     42     6     167.193     1.76426     3.55525
104     24     15     130.907     4.52425     2.86126
105     47     9     180.633     2.87577     3.38908
106     19     9     20.4067     3.75668     2.60743
107     42     11     67.32     2.53674     4.5896
108     39     14     159.973     4.45631     4.38726
109     46     1     86.7933     2.34725     3.58158
110     17     2     71.86     4.37535     3.65146
111     10     6     114.093     4.2821     2.54944
112     18     10     72.86     1.8667     3.62712
113     17     3     132.347     4.68863     4.79865
114     47     8     149.687     3.22538     4.5851
115     18     7     150.227     4.47266     2.92901
116     17     9     40.9133     4.21737     3.42006
117     17     4     133.753     3.97127     4.822
118     37     13     53.88     1.79705     3.54297
119     20     13     94.5533     3.51346     4.93835
120     22     3     47.32     4.51154     2.58652
121     30     11     94.7067     2.66823     3.43043
122     30     7     82.0467     3.09165     2.92238
123     24     10     101.367     1.67998     3.06558
124     9     9     48.3867     2.73232     4.9913
125     11     5     60.2333     1.59165     3.96252
126     19     7     104.807     1.55832     3.44569
127     39     7     43.22     3.05512     3.64002
128     44     6     44     2.77964     3.60508
129     40     7     61.1     3.82952     4.87861
130     11     15     48.98     4.53236     3.22306
131     35     11     96.8933     1.96667     3.89393
132     16     13     136.973     2.40814     4.56793
133     37     14     148.127     4.68415     3.82366
134     17     12     101.4     4.67186     4.31478
135     13     6     36.9133     4.42544     3.52573
136     46     10     65.6933     4.16439     3.75111
137     29     8     157.007     2.60874     4.18996
138     29     7     99.3334     4.89586     4.29388
139     44     14     74.9467     4.06195     3.76186
140     30     11     32.8133     1.82408     3.31996
141     39     5     110.74     3.1458     4.17898
142     8     12     86.7734     4.82173     2.80854
143     28     3     164.447     3.56462     3.91972
144     26     3     96.3334     1.83038     3.29623
145     45     10     171.6     1.86402     3.36459
146     35     14     137.687     4.70263     3.14463
147     19     5     114.653     4.61696     2.97014
148     11     6     67.2667     2.73072     3.12059
149     17     3     98.5867     2.29609     4.2552
150     24     2     78.86     2.36456     3.78842
