1     21     31     135.6     1.66642     2.96258
2     11     25     182.9     2.73841     3.74149
3     27     16     141.6     3.71117     4.04401
4     40     17     211.9     4.39062     4.4528
5     10     21     220.1     2.28669     3.84968
6     34     25     282.3     1.53493     3.11098
7     47     29     371.7     2.27302     3.18278
8     24     19     279.94     2.9593     2.92657
9     19     22     145.06     4.36509     3.37642
10     14     26     258.48     2.22634     3.79727
11     12     26     390.18     2.78957     3.68633
12     10     22     193.36     2.73435     3.60691
13     34     15     274.66     2.70957     3.99609
14     15     32     259.48     2.96539     4.83688
15     43     35     268.38     4.81639     2.83456
16     14     16     71.3     4.92064     3.98984
17     16     27     35.1     2.6081     3.20612
18     8     31     325.06     3.74354     3.82595
19     13     29     368.26     2.8574     3.73287
20     45     31     293.3     4.03055     3.4122
21     45     30     132.86     2.76522     2.61017
22     9     23     28.1     3.32878     3.48292
23     28     18     241.92     4.30261     4.37414
24     33     23     357.7     2.32183     4.6144
25     35     28     306.22     2.74012     4.48119
26     35     17     176.34     3.20295     3.21055
27     8     17     107.32     1.86477     4.20141
28     11     20     274.58     3.23489     2.80236
29     19     27     252.02     3.38411     3.32301
30     30     20     343.24     4.49915     3.15874
31     42     35     244.46     2.01784     3.17049
32     27     20     61.38     4.83006     4.71061
33     29     34     32.82     3.77772     4.93408
34     21     18     238.74     4.93933     3.287
35     27     34     88.12     4.43367     3.31256
36     26     22     385.08     3.72538     2.66427
37     11     22     259.3     1.66855     2.96869
38     47     17     238     2.77195     4.92698
39     12     19     367.26     2.41989     2.79618
40     34     26     114.22     2.53386     3.64193
41     46     20     244.64     4.40899     3.00043
42     23     22     34.46     4.20946     4.84466
43     39     20     260.56     4.35772     4.99046
44     36     17     177.34     3.30154     3.33789
45     47     19     344.96     4.89308     4.08437
46     12     35     176.26     2.86531     4.30326
47     20     23     314.14     2.63865     2.52678
48     47     26     58.46     4.44403     2.72477
49     14     16     323.42     2.99434     2.81915
50     33     27     285.12     4.69205     3.12555
51     12     17     73.12     2.10276     3.86212
52     47     20     352.6     4.685     4.61631
53     37     24     308.22     2.50363     4.91043
54     29     21     242.92     3.91839     3.75652
55     40     34     135.5     2.97575     4.84085
56     18     32     79.12     3.49284     2.72897
57     13     30     77.94     4.56601     4.23223
58     26     24     243.74     4.48729     2.8254
59     41     32     155.6     4.80645     2.75773
60     19     17     83.94     1.51901     3.24564
61     14     29     269.94     4.61846     4.39032
62     9     23     70.12     2.99274     2.70875
63     17     16     93.4     3.40451     2.92009
64     43     30     96.48     4.53493     3.87722
65     42     15     259.74     3.32771     2.78443
66     44     28     284.66     3.11771     3.09267
67     32     32     406.36     1.77793     2.71058
68     10     34     227.74     2.86926     2.92535
69     26     23     155.88     3.52724     4.67078
70     34     34     240.28     2.07157     2.5351
71     15     17     274.76     3.5705     3.14951
72     42     15     297.94     3.34629     3.34529
73     39     26     306.4     3.65542     4.72427
74     13     21     261.3     1.52745     2.52892
75     15     22     263.3     2.99893     2.95724
76     27     32     111.04     1.7226     4.30792
77     41     30     411.54     1.69195     3.60134
78     30     19     408.18     4.56014     4.06392
79     10     20     258.3     2.79086     2.61696
80     38     35     125.86     4.12519     2.76238
81     18     25     209     2.59677     4.5027
82     38     21     251.92     2.08278     4.1892
83     47     30     348.78     4.12241     3.43722
84     29     32     311.68     2.98825     4.99893
85     27     16     290.58     4.74632     4.7351
86     46     19     359.24     4.78541     2.5763
87     17     26     158.34     3.5549     4.11382
88     16     23     161.16     1.99156     3.21062
89     44     28     338.14     3.87161     4.77439
90     47     21     92.84     1.57146     3.08122
91     24     27     253.2     3.9734     4.79316
92     25     17     395.54     2.49712     4.55695
93     39     21     210.9     3.99562     4.8278
94     18     34     105.86     1.99615     2.80694
95     29     17     330.78     4.5235     3.63414
96     32     17     352.88     3.9874     2.72523
97     13     27     246.02     3.87118     3.89668
98     47     16     176.88     1.70338     3.66619
99     26     35     358.34     4.54903     3.37092
100     23     17     110.86     4.50203     4.49393
101     22     30     235.92     4.41754     3.83869
102     9     26     192.36     3.86338     3.94353
103     47     32     123.4     4.02948     2.87538
104     38     34     324.5     4.57627     3.79467
105     12     16     374.9     2.15883     3.43043
106     24     23     203.54     2.11023     4.85824
107     12     34     96.04     4.01784     3.71952
108     46     24     168.24     4.17763     3.27486
109     16     27     245.2     3.66118     4.93004
110     37     23     323.5     1.9796     4.62661
111     12     15     313.78     3.57776     4.23811
112     18     31     37.1     3.14377     3.36039
113     27     24     378.44     4.96999     3.13936
114     16     28     149.7     3.84576     2.52457
115     40     20     253.92     3.72089     3.59096
116     32     19     310.86     1.62027     3.81779
117     29     24     109.22     2.54775     4.46699
118     28     19     253.38     3.35943     2.95015
119     15     21     240.38     4.3448     3.32583
120     11     34     343.34     3.99765     2.81709
121     16     22     386.54     4.2116     3.49033
122     24     23     264.66     2.38517     4.48584
123     28     29     387.08     4.67048     3.94047
124     19     30     271.12     1.84875     3.49399
125     13     16     360.62     1.57039     4.51827
126     47     24     299.12     2.43912     3.96123
127     39     21     264.38     3.67934     3.94543
128     18     20     121.14     2.36702     3.01256
129     20     29     321.78     1.96272     3.15348
130     32     19     410.18     1.62604     3.01538
131     17     31     104.86     4.05116     3.92636
132     32     31     391.08     4.30325     4.12778
133     23     15     68.84     4.39404     2.85531
134     14     18     59.84     2.07712     4.65979
135     35     26     161.06     2.10147     3.10671
136     47     31     119.58     1.90333     4.24772
137     15     27     163.98     3.47415     4.00197
138     32     32     47.28     3.38752     4.84008
139     39     32     378.98     2.21918     3.41014
140     39     33     210.9     2.84587     4.4966
141     44     35     254.1     3.85527     2.95297
142     32     24     119.86     3.05351     3.99922
143     28     23     104.4     3.30378     3.52275
144     42     21     313.22     4.17956     3.77659
145     40     26     127.86     3.16866     3.61202
146     24     29     310.5     3.9106     3.63964
147     29     26     109.22     2.70284     2.95625
148     32     24     379.62     3.26073     2.8309
149     20     27     214.82     2.96283     3.98907
150     23     15     290.4     4.07028     2.88583
