1     27     16     571.68     2.68287     3.91583
2     37     33     461.53     1.90493     4.10115
3     45     30     597.69     3.49466     3.4341
4     16     17     64.06     2.92491     4.60456
5     24     26     328.38     4.01442     4.07994
6     13     16     581.71     1.51901     4.71946
7     19     15     779.95     4.39254     3.74416
8     28     16     524.62     3.57221     4.5793
9     23     17     639.77     3.40066     4.83451
10     40     25     808.96     3.04283     3.93696
11     19     21     203.23     1.50769     2.6838
12     11     21     395.48     3.63288     3.22916
13     24     35     448.53     2.64388     4.27084
14     25     20     249.28     4.14473     4.95354
15     21     34     181.2     4.15157     4.75311
16     24     32     472.56     3.5267     2.85791
17     20     24     140.15     2.92427     4.3131
18     22     27     798.97     4.60521     3.94261
19     11     17     219.26     3.73232     2.81602
20     43     34     699.82     2.50438     3.27433
21     37     17     437.5     1.73724     4.78103
22     11     26     299.36     3.25433     4.11382
23     14     34     158.18     2.19237     4.66369
24     13     27     429.52     2.58513     3.35452
25     27     33     795.96     3.83166     4.95231
26     15     20     287.34     1.90996     4.77538
27     23     21     295.34     1.94574     4.57602
28     47     27     743.87     1.99434     2.60445
29     47     25     271.28     4.14623     2.62513
30     43     32     155.14     2.31446     2.89666
31     47     30     671.78     2.81574     4.88502
32     10     27     426.52     2.60094     2.72256
33     42     26     82.05     2.2477     3.18094
34     41     34     201.2     3.07253     4.67078
35     39     31     559.65     2.47212     2.53693
36     16     19     56.05     3.35484     4.16211
37     46     15     558.64     2.76875     3.64628
38     42     29     786.93     3.58866     4.57678
39     23     26     567.68     3.86905     3.1547
40     40     18     296.32     4.22442     2.69364
41     28     32     588.7     1.84426     4.25603
42     30     28     782.94     4.5047     4.44243
43     26     26     242.27     1.68223     2.60041
44     28     26     668.8     3.13427     3.46774
45     35     34     195.2     1.5502     2.51534
46     23     27     391.46     4.63736     2.50656
47     47     32     695.81     3.74674     3.53824
48     14     22     382.46     3.40248     2.57736
49     30     30     94.08     3.33999     4.76264
50     21     29     789.96     4.91551     4.98199
51     8     29     96.11     3.49413     4.49614
52     29     27     805.97     3.67838     3.62026
53     37     16     677.8     4.9828     2.73148
54     10     25     490.6     1.81777     2.61704
55     37     17     741.88     4.89019     3.92926
56     20     28     500.6     1.87941     4.2616
57     18     28     178.2     4.50032     2.61383
58     31     28     487.57     1.8104     4.75936
59     33     27     633.75     1.87236     4.28175
60     11     16     75.08     2.62946     2.79649
61     21     18     525.63     4.10511     4.12198
62     20     27     684.83     4.28423     3.41708
63     43     32     299.32     3.28744     3.54961
64     34     32     754.9     3.69601     4.71236
65     15     15     351.42     3.63758     4.55123
66     42     30     282.3     1.99231     4.82246
67     30     16     510.6     1.82867     4.34309
68     20     29     324.38     3.42715     4.25138
69     17     29     265.31     4.50331     2.84227
70     36     34     820.98     2.48772     3.49361
71     9     19     705.87     2.47362     2.94923
72     33     18     177.18     4.69002     3.47346
73     21     30     725.88     3.11098     3.64399
74     16     34     592.72     4.06067     3.79742
75     29     32     309.35     1.92138     3.39419
76     42     17     810.96     4.80741     3.81817
77     35     35     723.86     1.80976     3.87577
78     42     21     786.93     3.17614     4.01189
79     29     23     373.43     3.03055     4.00616
80     8     20     720.89     2.99594     2.66739
81     45     25     197.19     2.32675     4.28991
82     25     24     329.38     1.91166     2.88842
83     9     16     49.05     4.75614     3.97725
84     12     19     348.42     4.30335     4.90806
85     27     20     75.06     2.70434     3.53427
86     30     15     766.92     4.89436     3.71509
87     25     23     633.76     2.58705     4.92653
88     32     20     776.93     2.54561     4.49431
89     46     19     542.62     4.73798     4.71465
90     12     27     364.44     2.23862     3.37794
91     15     16     111.12     2.98473     4.96239
92     43     33     787.93     1.74493     3.51039
93     47     19     87.05     3.91337     4.45738
94     17     22     633.77     4.98398     3.92476
95     36     26     636.75     2.81895     2.74468
96     39     18     111.09     2.56719     3.73272
97     8     30     480.59     3.84437     4.47195
98     17     29     505.61     3.53172     4.12641
99     41     33     73.04     3.80656     4.0479
100     22     22     358.42     2.75913     3.19269
101     17     31     441.53     2.7101     3.11312
102     43     15     507.58     3.08353     3.5403
103     39     21     247.26     2.44841     3.32308
104     39     17     223.23     4.5862     2.73911
105     36     30     668.79     4.19269     4.44388
106     16     35     576.7     3.07787     4.07231
107     46     25     230.23     4.46753     2.7604
108     45     28     757.89     4.7696     2.60063
109     33     35     273.3     3.91476     4.79751
110     18     20     634.77     4.6285     4.03951
111     41     22     561.65     4.24525     3.8522
112     32     33     752.9     1.92438     3.94826
113     17     25     513.62     3.87674     4.34042
114     18     31     90.09     3.96101     4.73251
115     39     24     335.37     2.76031     3.95459
116     32     18     504.59     3.99669     2.95793
117     29     24     317.36     2.39436     3.63453
118     16     15     544.66     3.35121     4.47806
119     42     31     802.95     4.52553     2.85073
120     40     34     400.45     4.20103     4.87297
121     31     21     167.17     1.53674     2.69982
122     14     24     486.59     4.56185     2.70165
123     11     25     435.53     4.02499     4.31303
124     32     31     184.19     2.45802     3.0665
125     47     19     671.78     4.06313     2.57668
126     36     16     748.89     2.28071     3.98991
127     42     23     738.87     3.65232     2.66549
128     25     27     233.26     2.33198     3.10411
129     15     18     543.66     3.36039     4.38849
130     36     28     372.42     2.05789     4.653
131     10     28     570.7     3.64783     4.34667
132     36     20     236.25     4.46806     4.30631
133     30     26     806.97     4.88144     3.40419
134     46     22     662.77     3.24322     4.28716
135     34     33     794.95     2.53578     4.4715
136     34     33     346.39     3.53001     3.81085
137     23     32     759.92     2.08171     3.10076
138     45     29     365.4     2.92373     4.83741
139     12     19     740.91     4.56249     3.39442
140     45     15     765.9     2.63779     3.13547
141     43     19     691.81     4.8573     4.22567
142     23     25     615.74     3.36157     4.65987
143     41     31     425.48     2.63288     3.27166
144     28     29     644.77     3.30485     4.74036
145     18     16     378.45     4.98206     3.85937
146     23     27     135.14     1.93068     2.58415
147     18     34     458.55     3.2492     4.62355
148     25     34     225.25     2.37545     3.59035
149     45     32     477.54     4.54518     4.47775
150     38     34     774.92     2.05544     4.47638
