1     14     1     122.46     2.72773     3.45195
2     41     11     60.14     2.81585     3.18369
3     36     28     527.26     2.10906     4.13503
4     13     24     580.82     2.92758     2.95656
5     34     22     582.68     3.90622     3.98114
6     27     27     601.2     3.65563     4.19126
7     17     7     297.72     1.55875     4.32386
8     15     8     168.12     4.56366     4.62897
9     16     38     571.06     1.57872     2.54669
10     34     7     72.28     1.83401     3.31965
11     33     11     96.8     4.31436     3.30432
12     14     26     569.06     1.62487     4.49934
13     41     5     647.1     4.40066     2.55486
14     21     19     627.1     4.11483     4.27908
15     11     13     412.94     3.89938     4.4068
16     18     28     247.68     3.73563     2.64733
17     14     9     645.62     3.1238     3.27593
18     22     29     283.58     2.09207     3.2844
19     11     26     132.22     4.15339     3.85723
20     21     34     454.84     2.06975     3.689
21     39     38     236.78     2.53429     3.90713
22     39     10     109.18     4.12914     3.118
23     31     39     107.56     2.16855     4.83978
24     23     17     105.94     4.78883     3.33865
25     23     34     373.9     4.39009     2.63482
26     31     22     477.6     4.29492     4.6923
27     26     1     102.56     2.72773     4.05873
28     42     22     520.5     2.47874     4.972
29     29     10     609.58     4.35794     3.1972
30     33     32     243.54     3.80197     3.61164
31     44     37     114.18     4.74161     3.30165
32     31     39     37.38     3.58823     3.68824
33     27     18     403.42     2.95151     3.94673
34     21     19     33.76     4.44414     4.23582
35     46     8     116.18     1.68586     3.50154
36     38     31     254.92     3.36552     2.87278
37     18     23     260.44     2.46881     4.41252
38     43     21     349.24     2.03354     3.74149
39     34     23     225.4     3.03984     3.7994
40     17     14     163.74     1.79609     3.25968
41     11     23     393.8     3.9294     4.36315
42     22     26     296.34     4.3386     3.68557
43     16     8     111.7     3.22282     3.10671
44     16     22     290.34     4.04048     4.49416
45     47     31     180.98     4.01164     2.86859
46     14     9     581.82     3.52104     4.0672
47     17     30     284.96     3.03215     4.16814
48     45     22     287.44     3.37129     4.19485
49     46     27     403.28     2.49124     4.86366
50     12     29     305.48     4.57392     4.89044
51     47     15     563.78     3.08054     2.62345
52     40     34     639.72     2.61087     4.51682
53     10     24     316.24     2.67753     2.7092
54     41     28     53.76     4.75849     2.72652
55     42     16     597.06     4.23392     3.57097
56     11     15     55.66     4.06932     3.71349
57     44     36     229.02     4.85206     2.7559
58     47     10     334.1     4.54251     4.77714
59     19     14     63.66     4.54828     3.12906
60     31     10     62.9     2.98099     2.69967
61     29     20     169.36     3.20476     4.40611
62     13     14     236.3     4.53674     2.93558
63     28     30     181.12     3.20765     4.99939
64     12     25     598.96     1.94285     4.11359
65     38     12     280.44     3.77313     4.17608
66     21     3     257.06     2.43356     2.85073
67     29     13     105.56     4.46165     4.52887
68     44     24     292.82     4.35174     3.87982
69     16     17     609.34     3.87834     4.75913
70     25     15     178.12     3.9436     2.98837
71     23     33     361.14     4.06249     2.77261
72     39     12     466.46     4.34159     2.77123
73     35     9     117.94     3.06323     4.08788
74     32     7     293.58     2.2335     3.69442
75     44     21     292.82     3.70327     3.05635
76     31     11     477.6     4.72121     2.97227
77     9     33     187.64     3.53001     4.3965
78     29     23     60.9     2.8637     3.75706
79     20     23     166.74     4.4546     2.53845
80     29     24     124.7     3.41156     4.6408
81     35     37     54.14     3.57755     3.78346
82     31     29     426.56     3.22549     4.46944
83     24     36     425.94     3.70284     3.77323
84     41     2     149.46     4.384     4.97055
85     26     19     657.62     1.53877     2.77413
86     33     23     218.02     3.47864     3.69198
87     42     18     546.02     2.58695     3.77262
88     20     30     224.16     4.09635     4.7544
89     23     15     42.14     3.21833     3.38313
90     35     39     373.14     3.48921     4.91516
91     26     12     587.44     2.93677     3.06925
92     9     23     21.76     2.43185     4.94591
93     10     6     354.52     4.83027     3.1766
94     38     21     242.16     3.26661     3.8216
95     9     40     206.78     4.20957     4.77882
96     39     12     536.64     3.13576     3.22253
97     14     31     594.58     3.93474     4.33531
98     19     28     223.16     3.40152     4.84901
99     25     19     286.58     3.92833     3.6623
100     23     25     539.78     3.75336     3.04788
101     34     20     327.48     3.37684     2.71622
102     19     10     280.58     2.00299     2.75239
103     18     27     171.12     1.61899     2.68899
104     27     3     288.58     3.06697     2.73392
105     24     29     489.74     4.72271     4.41633
106     23     20     54.9     2.1363     4.16669
107     37     35     419.8     2.74781     4.59845
108     43     40     189.74     1.53397     4.50415
109     17     4     265.82     1.69793     4.83367
110     40     7     250.54     1.75999     4.16913
111     44     17     675.62     1.65894     3.46332
112     26     28     128.08     1.72378     3.55533
113     37     8     158.22     1.62497     2.7308
114     39     39     281.44     4.66407     2.84188
115     39     35     377.14     3.01218     3.75179
116     30     12     30     1.75593     4.62058
117     47     6     633.96     4.86018     4.29739
118     22     34     264.44     3.40664     4.33462
119     23     28     354.76     4.72004     4.39001
120     43     30     183.36     2.73702     3.53145
121     38     19     465.46     1.73136     4.71175
122     44     21     496.98     4.2523     3.42662
123     22     27     500.5     1.88539     2.82456
124     15     37     404.18     2.19846     3.78094
125     28     10     219.4     4.47629     4.70428
126     36     29     342.24     3.10874     4.58983
127     44     3     209.88     4.73948     4.08528
128     46     24     498.98     1.53418     3.08535
129     10     35     290.72     2.17849     4.61966
130     45     23     198.12     3.46518     3.55083
131     26     11     313.1     4.0784     4.84733
132     23     11     67.66     2.93762     4.94736
133     9     24     506.64     3.20647     3.47926
134     18     31     394.42     2.82899     3.85372
135     18     6     400.8     3.20156     4.99374
136     27     20     620.34     2.83978     2.71805
137     18     25     222.16     4.14986     3.04376
138     35     27     596.44     3.66396     3.42257
139     20     34     294.34     4.34875     4.17837
140     21     23     218.78     2.84629     3.66001
141     45     1     389.52     4.25774     4.37551
142     33     39     205.26     3.32717     3.62362
143     9     5     627.86     2.13747     3.38786
144     19     25     95.56     3.17518     3.0089
145     21     29     556.92     2.37567     4.40115
146     45     10     261.92     1.50684     3.32812
147     18     34     598.58     1.50096     4.00449
148     33     23     103.18     3.09432     3.03705
149     17     11     297.72     4.38379     4.97406
150     32     15     663.62     4.15979     2.97472
